>BT8; Created QKowari;
>grid: 
>backgr: 
-2.0
0	4.3	1141.2913
0	9.3	1007.1736
0	14.3	874.4583
0	19.3	786.775
0	24.3	694.4433
0	29.3	576.6043
0	34.3	577.7154
0	39.3	636.0968
0	44.3	571.5546
0	49.3	583.3658
0	54.3	555.4116
0	59.3	496.8695
0	64.3	462.8857
0	69.3	372.8637
0	74.3	375.7507
0	79.3	339.5984
0	84.3	262.4398
0	89.3	259.8248
0	94.3	255.5138
0	99.3	292.0284
0	104.3	336.8704
0	109.3	299.808
0	114.3	304.1414
0	119.3	409.3075
0	124.3	491.6658
0	129.3	535.3684
0	134.3	539.0969
0	139.3	574.1212
0	144.3	620.3858
0	149.3	659.8828
0	154.3	722.4054
0	159.3	892.439
0	164.3	946.8034
0	169.3	1155.4011
0	174.3	1183.3873
0	179.3	1205.2079
0	184.3	1083.7902
0	189.3	1086.2705
0	194.3	983.1315
0	199.3	817.0967
0	204.3	716.2991
0	209.3	642.3336
0	214.3	629.7311
0	219.3	677.1088
0	224.3	682.3779
0	229.3	650.1397
0	234.3	639.738
0	239.3	648.3513
0	244.3	582.5679
0	249.3	523.6163
0	254.3	424.0439
0	259.3	430.7577
0	264.3	346.0535
0	269.3	419.7875
0	274.3	380.6378
0	279.3	326.0497
0	284.3	384.347
0	289.3	457.5843
0	294.3	517.2949
0	299.3	549.9085
0	304.3	663.5039
0	309.3	695.8437
0	314.3	732.0024
0	319.3	712.2822
0	324.3	744.1432
0	329.3	743.8276
0	334.3	847.8316
0	339.3	881.7383
0	344.3	1030.751
0	349.3	1097.4797
0	354.3	1216.68
0	359.3	1112.7598
4.626	4.47	1086.7831
4.626	9.47	1074.4298
4.626	14.47	913.6166
4.626	19.47	806.7293
4.626	24.47	710.1876
4.626	29.47	664.7476
4.626	34.47	688.03
4.626	39.47	601.7153
4.626	44.47	632.3038
4.626	49.47	783.8353
4.626	54.47	640.6185
4.626	59.47	557.6563
4.626	64.47	576.7475
4.626	69.47	524.9281
4.626	74.47	409.9642
4.626	79.47	385.5393
4.626	84.47	344.5578
4.626	89.47	290.7874
4.626	94.47	358.7528
4.626	99.47	337.5632
4.626	104.47	401.1832
4.626	109.47	428.5966
4.626	114.47	512.0928
4.626	119.47	552.0067
4.626	124.47	632.9302
4.626	129.47	728.9603
4.626	134.47	672.5396
4.626	139.47	661.858
4.626	144.47	643.7866
4.626	149.47	696.305
4.626	154.47	769.0219
4.626	159.47	842.9487
4.626	164.47	958.5377
4.626	169.47	1138.1627
4.626	174.47	1209.8264
4.626	179.47	1124.8971
4.626	184.47	1126.3553
4.626	189.47	978.308
4.626	194.47	920.1085
4.626	199.47	825.1637
4.626	204.47	684.9616
4.626	209.47	667.9467
4.626	214.47	607.834
4.626	219.47	686.9504
4.626	224.47	641.7041
4.626	229.47	649.9356
4.626	234.47	751.089
4.626	239.47	693.2854
4.626	244.47	641.4855
4.626	249.47	582.4392
4.626	254.47	533.6146
4.626	259.47	465.1835
4.626	264.47	446.7697
4.626	269.47	429.0584
4.626	274.47	426.3683
4.626	279.47	492.3744
4.626	284.47	509.0488
4.626	289.47	541.3655
4.626	294.47	649.9533
4.626	299.47	637.1956
4.626	304.47	784.2341
4.626	309.47	782.1876
4.626	314.47	807.8147
4.626	319.47	776.0436
4.626	324.47	669.9746
4.626	329.47	776.1633
4.626	334.47	818.7484
4.626	339.47	817.804
4.626	344.47	1043.1142
4.626	349.47	1094.9243
4.626	354.47	1169.2408
4.626	359.47	1230.7326
7.374	4.467	1124.0938
7.374	9.467	1101.43945
7.374	14.467	925.5462
7.374	19.467	832.5523
7.374	24.467	734.8666
7.374	29.467	644.07325
7.374	34.467	627.4249
7.374	39.467	627.8682
7.374	44.467	662.21285
7.374	49.467	647.5768
7.374	54.467	646.3938
7.374	59.467	607.5666
7.374	64.467	580.60215
7.374	69.467	459.8721
7.374	74.467	454.5263
7.374	79.467	453.19285
7.374	84.467	391.78845
7.374	89.467	353.10605
7.374	94.467	385.32985
7.374	99.467	380.03635
7.374	104.467	490.97595
7.374	109.467	460.4701
7.374	114.467	561.733
7.374	119.467	640.6413
7.374	124.467	647.4235
7.374	129.467	738.2453
7.374	134.467	737.3637
7.374	139.467	676.15085
7.374	144.467	703.99635
7.374	149.467	733.1924
7.374	154.467	792.99895
7.374	159.467	877.35175
7.374	164.467	1037.58495
7.374	169.467	1125.7195
7.374	174.467	1199.78395
7.374	179.467	1191.70565
7.374	184.467	1189.372
7.374	189.467	1062.78045
7.374	194.467	953.0158
7.374	199.467	811.44885
7.374	204.467	741.55265
7.374	209.467	678.07425
7.374	214.467	642.3229
7.374	219.467	618.6487
7.374	224.467	651.5375
7.374	229.467	639.5617
7.374	234.467	638.75235
7.374	239.467	619.1343
7.374	244.467	555.70455
7.374	249.467	486.3298
7.374	254.467	456.4813
7.374	259.467	391.9732
7.374	264.467	344.7373
7.374	269.467	302.3763
7.374	274.467	348.39805
7.374	279.467	360.4231
7.374	284.467	440.5225
7.374	289.467	436.9438
7.374	294.467	488.1696
7.374	299.467	574.57545
7.374	304.467	661.0229
7.374	309.467	621.55835
7.374	314.467	698.326
7.374	319.467	653.313
7.374	324.467	652.9128
7.374	329.467	699.514
7.374	334.467	813.96115
7.374	339.467	851.9998
7.374	344.467	1016.6167
7.374	349.467	1087.9197
7.374	354.467	1147.53555
7.374	359.467	1174.9418
11.999	4.284	1234.1278
11.999	9.284	1073.0013
11.999	14.284	1057.2385
11.999	19.284	844.393
11.999	24.284	770.2844
11.999	29.284	714.3026
11.999	34.284	678.9987
11.999	39.284	723.9017
11.999	44.284	725.143
11.999	49.284	706.9741
11.999	54.284	741.5519
11.999	59.284	663.8918
11.999	64.284	618.3013
11.999	69.284	573.1847
11.999	74.284	453.0274
11.999	79.284	432.9431
11.999	84.284	351.6286
11.999	89.284	340.712
11.999	94.284	349.6825
11.999	99.284	385.8841
11.999	104.284	375.6458
11.999	109.284	392.8312
11.999	114.284	508.3079
11.999	119.284	526.9033
11.999	124.284	711.172
11.999	129.284	716.4071
11.999	134.284	695.955
11.999	139.284	714.5426
11.999	144.284	747.6815
11.999	149.284	781.0953
11.999	154.284	783.8054
11.999	159.284	998.4937
11.999	164.284	1040.1075
11.999	169.284	1170.2079
11.999	174.284	1202.1895
11.999	179.284	1294.6771
11.999	184.284	1175.5372
11.999	189.284	1144.6655
11.999	194.284	1089.2818
11.999	199.284	881.0987
11.999	204.284	760.3318
11.999	209.284	738.0851
11.999	214.284	671.055
11.999	219.284	777.4956
11.999	224.284	747.6114
11.999	229.284	856.1216
11.999	234.284	784.0335
11.999	239.284	725.7198
11.999	244.284	696.082
11.999	249.284	603.9728
11.999	254.284	509.705
11.999	259.284	520.3971
11.999	264.284	444.9734
11.999	269.284	372.7249
11.999	274.284	457.6343
11.999	279.284	494.8411
11.999	284.284	511.1921
11.999	289.284	515.4769
11.999	294.284	627.0837
11.999	299.284	710.2188
11.999	304.284	754.3204
11.999	309.284	846.9507
11.999	314.284	732.6234
11.999	319.284	735.5363
11.999	324.284	747.1101
11.999	329.284	797.5881
11.999	334.284	825.374
11.999	339.284	998.4092
11.999	344.284	1082.1895
11.999	349.284	1184.3217
11.999	354.284	1218.1677
11.999	359.284	1260.1533
16.625	4.449	1134.3668
16.625	9.449	1143.5135
16.625	14.449	943.5157
16.625	19.449	948.171
16.625	24.449	812.6684
16.625	29.449	753.2489
16.625	34.449	804.8687
16.625	39.449	679.0378
16.625	44.449	809.0964
16.625	49.449	809.952
16.625	54.449	800.1563
16.625	59.449	809.969
16.625	64.449	740.3899
16.625	69.449	628.2663
16.625	74.449	517.8514
16.625	79.449	488.9587
16.625	84.449	492.8441
16.625	89.449	460.8987
16.625	94.449	450.4029
16.625	99.449	438.6602
16.625	104.449	561.727
16.625	109.449	525.7172
16.625	114.449	558.4596
16.625	119.449	833.5763
16.625	124.449	813.8961
16.625	129.449	865.8334
16.625	134.449	858.9417
16.625	139.449	819.9155
16.625	144.449	805.8377
16.625	149.449	784.161
16.625	154.449	852.8896
16.625	159.449	987.7696
16.625	164.449	1187.6473
16.625	169.449	1208.8355
16.625	174.449	1231.6604
16.625	179.449	1345.1028
16.625	184.449	1199.7703
16.625	189.449	1131.0417
16.625	194.449	1006.3002
16.625	199.449	891.1201
16.625	204.449	777.8228
16.625	209.449	688.3085
16.625	214.449	785.453
16.625	219.449	773.1642
16.625	224.449	832.6979
16.625	229.449	899.9803
16.625	234.449	883.1835
16.625	239.449	846.07
16.625	244.449	787.2664
16.625	249.449	698.0181
16.625	254.449	620.4503
16.625	259.449	554.0225
16.625	264.449	558.012
16.625	269.449	472.0512
16.625	274.449	512.3848
16.625	279.449	538.656
16.625	284.449	614.2329
16.625	289.449	775.6514
16.625	294.449	787.2474
16.625	299.449	832.6209
16.625	304.449	982.7033
16.625	309.449	885.8892
16.625	314.449	912.1432
16.625	319.449	827.7366
16.625	324.449	834.1389
16.625	329.449	835.6732
16.625	334.449	883.0623
16.625	339.449	995.5686
16.625	344.449	1150.824
16.625	349.449	1137.3516
16.625	354.449	1179.918
16.625	359.449	1291.8189
19.373	4.44	1329.2037
19.373	9.44	1206.6002
19.373	14.44	1122.4418
19.373	19.44	987.2715
19.373	24.44	813.1949
19.373	29.44	783.6581
19.373	34.44	743.655
19.373	39.44	829.8518
19.373	44.44	770.459
19.373	49.44	857.0781
19.373	54.44	951.239
19.373	59.44	888.5829
19.373	64.44	775.6252
19.373	69.44	658.7283
19.373	74.44	590.4735
19.373	79.44	497.667
19.373	84.44	490.2374
19.373	89.44	436.2768
19.373	94.44	480.93
19.373	99.44	456.0382
19.373	104.44	573.0685
19.373	109.44	682.7843
19.373	114.44	827.34
19.373	119.44	775.6205
19.373	124.44	915.4717
19.373	129.44	899.9475
19.373	134.44	893.8372
19.373	139.44	865.0954
19.373	144.44	790.0254
19.373	149.44	882.9424
19.373	154.44	915.8496
19.373	159.44	1051.3287
19.373	164.44	1186.5251
19.373	169.44	1243.0543
19.373	174.44	1320.9399
19.373	179.44	1326.1135
19.373	184.44	1233.0128
19.373	189.44	1238.9547
19.373	194.44	1136.4747
19.373	199.44	1008.6869
19.373	204.44	893.8972
19.373	209.44	748.0953
19.373	214.44	837.6902
19.373	219.44	878.1908
19.373	224.44	880.1126
19.373	229.44	845.3304
19.373	234.44	875.666
19.373	239.44	883.0867
19.373	244.44	854.3854
19.373	249.44	745.734
19.373	254.44	705.773
19.373	259.44	689.4101
19.373	264.44	559.1381
19.373	269.44	513.0754
19.373	274.44	595.1473
19.373	279.44	653.4987
19.373	284.44	677.2707
19.373	289.44	714.455
19.373	294.44	820.9143
19.373	299.44	885.2969
19.373	304.44	919.0251
19.373	309.44	931.4883
19.373	314.44	888.2745
19.373	319.44	852.3605
19.373	324.44	844.0823
19.373	329.44	903.9954
19.373	334.44	945.4248
19.373	339.44	991.7101
19.373	344.44	1149.5549
19.373	349.44	1260.5716
19.373	354.44	1336.2169
19.373	359.44	1259.3882
23.998	4.234	1392.6272
23.998	9.234	1319.5166
23.998	14.234	1051.4992
23.998	19.234	1126.2579
23.998	24.234	963.5244
23.998	29.234	933.1078
23.998	34.234	905.7025
23.998	39.234	870.2548
23.998	44.234	885.7816
23.998	49.234	971.214
23.998	54.234	958.1244
23.998	59.234	1024.2437
23.998	64.234	899.469
23.998	69.234	725.9579
23.998	74.234	662.1947
23.998	79.234	637.2103
23.998	84.234	509.1933
23.998	89.234	526.2571
23.998	94.234	477.67
23.998	99.234	510.1728
23.998	104.234	574.3134
23.998	109.234	590.9252
23.998	114.234	619.8729
23.998	119.234	771.278
23.998	124.234	818.2588
23.998	129.234	841.7066
23.998	134.234	829.6028
23.998	139.234	864.3027
23.998	144.234	849.0104
23.998	149.234	891.881
23.998	154.234	952.7945
23.998	159.234	973.1741
23.998	164.234	1147.0764
23.998	169.234	1311.8836
23.998	174.234	1365.1704
23.998	179.234	1434.0485
23.998	184.234	1397.8143
23.998	189.234	1303.4116
23.998	194.234	1153.3864
23.998	199.234	980.9721
23.998	204.234	984.3561
23.998	209.234	919.3455
23.998	214.234	876.3527
23.998	219.234	913.2363
23.998	224.234	887.7169
23.998	229.234	953.2459
23.998	234.234	973.979
23.998	239.234	925.1727
23.998	244.234	890.4909
23.998	249.234	884.4225
23.998	254.234	752.7628
23.998	259.234	729.4309
23.998	264.234	570.6022
23.998	269.234	585.0614
23.998	274.234	578.2951
23.998	279.234	702.7237
23.998	284.234	708.1571
23.998	289.234	725.6263
23.998	294.234	828.7
23.998	299.234	880.1035
23.998	304.234	867.3197
23.998	309.234	949.6656
23.998	314.234	947.951
23.998	319.234	848.8335
23.998	324.234	853.206
23.998	329.234	894.7033
23.998	334.234	1036.4006
23.998	339.234	1165.4389
23.998	344.234	1250.0197
23.998	349.234	1292.1045
23.998	354.234	1399.0056
23.998	359.234	1375.4359
28.625	4.398	1396.3866
28.625	9.398	1253.1385
28.625	14.398	1189.2185
28.625	19.398	978.7114
28.625	24.398	942.6101
28.625	29.398	906.1562
28.625	34.398	880.9314
28.625	39.398	825.7219
28.625	44.398	917.6432
28.625	49.398	978.2706
28.625	54.398	1035.342
28.625	59.398	1059.5949
28.625	64.398	986.2309
28.625	69.398	929.3953
28.625	74.398	930.9049
28.625	79.398	766.2562
28.625	84.398	720.0008
28.625	89.398	656.8292
28.625	94.398	691.4917
28.625	99.398	756.9327
28.625	104.398	851.5192
28.625	109.398	771.0938
28.625	114.398	909.6262
28.625	119.398	1019.1932
28.625	124.398	1040.2806
28.625	129.398	988.2131
28.625	134.398	976.8203
28.625	139.398	912.7425
28.625	144.398	952.5869
28.625	149.398	985.1332
28.625	154.398	1057.004
28.625	159.398	1155.1937
28.625	164.398	1236.5693
28.625	169.398	1346.8011
28.625	174.398	1409.9493
28.625	179.398	1424.057
28.625	184.398	1405.3014
28.625	189.398	1349.7746
28.625	194.398	1143.324
28.625	199.398	1066.6915
28.625	204.398	1007.6089
28.625	209.398	889.7965
28.625	214.398	948.362
28.625	219.398	860.5786
28.625	224.398	959.8217
28.625	229.398	1010.6435
28.625	234.398	1044.7663
28.625	239.398	1033.4473
28.625	244.398	1056.4195
28.625	249.398	1076.4119
28.625	254.398	995.9852
28.625	259.398	910.1835
28.625	264.398	857.263
28.625	269.398	885.7225
28.625	274.398	907.6019
28.625	279.398	793.0287
28.625	284.398	976.5738
28.625	289.398	1035.3922
28.625	294.398	1075.4766
28.625	299.398	1126.2129
28.625	304.398	1177.0219
28.625	309.398	1062.0743
28.625	314.398	1077.2491
28.625	319.398	1079.2876
28.625	324.398	997.7332
28.625	329.398	1064.8008
28.625	334.398	1059.325
28.625	339.398	1123.2991
28.625	344.398	1257.8725
28.625	349.398	1344.1272
28.625	354.398	1384.8634
28.625	359.398	1356.4814
31.373	4.381	1387.8282
31.373	9.381	1391.8863
31.373	14.381	1341.7631
31.373	19.381	1148.9485
31.373	24.381	1058.9706
31.373	29.381	952.9978
31.373	34.381	1000.8174
31.373	39.381	999.3555
31.373	44.381	936.3919
31.373	49.381	994.0734
31.373	54.381	1085.7902
31.373	59.381	1113.427
31.373	64.381	1057.5533
31.373	69.381	916.3924
31.373	74.381	838.3249
31.373	79.381	863.3784
31.373	84.381	796.1826
31.373	89.381	821.4567
31.373	94.381	815.8302
31.373	99.381	826.7809
31.373	104.381	895.0141
31.373	109.381	911.7915
31.373	114.381	1069.8693
31.373	119.381	1010.9573
31.373	124.381	1097.1803
31.373	129.381	1040.0178
31.373	134.381	1015.5338
31.373	139.381	1025.1253
31.373	144.381	1031.433
31.373	149.381	1070.5705
31.373	154.381	1068.3531
31.373	159.381	1160.2445
31.373	164.381	1344.9938
31.373	169.381	1401.0658
31.373	174.381	1502.3439
31.373	179.381	1516.8317
31.373	184.381	1433.6859
31.373	189.381	1383.0276
31.373	194.381	1300.8013
31.373	199.381	1220.2086
31.373	204.381	1075.4482
31.373	209.381	953.5206
31.373	214.381	994.9425
31.373	219.381	1005.1832
31.373	224.381	1021.5325
31.373	229.381	1050.0351
31.373	234.381	1152.5051
31.373	239.381	1110.7813
31.373	244.381	1162.5601
31.373	249.381	1032.9693
31.373	254.381	1086.3751
31.373	259.381	984.3118
31.373	264.381	878.7434
31.373	269.381	976.325
31.373	274.381	959.5627
31.373	279.381	966.5477
31.373	284.381	928.2661
31.373	289.381	1045.1867
31.373	294.381	1072.687
31.373	299.381	1027.4915
31.373	304.381	1086.9758
31.373	309.381	1109.4367
31.373	314.381	1014.9961
31.373	319.381	997.5941
31.373	324.381	1019.7346
31.373	329.381	1076.5487
31.373	334.381	1102.9284
31.373	339.381	1184.8844
31.373	344.381	1325.2041
31.373	349.381	1433.3004
31.373	354.381	1515.8919
31.373	359.381	1488.9859
35.997	4.135	1400.315
35.997	9.135	1467.041
35.997	14.135	1393.2968
35.997	19.135	1233.3092
35.997	24.135	1097.1859
35.997	29.135	1057.1649
35.997	34.135	1049.8138
35.997	39.135	1024.3141
35.997	44.135	1019.6835
35.997	49.135	1131.2368
35.997	54.135	1172.5425
35.997	59.135	1159.4444
35.997	64.135	1198.3355
35.997	69.135	1210.754
35.997	74.135	1042.8807
35.997	79.135	1011.6177
35.997	84.135	998.6816
35.997	89.135	963.9657
35.997	94.135	897.2485
35.997	99.135	828.6619
35.997	104.135	839.0719
35.997	109.135	917.1808
35.997	114.135	888.9663
35.997	119.135	929.145
35.997	124.135	924.28
35.997	129.135	1010.2617
35.997	134.135	1112.4032
35.997	139.135	960.9926
35.997	144.135	1069.2102
35.997	149.135	1100.1038
35.997	154.135	1120.8707
35.997	159.135	1175.1254
35.997	164.135	1379.9851
35.997	169.135	1543.7854
35.997	174.135	1598.9317
35.997	179.135	1566.3469
35.997	184.135	1577.6923
35.997	189.135	1435.2318
35.997	194.135	1422.6349
35.997	199.135	1212.275
35.997	204.135	1157.7471
35.997	209.135	1095.4453
35.997	214.135	1091.5626
35.997	219.135	1103.9094
35.997	224.135	1082.599
35.997	229.135	1220.7237
35.997	234.135	1305.6802
35.997	239.135	1319.9979
35.997	244.135	1221.1607
35.997	249.135	1236.9676
35.997	254.135	1208.8015
35.997	259.135	1158.0205
35.997	264.135	1057.6778
35.997	269.135	1140.4274
35.997	274.135	1100.8279
35.997	279.135	1131.1391
35.997	284.135	1075.1705
35.997	289.135	1122.5071
35.997	294.135	1106.2394
35.997	299.135	1119.8158
35.997	304.135	1162.9721
35.997	309.135	1187.0164
35.997	314.135	1052.2243
35.997	319.135	1110.2108
35.997	324.135	1070.54
35.997	329.135	1149.7103
35.997	334.135	1273.7961
35.997	339.135	1351.5981
35.997	344.135	1425.6868
35.997	349.135	1569.9598
35.997	354.135	1526.9558
35.997	359.135	1542.4659
40.624	4.304	1548.8129
40.624	9.304	1438.0078
40.624	14.304	1338.5424
40.624	19.304	1199.1008
40.624	24.304	1225.1372
40.624	29.304	1127.738
40.624	34.304	1066.2021
40.624	39.304	1142.931
40.624	44.304	1118.2606
40.624	49.304	1209.85
40.624	54.304	1229.9985
40.624	59.304	1276.5491
40.624	64.304	1289.1105
40.624	69.304	1321.0253
40.624	74.304	1339.9268
40.624	79.304	1358.2417
40.624	84.304	1359.4502
40.624	89.304	1422.9867
40.624	94.304	1283.9535
40.624	99.304	1313.176
40.624	104.304	1219.9679
40.624	109.304	1230.5662
40.624	114.304	1272.2083
40.624	119.304	1276.7877
40.624	124.304	1219.5981
40.624	129.304	1276.3922
40.624	134.304	1301.3434
40.624	139.304	1238.4404
40.624	144.304	1253.5115
40.624	149.304	1285.7943
40.624	154.304	1293.3348
40.624	159.304	1375.0838
40.624	164.304	1473.5572
40.624	169.304	1529.9754
40.624	174.304	1603.6984
40.624	179.304	1523.3159
40.624	184.304	1510.0692
40.624	189.304	1440.3161
40.624	194.304	1402.7091
40.624	199.304	1337.4536
40.624	204.304	1271.4984
40.624	209.304	1273.9382
40.624	214.304	1189.1133
40.624	219.304	1236.3739
40.624	224.304	1232.5666
40.624	229.304	1251.3438
40.624	234.304	1342.9772
40.624	239.304	1408.0973
40.624	244.304	1417.2718
40.624	249.304	1473.1572
40.624	254.304	1371.7051
40.624	259.304	1392.1765
40.624	264.304	1488.9916
40.624	269.304	1460.4341
40.624	274.304	1437.0836
40.624	279.304	1370.6075
40.624	284.304	1324.5034
40.624	289.304	1406.2268
40.624	294.304	1375.7114
40.624	299.304	1337.0901
40.624	304.304	1319.1703
40.624	309.304	1278.656
40.624	314.304	1241.6079
40.624	319.304	1292.0031
40.624	324.304	1204.0057
40.624	329.304	1248.9498
40.624	334.304	1254.3015
40.624	339.304	1340.2367
40.624	344.304	1426.1728
40.624	349.304	1505.3365
40.624	354.304	1515.6973
40.624	359.304	1535.4679
43.372	4.273	1579.048
43.372	9.273	1496.6531
43.372	14.273	1420.9646
43.372	19.273	1325.5192
43.372	24.273	1327.8455
43.372	29.273	1213.63
43.372	34.273	1235.9289
43.372	39.273	1248.3691
43.372	44.273	1191.8842
43.372	49.273	1293.3132
43.372	54.273	1384.008
43.372	59.273	1433.0133
43.372	64.273	1494.228
43.372	69.273	1466.5512
43.372	74.273	1473.4304
43.372	79.273	1461.9069
43.372	84.273	1445.6298
43.372	89.273	1482.7715
43.372	94.273	1374.283
43.372	99.273	1401.2673
43.372	104.273	1344.4232
43.372	109.273	1349.4409
43.372	114.273	1260.3117
43.372	119.273	1322.1476
43.372	124.273	1257.1292
43.372	129.273	1268.3252
43.372	134.273	1249.9589
43.372	139.273	1229.4119
43.372	144.273	1134.4157
43.372	149.273	1266.4716
43.372	154.273	1308.1121
43.372	159.273	1330.1896
43.372	164.273	1489.948
43.372	169.273	1514.7188
43.372	174.273	1607.1541
43.372	179.273	1691.6597
43.372	184.273	1706.187
43.372	189.273	1577.5471
43.372	194.273	1507.578
43.372	199.273	1428.7999
43.372	204.273	1460.1423
43.372	209.273	1306.942
43.372	214.273	1317.6908
43.372	219.273	1272.8988
43.372	224.273	1331.3392
43.372	229.273	1424.9693
43.372	234.273	1449.559
43.372	239.273	1487.3685
43.372	244.273	1527.2357
43.372	249.273	1591.845
43.372	254.273	1575.8254
43.372	259.273	1463.4215
43.372	264.273	1555.3337
43.372	269.273	1531.9378
43.372	274.273	1486.9601
43.372	279.273	1440.235
43.372	284.273	1425.8513
43.372	289.273	1408.9062
43.372	294.273	1394.6411
43.372	299.273	1356.0174
43.372	304.273	1368.387
43.372	309.273	1269.1706
43.372	314.273	1255.6632
43.372	319.273	1245.3095
43.372	324.273	1134.1932
43.372	329.273	1277.0925
43.372	334.273	1278.8703
43.372	339.273	1401.6202
43.372	344.273	1446.8228
43.372	349.273	1488.7755
43.372	354.273	1558.8594
43.372	359.273	1560.6648
47.995	3.954	1548.4179
47.995	8.954	1586.6752
47.995	13.954	1440.9959
47.995	18.954	1398.3036
47.995	23.954	1400.2197
47.995	28.954	1358.486
47.995	33.954	1327.0452
47.995	38.954	1408.1926
47.995	43.954	1375.9823
47.995	48.954	1495.0296
47.995	53.954	1597.3321
47.995	58.954	1569.5216
47.995	63.954	1553.4655
47.995	68.954	1630.1406
47.995	73.954	1595.633
47.995	78.954	1604.744
47.995	83.954	1599.9916
47.995	88.954	1614.6929
47.995	93.954	1479.8021
47.995	98.954	1529.7098
47.995	103.954	1390.1259
47.995	108.954	1436.296
47.995	113.954	1395.9197
47.995	118.954	1319.7259
47.995	123.954	1319.9546
47.995	128.954	1221.6441
47.995	133.954	1338.3961
47.995	138.954	1230.0049
47.995	143.954	1374.3846
47.995	148.954	1381.5863
47.995	153.954	1347.7714
47.995	158.954	1502.2476
47.995	163.954	1536.7869
47.995	168.954	1517.5553
47.995	173.954	1650.5959
47.995	178.954	1617.6783
47.995	183.954	1710.4817
47.995	188.954	1593.9564
47.995	193.954	1629.7556
47.995	198.954	1561.364
47.995	203.954	1471.8149
47.995	208.954	1364.9465
47.995	213.954	1543.6066
47.995	218.954	1463.9494
47.995	223.954	1493.1462
47.995	228.954	1519.3501
47.995	233.954	1582.2477
47.995	238.954	1628.3697
47.995	243.954	1644.1223
47.995	248.954	1668.4932
47.995	253.954	1699.5212
47.995	258.954	1715.1634
47.995	263.954	1717.4608
47.995	268.954	1602.3573
47.995	273.954	1665.7537
47.995	278.954	1515.5593
47.995	283.954	1471.5512
47.995	288.954	1534.5668
47.995	293.954	1397.0078
47.995	298.954	1330.0487
47.995	303.954	1250.5872
47.995	308.954	1410.4134
47.995	313.954	1328.097
47.995	318.954	1316.6995
47.995	323.954	1316.6557
47.995	328.954	1428.5619
47.995	333.954	1469.5157
47.995	338.954	1425.5038
47.995	343.954	1468.1152
47.995	348.954	1645.2105
47.995	353.954	1597.4545
47.995	358.954	1577.5147
52.623	4.13	1515.9098
52.623	9.13	1429.6616
52.623	14.13	1390.8718
52.623	19.13	1404.7038
52.623	24.13	1391.0659
52.623	29.13	1398.4372
52.623	34.13	1469.9172
52.623	39.13	1511.6451
52.623	44.13	1521.6345
52.623	49.13	1606.1374
52.623	54.13	1651.7532
52.623	59.13	1751.1566
52.623	64.13	1680.3546
52.623	69.13	1768.3181
52.623	74.13	1877.0744
52.623	79.13	1873.335
52.623	84.13	1956.0611
52.623	89.13	1944.3508
52.623	94.13	1807.1869
52.623	99.13	1878.2355
52.623	104.13	1797.7202
52.623	109.13	1664.9527
52.623	114.13	1711.8188
52.623	119.13	1619.6653
52.623	124.13	1640.1585
52.623	129.13	1551.0602
52.623	134.13	1561.8651
52.623	139.13	1465.9548
52.623	144.13	1594.3371
52.623	149.13	1435.2593
52.623	154.13	1599.1241
52.623	159.13	1476.0009
52.623	164.13	1552.398
52.623	169.13	1489.6287
52.623	174.13	1537.2465
52.623	179.13	1546.8871
52.623	184.13	1567.4306
52.623	189.13	1547.4006
52.623	194.13	1576.4082
52.623	199.13	1461.254
52.623	204.13	1597.129
52.623	209.13	1603.0376
52.623	214.13	1546.7481
52.623	219.13	1566.0458
52.623	224.13	1630.9761
52.623	229.13	1654.3614
52.623	234.13	1728.7736
52.623	239.13	1744.0989
52.623	244.13	1763.071
52.623	249.13	1821.479
52.623	254.13	1801.4098
52.623	259.13	1890.6663
52.623	264.13	1921.0446
52.623	269.13	1939.3092
52.623	274.13	1856.3966
52.623	279.13	1798.0133
52.623	284.13	1699.0368
52.623	289.13	1614.3595
52.623	294.13	1532.1911
52.623	299.13	1600.4472
52.623	304.13	1493.3121
52.623	309.13	1463.5697
52.623	314.13	1511.1108
52.623	319.13	1527.2592
52.623	324.13	1410.7877
52.623	329.13	1455.8977
52.623	334.13	1456.3971
52.623	339.13	1504.6499
52.623	344.13	1611.7689
52.623	349.13	1521.0398
52.623	354.13	1553.0666
52.623	359.13	1515.8955
55.371	4.07	1500.2803
55.371	9.07	1479.6789
55.371	14.07	1442.573
55.371	19.07	1544.2402
55.371	24.07	1428.4502
55.371	29.07	1439.2541
55.371	34.07	1505.308
55.371	39.07	1499.8259
55.371	44.07	1611.3401
55.371	49.07	1674.9657
55.371	54.07	1702.8624
55.371	59.07	1694.0797
55.371	64.07	1709.3273
55.371	69.07	1843.3519
55.371	74.07	1843.7965
55.371	79.07	1901.0678
55.371	84.07	1850.8914
55.371	89.07	2001.6534
55.371	94.07	1932.1273
55.371	99.07	1802.213
55.371	104.07	1818.0054
55.371	109.07	1799.9566
55.371	114.07	1765.6389
55.371	119.07	1616.878
55.371	124.07	1595.0415
55.371	129.07	1474.2296
55.371	134.07	1569.5631
55.371	139.07	1493.338
55.371	144.07	1471.8389
55.371	149.07	1510.9952
55.371	154.07	1421.3916
55.371	159.07	1489.6063
55.371	164.07	1540.6811
55.371	169.07	1441.0167
55.371	174.07	1566.0974
55.371	179.07	1584.2146
55.371	184.07	1532.8984
55.371	189.07	1642.1277
55.371	194.07	1582.5221
55.371	199.07	1543.7546
55.371	204.07	1656.8328
55.371	209.07	1587.5437
55.371	214.07	1677.9646
55.371	219.07	1660.3966
55.371	224.07	1716.7362
55.371	229.07	1710.2565
55.371	234.07	1697.5813
55.371	239.07	1694.6683
55.371	244.07	1709.7724
55.371	249.07	1807.4219
55.371	254.07	1819.6049
55.371	259.07	1861.6832
55.371	264.07	1904.1427
55.371	269.07	1873.4745
55.371	274.07	1872.4756
55.371	279.07	1748.6129
55.371	284.07	1787.9178
55.371	289.07	1712.028
55.371	294.07	1660.8699
55.371	299.07	1608.2622
55.371	304.07	1619.2795
55.371	309.07	1366.3471
55.371	314.07	1463.4361
55.371	319.07	1357.1985
55.371	324.07	1474.945
55.371	329.07	1355.2219
55.371	334.07	1379.4433
55.371	339.07	1377.2583
55.371	344.07	1566.2098
55.371	349.07	1501.1823
55.371	354.07	1455.6001
55.371	359.07	1566.0686
59.993	3.6	1392.3636
59.993	8.6	1367.8309
59.993	13.6	1431.0883
59.993	18.6	1415.727
59.993	23.6	1472.9923
59.993	28.6	1453.7896
59.993	33.6	1532.2638
59.993	38.6	1601.8178
59.993	43.6	1549.8476
59.993	48.6	1706.7871
59.993	53.6	1771.6599
59.993	58.6	1692.5579
59.993	63.6	1714.595
59.993	68.6	1795.9132
59.993	73.6	1795.1041
59.993	78.6	1818.1626
59.993	83.6	1771.6905
59.993	88.6	1820.4883
59.993	93.6	1646.8601
59.993	98.6	1759.0533
59.993	103.6	1507.5976
59.993	108.6	1477.6022
59.993	113.6	1594.2507
59.993	118.6	1483.0476
59.993	123.6	1422.9713
59.993	128.6	1474.5829
59.993	133.6	1487.4471
59.993	138.6	1484.6743
59.993	143.6	1427.1166
59.993	148.6	1353.3261
59.993	153.6	1394.5488
59.993	158.6	1408.3904
59.993	163.6	1400.4995
59.993	168.6	1381.2336
59.993	173.6	1443.5591
59.993	178.6	1375.8957
59.993	183.6	1406.6381
59.993	188.6	1470.6059
59.993	193.6	1522.4815
59.993	198.6	1509.8107
59.993	203.6	1574.2937
59.993	208.6	1530.0089
59.993	213.6	1589.4387
59.993	218.6	1656.584
59.993	223.6	1672.5958
59.993	228.6	1700.5007
59.993	233.6	1648.6382
59.993	238.6	1826.2388
59.993	243.6	1740.71
59.993	248.6	1777.045
59.993	253.6	1816.2123
59.993	258.6	1795.9566
59.993	263.6	1759.8356
59.993	268.6	1672.3729
59.993	273.6	1771.7441
59.993	278.6	1643.4224
59.993	283.6	1620.5768
59.993	288.6	1617.0786
59.993	293.6	1498.6961
59.993	298.6	1484.0639
59.993	303.6	1409.4133
59.993	308.6	1474.4863
59.993	313.6	1356.1045
59.993	318.6	1356.0098
59.993	323.6	1407.926
59.993	328.6	1319.5573
59.993	333.6	1380.729
59.993	338.6	1429.0391
59.993	343.6	1373.9704
59.993	348.6	1396.2505
59.993	353.6	1434.1894
59.993	358.6	1440.2157
64.621	3.768	1225.8525
64.621	8.768	1298.6059
64.621	13.768	1192.3504
64.621	18.768	1326.7132
64.621	23.768	1284.7707
64.621	28.768	1253.5528
64.621	33.768	1362.6567
64.621	38.768	1425.4637
64.621	43.768	1482.2976
64.621	48.768	1558.5437
64.621	53.768	1550.8101
64.621	58.768	1661.0217
64.621	63.768	1620.3868
64.621	68.768	1725.1679
64.621	73.768	1629.1301
64.621	78.768	1684.7413
64.621	83.768	1780.5678
64.621	88.768	1700.6811
64.621	93.768	1674.7749
64.621	98.768	1681.3229
64.621	103.768	1625.311
64.621	108.768	1712.8022
64.621	113.768	1642.7558
64.621	118.768	1624.6223
64.621	123.768	1491.2226
64.621	128.768	1471.2652
64.621	133.768	1430.4104
64.621	138.768	1371.6521
64.621	143.768	1435.3814
64.621	148.768	1417.3121
64.621	153.768	1294.9063
64.621	158.768	1289.5455
64.621	163.768	1233.3322
64.621	168.768	1200.3874
64.621	173.768	1265.396
64.621	178.768	1244.6368
64.621	183.768	1205.0106
64.621	188.768	1299.1157
64.621	193.768	1261.9632
64.621	198.768	1333.8162
64.621	203.768	1253.176
64.621	208.768	1398.0011
64.621	213.768	1396.5647
64.621	218.768	1446.5752
64.621	223.768	1508.952
64.621	228.768	1535.3674
64.621	233.768	1667.9249
64.621	238.768	1639.3338
64.621	243.768	1669.9145
64.621	248.768	1695.7019
64.621	253.768	1691.5633
64.621	258.768	1710.8988
64.621	263.768	1659.8605
64.621	268.768	1665.0105
64.621	273.768	1561.5859
64.621	278.768	1611.7529
64.621	283.768	1560.214
64.621	288.768	1617.1016
64.621	293.768	1543.4826
64.621	298.768	1503.3001
64.621	303.768	1404.5524
64.621	308.768	1377.8324
64.621	313.768	1361.8443
64.621	318.768	1408.4768
64.621	323.768	1314.9328
64.621	328.768	1296.4497
64.621	333.768	1313.4149
64.621	338.768	1283.2635
64.621	343.768	1302.9602
64.621	348.768	1346.483
64.621	353.768	1170.8628
64.621	358.768	1228.7934
67.368	3.627	1116.1938
67.368	8.627	1095.5545
67.368	13.627	1222.8622
67.368	18.627	1267.7737
67.368	23.627	1186.4309
67.368	28.627	1373.3579
67.368	33.627	1271.1186
67.368	38.627	1340.3826
67.368	43.627	1342.1886
67.368	48.627	1465.6905
67.368	53.627	1471.475
67.368	58.627	1441.8394
67.368	63.627	1491.1823
67.368	68.627	1478.3522
67.368	73.627	1517.9257
67.368	78.627	1498.4431
67.368	83.627	1470.0985
67.368	88.627	1579.6581
67.368	93.627	1535.079
67.368	98.627	1609.3276
67.368	103.627	1638.6226
67.368	108.627	1556.3585
67.368	113.627	1515.3957
67.368	118.627	1499.1168
67.368	123.627	1438.0486
67.368	128.627	1423.4267
67.368	133.627	1351.6186
67.368	138.627	1278.6903
67.368	143.627	1139.039
67.368	148.627	1217.5438
67.368	153.627	1164.5547
67.368	158.627	1114.8611
67.368	163.627	1080.5818
67.368	168.627	1209.928
67.368	173.627	1102.1383
67.368	178.627	1118.2837
67.368	183.627	1080.609
67.368	188.627	1174.5556
67.368	193.627	1110.5248
67.368	198.627	1209.2343
67.368	203.627	1223.7875
67.368	208.627	1280.1051
67.368	213.627	1322.3366
67.368	218.627	1452.8356
67.368	223.627	1478.895
67.368	228.627	1532.6567
67.368	233.627	1473.9464
67.368	238.627	1576.4471
67.368	243.627	1584.7264
67.368	248.627	1600.5499
67.368	253.627	1483.4261
67.368	258.627	1647.4613
67.368	263.627	1593.3451
67.368	268.627	1555.9252
67.368	273.627	1524.6472
67.368	278.627	1578.5288
67.368	283.627	1583.3729
67.368	288.627	1545.0942
67.368	293.627	1435.5166
67.368	298.627	1377.087
67.368	303.627	1426.9628
67.368	308.627	1328.304
67.368	313.627	1271.6362
67.368	318.627	1244.4341
67.368	323.627	1284.2762
67.368	328.627	1230.4327
67.368	333.627	1096.3871
67.368	338.627	1219.9288
67.368	343.627	1124.8701
67.368	348.627	1045.5961
67.368	353.627	1180.5943
67.368	358.627	1088.7844
71.987	2.736	854.3615
71.987	7.736	882.0611
71.987	12.736	924.6203
71.987	17.736	890.3502
71.987	22.736	983.6732
71.987	27.736	1043.4576
71.987	32.736	1055.1041
71.987	37.736	1072.7495
71.987	42.736	1185.5164
71.987	47.736	1247.7724
71.987	52.736	1270.9214
71.987	57.736	1242.4325
71.987	62.736	1228.4806
71.987	67.736	1276.2449
71.987	72.736	1360.9072
71.987	77.736	1251.7181
71.987	82.736	1271.6302
71.987	87.736	1231.6441
71.987	92.736	1172.1571
71.987	97.736	1190.4724
71.987	102.736	1229.9372
71.987	107.736	1186.4995
71.987	112.736	1158.9587
71.987	117.736	1146.7442
71.987	122.736	1032.8484
71.987	127.736	1130.1584
71.987	132.736	1054.0632
71.987	137.736	1010.8098
71.987	142.736	981.6017
71.987	147.736	993.831
71.987	152.736	963.4202
71.987	157.736	987.0665
71.987	162.736	829.9498
71.987	167.736	906.3376
71.987	172.736	928.0582
71.987	177.736	862.4348
71.987	182.736	893.9803
71.987	187.736	895.1463
71.987	192.736	923.6561
71.987	197.736	1065.9338
71.987	202.736	1020.3746
71.987	207.736	1103.5679
71.987	212.736	1111.499
71.987	217.736	1070.4509
71.987	222.736	1221.002
71.987	227.736	1206.0257
71.987	232.736	1258.0864
71.987	237.736	1312.1415
71.987	242.736	1207.7423
71.987	247.736	1250.5607
71.987	252.736	1259.2254
71.987	257.736	1322.9137
71.987	262.736	1314.3049
71.987	267.736	1342.8879
71.987	272.736	1194.3566
71.987	277.736	1274.322
71.987	282.736	1154.8322
71.987	287.736	1226.2007
71.987	292.736	1177.482
71.987	297.736	1132.1822
71.987	302.736	1153.9247
71.987	307.736	1051.6061
71.987	312.736	1061.8784
71.987	317.736	1067.7098
71.987	322.736	936.9583
71.987	327.736	984.0227
71.987	332.736	1022.3739
71.987	337.736	953.3285
71.987	342.736	989.3435
71.987	347.736	890.6857
71.987	352.736	887.9827
71.987	357.736	808.1517
76.616	2.718	732.3002
76.616	7.718	708.4407
76.616	12.718	703.0438
76.616	17.718	770.9533
76.616	22.718	826.0937
76.616	27.718	802.1127
76.616	32.718	737.3406
76.616	37.718	802.0311
76.616	42.718	841.0786
76.616	47.718	827.3502
76.616	52.718	942.9701
76.616	57.718	938.8985
76.616	62.718	903.7992
76.616	67.718	944.8837
76.616	72.718	920.2858
76.616	77.718	1015.4422
76.616	82.718	935.3006
76.616	87.718	890.7294
76.616	92.718	943.3356
76.616	97.718	965.0917
76.616	102.718	965.4187
76.616	107.718	954.8619
76.616	112.718	963.1284
76.616	117.718	931.5332
76.616	122.718	840.75
76.616	127.718	880.659
76.616	132.718	809.9066
76.616	137.718	904.0814
76.616	142.718	805.5732
76.616	147.718	792.8451
76.616	152.718	766.4749
76.616	157.718	776.476
76.616	162.718	761.9528
76.616	167.718	728.3161
76.616	172.718	718.0542
76.616	177.718	758.9254
76.616	182.718	729.3642
76.616	187.718	706.2117
76.616	192.718	773.2564
76.616	197.718	747.4473
76.616	202.718	807.5403
76.616	207.718	766.892
76.616	212.718	823.1101
76.616	217.718	798.6922
76.616	222.718	817.3813
76.616	227.718	833.705
76.616	232.718	883.4699
76.616	237.718	860.0874
76.616	242.718	968.5067
76.616	247.718	955.975
76.616	252.718	975.9147
76.616	257.718	880.8767
76.616	262.718	881.2358
76.616	267.718	934.4848
76.616	272.718	879.9374
76.616	277.718	959.7975
76.616	282.718	862.6017
76.616	287.718	961.2696
76.616	292.718	896.9902
76.616	297.718	900.4696
76.616	302.718	898.9911
76.616	307.718	909.9701
76.616	312.718	905.5759
76.616	317.718	856.6633
76.616	322.718	841.1889
76.616	327.718	782.1771
76.616	332.718	797.8709
76.616	337.718	774.3574
76.616	342.718	805.6011
76.616	347.718	706.9408
76.616	352.718	744.003
76.616	357.718	739.247
79.361	2.138	646.6774
79.361	7.138	663.9017
79.361	12.138	659.1814
79.361	17.138	684.8196
79.361	22.138	706.836
79.361	27.138	729.8047
79.361	32.138	800.296
79.361	37.138	727.0122
79.361	42.138	716.7884
79.361	47.138	768.7161
79.361	52.138	814.9715
79.361	57.138	886.4251
79.361	62.138	784.3778
79.361	67.138	831.1098
79.361	72.138	867.8577
79.361	77.138	840.1949
79.361	82.138	827.1088
79.361	87.138	860.8323
79.361	92.138	836.7547
79.361	97.138	854.1512
79.361	102.138	862.4363
79.361	107.138	870.8053
79.361	112.138	863.2983
79.361	117.138	817.4921
79.361	122.138	798.3794
79.361	127.138	826.1524
79.361	132.138	778.5264
79.361	137.138	753.9071
79.361	142.138	815.296
79.361	147.138	701.0608
79.361	152.138	687.3694
79.361	157.138	690.0263
79.361	162.138	706.837
79.361	167.138	701.9164
79.361	172.138	631.5881
79.361	177.138	600.1641
79.361	182.138	733.6941
79.361	187.138	669.4631
79.361	192.138	611.4197
79.361	197.138	631.3454
79.361	202.138	717.2148
79.361	207.138	751.5276
79.361	212.138	768.8494
79.361	217.138	775.6981
79.361	222.138	756.1153
79.361	227.138	855.7751
79.361	232.138	854.1953
79.361	237.138	879.8754
79.361	242.138	790.5731
79.361	247.138	837.2599
79.361	252.138	827.2588
79.361	257.138	836.3243
79.361	262.138	842.5831
79.361	267.138	816.784
79.361	272.138	856.775
79.361	277.138	820.7537
79.361	282.138	831.2518
79.361	287.138	829.0171
79.361	292.138	806.5969
79.361	297.138	772.5502
79.361	302.138	860.935
79.361	307.138	754.4616
79.361	312.138	846.3863
79.361	317.138	769.8224
79.361	322.138	772.509
79.361	327.138	739.7898
79.361	332.138	564.9772
79.361	337.138	723.3909
79.361	342.138	624.1658
79.361	347.138	676.6972
79.361	352.138	584.819
79.361	357.138	670.7553
83.959	3.333	563.9823
83.959	8.333	593.1512
83.959	13.333	613.7297
83.959	18.333	590.3752
83.959	23.333	590.3849
83.959	28.333	588.0735
83.959	33.333	606.3996
83.959	38.333	658.95
83.959	43.333	671.6587
83.959	48.333	610.1116
83.959	53.333	637.0889
83.959	58.333	590.4488
83.959	63.333	599.8884
83.959	68.333	624.5013
83.959	73.333	621.0589
83.959	78.333	593.6038
83.959	83.333	586.4629
83.959	88.333	595.418
83.959	93.333	606.3166
83.959	98.333	627.0353
83.959	103.333	579.7392
83.959	108.333	619.6163
83.959	113.333	554.3999
83.959	118.333	601.2653
83.959	123.333	535.3102
83.959	128.333	580.5608
83.959	133.333	553.0356
83.959	138.333	616.1675
83.959	143.333	499.7162
83.959	148.333	551.1409
83.959	153.333	561.5852
83.959	158.333	544.7702
83.959	163.333	500.3421
83.959	168.333	608.673
83.959	173.333	600.954
83.959	178.333	563.7196
83.959	183.333	510.9257
83.959	188.333	565.6393
83.959	193.333	567.4889
83.959	198.333	580.3897
83.959	203.333	656.954
83.959	208.333	530.0539
83.959	213.333	603.3307
83.959	218.333	526.7198
83.959	223.333	599.0957
83.959	228.333	611.2689
83.959	233.333	564.2146
83.959	238.333	576.752
83.959	243.333	621.2627
83.959	248.333	631.2658
83.959	253.333	584.7955
83.959	258.333	592.1532
83.959	263.333	607.5774
83.959	268.333	574.4178
83.959	273.333	600.4639
83.959	278.333	612.0967
83.959	283.333	598.2831
83.959	288.333	613.2192
83.959	293.333	610.0713
83.959	298.333	629.4086
83.959	303.333	490.091
83.959	308.333	648.7687
83.959	313.333	549.991
83.959	318.333	598.0898
83.959	323.333	578.8075
83.959	328.333	582.2495
83.959	333.333	543.2543
83.959	338.333	594.416
83.959	343.333	545.5218
83.959	348.333	575.8897
83.959	353.333	615.9885
83.959	358.333	549.6597
88.528	1.029	469.5513
88.528	6.029	486.2815
88.528	11.029	557.678
88.528	16.029	534.2562
88.528	21.029	523.3761
88.528	26.029	519.3928
88.528	31.029	541.7263
88.528	36.029	449.5373
88.528	41.029	500.5765
88.528	46.029	568.7808
88.528	51.029	549.6299
88.528	56.029	574.65
88.528	61.029	573.6292
88.528	66.029	562.146
88.528	71.029	562.4348
88.528	76.029	482.6425
88.528	81.029	597.0989
88.528	86.029	527.4985
88.528	91.029	475.1565
88.528	96.029	529.7288
88.528	101.029	521.7154
88.528	106.029	487.6694
88.528	111.029	470.5515
88.528	116.029	512.0327
88.528	121.029	480.061
88.528	126.029	496.556
88.528	131.029	476.0735
88.528	136.029	545.7521
88.528	141.029	501.1697
88.528	146.029	590.5779
88.528	151.029	511.79
88.528	156.029	554.9716
88.528	161.029	531.5442
88.528	166.029	502.9363
88.528	171.029	558.2313
88.528	176.029	543.5644
88.528	181.029	530.6782
88.528	186.029	526.862
88.528	191.029	476.3977
88.528	196.029	519.1459
88.528	201.029	536.6911
88.528	206.029	616.7506
88.528	211.029	462.0482
88.528	216.029	497.445
88.528	221.029	540.0922
88.528	226.029	493.3612
88.528	231.029	503.026
88.528	236.029	485.8854
88.528	241.029	525.6336
88.528	246.029	540.8894
88.528	251.029	482.767
88.528	256.029	510.9138
88.528	261.029	437.2432
88.528	266.029	512.046
88.528	271.029	488.3917
88.528	276.029	418.2318
88.528	281.029	434.5445
88.528	286.029	432.1552
88.528	291.029	429.5889
88.528	296.029	483.9521
88.528	301.029	444.6162
88.528	306.029	473.3734
88.528	311.029	509.9325
88.528	316.029	518.3624
88.528	321.029	526.1352
88.528	326.029	519.15
88.528	331.029	485.3899
88.528	336.029	557.3195
88.528	341.029	509.1651
88.528	346.029	545.9423
88.528	351.029	535.6906
88.528	356.029	585.2386
