>BT8; Created QKowari;
>grid: 
>backgr: 
-2.0
0	0.3	276.3639
0	5.3	287.0259
0	10.3	280.3537
0	15.3	253.1279
0	20.3	372.6295
0	25.3	355.9512
0	30.3	486.3768
0	35.3	553.801
0	40.3	674.0477
0	45.3	870.5692
0	50.3	1069.4832
0	55.3	1275.7554
0	60.3	1353.6873
0	65.3	1314.7182
0	70.3	1215.039
0	75.3	1016.3273
0	80.3	903.9465
0	85.3	807.5234
0	90.3	682.5347
0	95.3	834.6066
0	100.3	841.1249
0	105.3	775.3254
0	110.3	929.1972
0	115.3	1048.8405
0	120.3	1048.4952
0	125.3	1178.4687
0	130.3	1046.4128
0	135.3	889.1037
0	140.3	835.9681
0	145.3	616.3047
0	150.3	556.7083
0	155.3	427.479
0	160.3	383.8367
0	165.3	329.4258
0	170.3	330.2909
0	175.3	290.478
0	180.3	358.3788
0	185.3	289.5469
0	190.3	298.1318
0	195.3	271.6736
0	200.3	302.683
0	205.3	370.1928
0	210.3	522.3845
0	215.3	661.9059
0	220.3	803.0454
0	225.3	993.0945
0	230.3	1264.701
0	235.3	1438.8013
0	240.3	1452.9712
0	245.3	1382.6041
0	250.3	1307.7294
0	255.3	1141.5601
0	260.3	1063.2205
0	265.3	880.231
0	270.3	914.7194
0	275.3	845.0487
0	280.3	949.9429
0	285.3	1025.6091
0	290.3	1246.2815
0	295.3	1240.5745
0	300.3	1204.1937
0	305.3	1240.7285
0	310.3	1072.2744
0	315.3	920.4919
0	320.3	859.4399
0	325.3	624.3777
0	330.3	528.7887
0	335.3	417.9522
0	340.3	348.9865
0	345.3	338.158
0	350.3	265.486
0	355.3	268.3165
4.97	0.459	224.2132
4.97	5.459	225.7832
4.97	10.459	260.0244
4.97	15.459	245.0213
4.97	20.459	233.3532
4.97	25.459	343.3924
4.97	30.459	441.4782
4.97	35.459	518.4088
4.97	40.459	708.4128
4.97	45.459	899.7146
4.97	50.459	1030.6715
4.97	55.459	1223.0452
4.97	60.459	1279.3368
4.97	65.459	1315.355
4.97	70.459	1299.6375
4.97	75.459	1083.3027
4.97	80.459	946.4264
4.97	85.459	848.7493
4.97	90.459	799.8206
4.97	95.459	890.9004
4.97	100.459	916.1654
4.97	105.459	936.6039
4.97	110.459	1066.1754
4.97	115.459	1298.86
4.97	120.459	1222.1705
4.97	125.459	1133.0326
4.97	130.459	1070.6253
4.97	135.459	892.5277
4.97	140.459	701.6069
4.97	145.459	526.7281
4.97	150.459	406.2042
4.97	155.459	289.9818
4.97	160.459	271.6778
4.97	165.459	275.5633
4.97	170.459	238.5716
4.97	175.459	247.984
4.97	180.459	205.4144
4.97	185.459	183.5003
4.97	190.459	247.1855
4.97	195.459	260.5676
4.97	200.459	289.4402
4.97	205.459	314.0537
4.97	210.459	403.9602
4.97	215.459	500.1038
4.97	220.459	683.626
4.97	225.459	907.3636
4.97	230.459	1045.7349
4.97	235.459	1261.2983
4.97	240.459	1379.8581
4.97	245.459	1401.6472
4.97	250.459	1287.7729
4.97	255.459	1367.2446
4.97	260.459	1141.387
4.97	265.459	1047.6063
4.97	270.459	880.3179
4.97	275.459	958.2958
4.97	280.459	1075.705
4.97	285.459	1189.9381
4.97	290.459	1265.8851
4.97	295.459	1290.0241
4.97	300.459	1348.6965
4.97	305.459	1220.2209
4.97	310.459	1150.7946
4.97	315.459	958.1702
4.97	320.459	784.9243
4.97	325.459	543.1461
4.97	330.459	443.3767
4.97	335.459	381.0616
4.97	340.459	293.4497
4.97	345.459	280.8916
4.97	350.459	277.2918
4.97	355.459	259.8096
7.03	0.461	239.91535
7.03	5.461	204.58635
7.03	10.461	224.82555
7.03	15.461	240.31425
7.03	20.461	253.05865
7.03	25.461	342.7201
7.03	30.461	443.72725
7.03	35.461	507.26715
7.03	40.461	658.37165
7.03	45.461	810.85625
7.03	50.461	986.96
7.03	55.461	1120.437
7.03	60.461	1188.79675
7.03	65.461	1232.7888
7.03	70.461	1071.5669
7.03	75.461	1041.5676
7.03	80.461	921.53965
7.03	85.461	808.5437
7.03	90.461	779.65075
7.03	95.461	805.8284
7.03	100.461	872.17085
7.03	105.461	969.83575
7.03	110.461	1026.96455
7.03	115.461	1105.2855
7.03	120.461	1114.1375
7.03	125.461	1093.3257
7.03	130.461	897.6426
7.03	135.461	833.8166
7.03	140.461	636.3696
7.03	145.461	535.90015
7.03	150.461	392.92265
7.03	155.461	332.95145
7.03	160.461	284.72735
7.03	165.461	251.3148
7.03	170.461	219.64615
7.03	175.461	191.188
7.03	180.461	223.4742
7.03	185.461	219.5128
7.03	190.461	209.83
7.03	195.461	218.62255
7.03	200.461	262.84455
7.03	205.461	282.79555
7.03	210.461	347.27655
7.03	215.461	461.59535
7.03	220.461	566.028
7.03	225.461	780.57375
7.03	230.461	950.56055
7.03	235.461	1077.89515
7.03	240.461	1202.14215
7.03	245.461	1225.3168
7.03	250.461	1156.8104
7.03	255.461	1084.92855
7.03	260.461	964.0159
7.03	265.461	880.22665
7.03	270.461	845.91235
7.03	275.461	861.9502
7.03	280.461	989.24645
7.03	285.461	1069.2943
7.03	290.461	1083.78985
7.03	295.461	1107.93315
7.03	300.461	1176.8078
7.03	305.461	1094.77165
7.03	310.461	913.9934
7.03	315.461	858.2693
7.03	320.461	714.3614
7.03	325.461	519.44545
7.03	330.461	450.08175
7.03	335.461	327.7034
7.03	340.461	315.0691
7.03	345.461	260.1613
7.03	350.461	244.6967
7.03	355.461	216.5319
12	0.307	178.9105
12	5.307	167.5409
12	10.307	144.7704
12	15.307	182.3319
12	20.307	174.501
12	25.307	248.399
12	30.307	311.9489
12	35.307	440.136
12	40.307	544.5286
12	45.307	686.8228
12	50.307	804.9073
12	55.307	980.2346
12	60.307	1003.2014
12	65.307	905.8884
12	70.307	998.8815
12	75.307	828.0141
12	80.307	820.7275
12	85.307	689.2433
12	90.307	632.5156
12	95.307	626.7251
12	100.307	749.7823
12	105.307	704.4353
12	110.307	721.5076
12	115.307	803.0598
12	120.307	785.3164
12	125.307	759.092
12	130.307	713.0443
12	135.307	576.2278
12	140.307	450.1522
12	145.307	335.3875
12	150.307	277.4187
12	155.307	253.8025
12	160.307	236.3676
12	165.307	171.7512
12	170.307	180.8493
12	175.307	124.3423
12	180.307	136.3348
12	185.307	128.3252
12	190.307	137.9357
12	195.307	167.3965
12	200.307	210.574
12	205.307	179.8973
12	210.307	233.4036
12	215.307	335.1638
12	220.307	517.2417
12	225.307	609.1362
12	230.307	817.6471
12	235.307	864.7397
12	240.307	1031.864
12	245.307	1039.6556
12	250.307	1056.6066
12	255.307	971.4372
12	260.307	888.749
12	265.307	826.9786
12	270.307	822.0025
12	275.307	814.8774
12	280.307	866.0851
12	285.307	941.8448
12	290.307	808.6865
12	295.307	876.5522
12	300.307	881.5191
12	305.307	849.585
12	310.307	726.4886
12	315.307	542.2668
12	320.307	492.1871
12	325.307	390.624
12	330.307	306.7989
12	335.307	218.0188
12	340.307	212.5314
12	345.307	188.2427
12	350.307	208.8644
12	355.307	125.4661
16.969	0.478	114.1093
16.969	5.478	123.8902
16.969	10.478	81.6463
16.969	15.478	89.3314
16.969	20.478	133.9979
16.969	25.478	152.1381
16.969	30.478	160.4889
16.969	35.478	225.5499
16.969	40.478	309.6112
16.969	45.478	380.4097
16.969	50.478	521.2769
16.969	55.478	628.0463
16.969	60.478	655.6432
16.969	65.478	794.8514
16.969	70.478	710.8852
16.969	75.478	713.9754
16.969	80.478	651.7543
16.969	85.478	586.179
16.969	90.478	631.8025
16.969	95.478	581.4163
16.969	100.478	633.9084
16.969	105.478	665.2026
16.969	110.478	655.0988
16.969	115.478	665.2233
16.969	120.478	662.9712
16.969	125.478	566.0675
16.969	130.478	490.3017
16.969	135.478	411.6036
16.969	140.478	309.8891
16.969	145.478	208.7711
16.969	150.478	154.5197
16.969	155.478	131.6886
16.969	160.478	96.3196
16.969	165.478	35.73
16.969	170.478	56.5293
16.969	175.478	98.4544
16.969	180.478	82.7746
16.969	185.478	71.4733
16.969	190.478	67.9293
16.969	195.478	69.9779
16.969	200.478	76.9554
16.969	205.478	107.1939
16.969	210.478	157.89
16.969	215.478	237.0168
16.969	220.478	286.9577
16.969	225.478	368.4038
16.969	230.478	409.5419
16.969	235.478	607.8633
16.969	240.478	697.4362
16.969	245.478	760.7153
16.969	250.478	722.8959
16.969	255.478	737.6845
16.969	260.478	689.1429
16.969	265.478	716.5675
16.969	270.478	677.3839
16.969	275.478	700.4958
16.969	280.478	722.975
16.969	285.478	729.2578
16.969	290.478	711.2127
16.969	295.478	653.1697
16.969	300.478	655.8512
16.969	305.478	548.6857
16.969	310.478	413.1567
16.969	315.478	389.0618
16.969	320.478	283.0019
16.969	325.478	226.997
16.969	330.478	179.2573
16.969	335.478	125.0299
16.969	340.478	136.9003
16.969	345.478	88.9146
16.969	350.478	135.1
16.969	355.478	91.5956
19.03	0.484	79.9116
19.03	5.484	98.9814
19.03	10.484	109.8127
19.03	15.484	97.3795
19.03	20.484	96.0047
19.03	25.484	130.1854
19.03	30.484	138.5303
19.03	35.484	193.435
19.03	40.484	267.0139
19.03	45.484	314.011
19.03	50.484	391.4287
19.03	55.484	516.6483
19.03	60.484	525.8741
19.03	65.484	581.1281
19.03	70.484	594.7453
19.03	75.484	528.6895
19.03	80.484	528.143
19.03	85.484	460.1454
19.03	90.484	517.7647
19.03	95.484	492.22
19.03	100.484	501.6729
19.03	105.484	488.8726
19.03	110.484	508.2505
19.03	115.484	523.9057
19.03	120.484	489.4381
19.03	125.484	475.5379
19.03	130.484	466.0389
19.03	135.484	337.6332
19.03	140.484	260.0269
19.03	145.484	191.2979
19.03	150.484	128.4792
19.03	155.484	101.9994
19.03	160.484	126.9934
19.03	165.484	61.5076
19.03	170.484	51.1707
19.03	175.484	57.6526
19.03	180.484	78.3719
19.03	185.484	110.8772
19.03	190.484	75.8648
19.03	195.484	118.1071
19.03	200.484	86.485
19.03	205.484	94.4283
19.03	210.484	122.5197
19.03	215.484	161.7358
19.03	220.484	282.6796
19.03	225.484	320.9629
19.03	230.484	349.9695
19.03	235.484	431.7757
19.03	240.484	475.0386
19.03	245.484	534.1033
19.03	250.484	561.7492
19.03	255.484	636.1501
19.03	260.484	516.5607
19.03	265.484	584.0124
19.03	270.484	584.8665
19.03	275.484	510.2673
19.03	280.484	607.0761
19.03	285.484	592.8385
19.03	290.484	525.9709
19.03	295.484	597.8036
19.03	300.484	472.5104
19.03	305.484	474.5216
19.03	310.484	394.2265
19.03	315.484	325.3806
19.03	320.484	262.6063
19.03	325.484	168.7428
19.03	330.484	167.718
19.03	335.484	116.1539
19.03	340.484	73.6439
19.03	345.484	100.0336
19.03	350.484	105.2587
19.03	355.484	152.468
24	0.328	72.4706
24	5.328	40.8455
24	10.328	49.6312
24	15.328	51.6435
24	20.328	70.1039
24	25.328	109.119
24	30.328	72.0486
24	35.328	108.8299
24	40.328	145.75
24	45.328	205.1327
24	50.328	242.5258
24	55.328	292.195
24	60.328	394.3792
24	65.328	320.4901
24	70.328	393.3867
24	75.328	363.9817
24	80.328	332.5657
24	85.328	292.8554
24	90.328	311.0188
24	95.328	300.8172
24	100.328	288.9383
24	105.328	299.2558
24	110.328	317.8624
24	115.328	291.9945
24	120.328	265.2084
24	125.328	270.1478
24	130.328	222.8635
24	135.328	166.2102
24	140.328	138.3567
24	145.328	138.3152
24	150.328	110.1264
24	155.328	80.7403
24	160.328	82.4127
24	165.328	39.4412
24	170.328	55.8268
24	175.328	33.8819
24	180.328	58.7279
24	185.328	37.2183
24	190.328	52.5741
24	195.328	88.8718
24	200.328	77.2008
24	205.328	44.9566
24	210.328	94.8266
24	215.328	103.2066
24	220.328	99.5353
24	225.328	187.7327
24	230.328	229.6531
24	235.328	275.2711
24	240.328	289.7745
24	245.328	348.9588
24	250.328	325.1112
24	255.328	391.0957
24	260.328	395.1257
24	265.328	413.3288
24	270.328	389.8278
24	275.328	376.1089
24	280.328	360.4461
24	285.328	317.0896
24	290.328	347.9653
24	295.328	345.969
24	300.328	342.7935
24	305.328	220.8475
24	310.328	280.8917
24	315.328	181.6687
24	320.328	110.6364
24	325.328	117.8659
24	330.328	113.4682
24	335.328	55.6089
24	340.328	62.5092
24	345.328	80.1635
24	350.328	41.0097
24	355.328	70.2454
28.969	0.523	0
28.969	5.523	46.751
28.969	10.523	21.1086
28.969	15.523	27.6937
28.969	20.523	12.6008
28.969	25.523	35.2108
28.969	30.523	36.9107
28.969	35.523	68.1386
28.969	40.523	66.4711
28.969	45.523	67.7566
28.969	50.523	49.1626
28.969	55.523	130.4397
28.969	60.523	141.4385
28.969	65.523	157.823
28.969	70.523	192.4787
28.969	75.523	185.9479
28.969	80.523	205.7661
28.969	85.523	155.1927
28.969	90.523	207.0716
28.969	95.523	192.0484
28.969	100.523	197.228
28.969	105.523	168.4151
28.969	110.523	198.5695
28.969	115.523	178.7817
28.969	120.523	164.8214
28.969	125.523	156.157
28.969	130.523	140.3486
28.969	135.523	78.8849
28.969	140.523	44.3387
28.969	145.523	25.8573
28.969	150.523	35.3332
28.969	155.523	37.2727
28.969	160.523	39.0711
28.969	165.523	1.2415
28.969	170.523	16.4229
28.969	175.523	39.8398
28.969	180.523	31.2812
28.969	185.523	66.2542
28.969	190.523	7.5765
28.969	195.523	0
28.969	200.523	7.638
28.969	205.523	40.2542
28.969	210.523	32.1104
28.969	215.523	0
28.969	220.523	61.7482
28.969	225.523	68.0445
28.969	230.523	63.6858
28.969	235.523	89.7969
28.969	240.523	134.6383
28.969	245.523	173.9033
28.969	250.523	216.2019
28.969	255.523	181.9991
28.969	260.523	158.7986
28.969	265.523	206.9738
28.969	270.523	171.583
28.969	275.523	187.7518
28.969	280.523	254.6298
28.969	285.523	217.2327
28.969	290.523	195.8693
28.969	295.523	203.7233
28.969	300.523	145.6174
28.969	305.523	123.9584
28.969	310.523	100.7454
28.969	315.523	113.4925
28.969	320.523	51.7896
28.969	325.523	53.1816
28.969	330.523	29.7035
28.969	335.523	26.9335
28.969	340.523	63.0667
28.969	345.523	51.9443
28.969	350.523	49.3606
28.969	355.523	66.8995
31.029	0.534	27.1059
31.029	5.534	31.1405
31.029	10.534	19.8023
31.029	15.534	10.0436
31.029	20.534	42.5071
31.029	25.534	52.611
31.029	30.534	22.155
31.029	35.534	78.3052
31.029	40.534	72.1382
31.029	45.534	47.9159
31.029	50.534	78.2324
31.029	55.534	93.0894
31.029	60.534	140.7293
31.029	65.534	126.7129
31.029	70.534	105.6035
31.029	75.534	129.4056
31.029	80.534	130.2961
31.029	85.534	138.3178
31.029	90.534	163.515
31.029	95.534	163.7964
31.029	100.534	167.8938
31.029	105.534	159.1374
31.029	110.534	113.9401
31.029	115.534	118.1439
31.029	120.534	154.4407
31.029	125.534	147.3757
31.029	130.534	95.6373
31.029	135.534	48.8159
31.029	140.534	62.5145
31.029	145.534	48.5714
31.029	150.534	44.9965
31.029	155.534	56.272
31.029	160.534	29.4651
31.029	165.534	69.8215
31.029	170.534	11.1367
31.029	175.534	0
31.029	180.534	4.5
31.029	185.534	42.3105
31.029	190.534	31.1178
31.029	195.534	34.7638
31.029	200.534	44.473
31.029	205.534	53.878
31.029	210.534	57.2027
31.029	215.534	78.5291
31.029	220.534	56.363
31.029	225.534	48.8857
31.029	230.534	52.7984
31.029	235.534	120.4528
31.029	240.534	130.0191
31.029	245.534	135.7216
31.029	250.534	141.5055
31.029	255.534	177.3703
31.029	260.534	135.1727
31.029	265.534	140.5292
31.029	270.534	139.1496
31.029	275.534	133.9059
31.029	280.534	159.2164
31.029	285.534	125.8727
31.029	290.534	132.4698
31.029	295.534	153.7679
31.029	300.534	114.9687
31.029	305.534	82.2844
31.029	310.534	91.5815
31.029	315.534	106.7335
31.029	320.534	71.1292
31.029	325.534	76.8712
31.029	330.534	71.3666
31.029	335.534	46.8405
31.029	340.534	46.6885
31.029	345.534	54.4372
31.029	350.534	41.9912
31.029	355.534	13.5309
35.999	0.371	0.3217
35.999	5.371	4.5768
35.999	10.371	47.655
35.999	15.371	28.0389
35.999	20.371	0
35.999	25.371	2.7272
35.999	30.371	25.3553
35.999	35.371	2.0691
35.999	40.371	33.3341
35.999	45.371	33.7151
35.999	50.371	52.2995
35.999	55.371	75.5928
35.999	60.371	96.0272
35.999	65.371	49.1009
35.999	70.371	52.735
35.999	75.371	71.9991
35.999	80.371	38.4899
35.999	85.371	47.5419
35.999	90.371	91.725
35.999	95.371	123.6759
35.999	100.371	33.4689
35.999	105.371	73.3456
35.999	110.371	59.5671
35.999	115.371	62.4909
35.999	120.371	65.5601
35.999	125.371	51.2439
35.999	130.371	49.6243
35.999	135.371	35.99
35.999	140.371	25.4402
35.999	145.371	20.6679
35.999	150.371	44.7058
35.999	155.371	45.5947
35.999	160.371	9.2028
35.999	165.371	15.3957
35.999	170.371	59.0087
35.999	175.371	28.6627
35.999	180.371	8.9908
35.999	185.371	30.5976
35.999	190.371	0
35.999	195.371	0
35.999	200.371	35.5036
35.999	205.371	16.3934
35.999	210.371	33.5555
35.999	215.371	59.2763
35.999	220.371	17.7259
35.999	225.371	59.1088
35.999	230.371	56.4062
35.999	235.371	54.9184
35.999	240.371	89.1249
35.999	245.371	41.2716
35.999	250.371	77.0597
35.999	255.371	82.9606
35.999	260.371	120.6707
35.999	265.371	69.0334
35.999	270.371	84.0269
35.999	275.371	112.6683
35.999	280.371	104.2818
35.999	285.371	75.1783
35.999	290.371	151.2842
35.999	295.371	76.8209
35.999	300.371	53.2743
35.999	305.371	66.6227
35.999	310.371	40.8026
35.999	315.371	35.2214
35.999	320.371	42.2175
35.999	325.371	28.4416
35.999	330.371	56.4829
35.999	335.371	22.024
35.999	340.371	87.7316
35.999	345.371	66.4305
35.999	350.371	24.6863
35.999	355.371	23.0034
40.968	0.605	0
40.968	5.605	34.956
40.968	10.605	10.6828
40.968	15.605	0
40.968	20.605	9.8948
40.968	25.605	12.6715
40.968	30.605	3.0626
40.968	35.605	0
40.968	40.605	7.207
40.968	45.605	6.2604
40.968	50.605	0
40.968	55.605	32.953
40.968	60.605	3.1559
40.968	65.605	57.5313
40.968	70.605	14.5723
40.968	75.605	38.1273
40.968	80.605	64.9543
40.968	85.605	54.7998
40.968	90.605	65.1106
40.968	95.605	22.9903
40.968	100.605	25.3597
40.968	105.605	40.7214
40.968	110.605	62.1027
40.968	115.605	45.337
40.968	120.605	58.3277
40.968	125.605	17.3792
40.968	130.605	70.9694
40.968	135.605	56.652
40.968	140.605	0
40.968	145.605	16.53
40.968	150.605	13.1423
40.968	155.605	28.8895
40.968	160.605	15.4265
40.968	165.605	9.6038
40.968	170.605	1.2656
40.968	175.605	0
40.968	180.605	0
40.968	185.605	0
40.968	190.605	0
40.968	195.605	11.3724
40.968	200.605	0
40.968	205.605	0
40.968	210.605	11.3762
40.968	215.605	17.5533
40.968	220.605	0
40.968	225.605	26.2296
40.968	230.605	14.9733
40.968	235.605	0
40.968	240.605	12.1843
40.968	245.605	0
40.968	250.605	56.4387
40.968	255.605	36.6179
40.968	260.605	27.6733
40.968	265.605	65.7504
40.968	270.605	17.922
40.968	275.605	38.7119
40.968	280.605	42.0351
40.968	285.605	28.606
40.968	290.605	62.6453
40.968	295.605	61.5811
40.968	300.605	50.9664
40.968	305.605	47.5055
40.968	310.605	36.4774
40.968	315.605	49.492
40.968	320.605	38.1278
40.968	325.605	23.1471
40.968	330.605	24.204
40.968	335.605	6.4771
40.968	340.605	10.2162
40.968	345.605	0
40.968	350.605	17.4814
40.968	355.605	1.8572
43.029	0.625	38.945
43.029	5.625	8.0687
43.029	10.625	6.3025
43.029	15.625	23.5625
43.029	20.625	0
43.029	25.625	34.9668
43.029	30.625	53.3874
43.029	35.625	6.6972
43.029	40.625	44.9497
43.029	45.625	35.1705
43.029	50.625	5.1822
43.029	55.625	0
43.029	60.625	49.5406
43.029	65.625	25.2912
43.029	70.625	41.6306
43.029	75.625	16.8968
43.029	80.625	31.5817
43.029	85.625	34.0867
43.029	90.625	38.1125
43.029	95.625	33.196
43.029	100.625	35.9077
43.029	105.625	30.5576
43.029	110.625	54.3855
43.029	115.625	3.2921
43.029	120.625	43.1479
43.029	125.625	15.9537
43.029	130.625	36.1616
43.029	135.625	22.3375
43.029	140.625	31.4827
43.029	145.625	6.8812
43.029	150.625	7.6708
43.029	155.625	26.6964
43.029	160.625	28.8187
43.029	165.625	37.5546
43.029	170.625	17.6216
43.029	175.625	8.6352
43.029	180.625	17.9155
43.029	185.625	21.2318
43.029	190.625	26.0388
43.029	195.625	30.0749
43.029	200.625	1.8661
43.029	205.625	17.618
43.029	210.625	18.826
43.029	215.625	0.0414
43.029	220.625	0
43.029	225.625	13.813
43.029	230.625	0
43.029	235.625	41.784
43.029	240.625	0.9453
43.029	245.625	36.0978
43.029	250.625	25.0692
43.029	255.625	9.8025
43.029	260.625	16.5332
43.029	265.625	40.5072
43.029	270.625	56.8949
43.029	275.625	20.3519
43.029	280.625	35.3163
43.029	285.625	36.4371
43.029	290.625	48.7817
43.029	295.625	19.3848
43.029	300.625	31.2424
43.029	305.625	31.5386
43.029	310.625	28.0699
43.029	315.625	55.2302
43.029	320.625	46.3392
43.029	325.625	36.4983
43.029	330.625	13.5393
43.029	335.625	31.2178
43.029	340.625	20.7026
43.029	345.625	23.3635
43.029	350.625	5.994
43.029	355.625	0.9663
47.999	0.448	12.2181
47.999	5.448	11.8869
47.999	10.448	6.0056
47.999	15.448	10.9978
47.999	20.448	38.2641
47.999	25.448	29.5133
47.999	30.448	26.4158
47.999	35.448	20.9962
47.999	40.448	8.4315
47.999	45.448	39.6656
47.999	50.448	26.5818
47.999	55.448	30.3871
47.999	60.448	24.4276
47.999	65.448	3.8361
47.999	70.448	33.0789
47.999	75.448	26.6701
47.999	80.448	22.4775
47.999	85.448	25.3518
47.999	90.448	3.0351
47.999	95.448	32.0644
47.999	100.448	32.1961
47.999	105.448	26.7582
47.999	110.448	19.1534
47.999	115.448	37.6219
47.999	120.448	24.1665
47.999	125.448	21.8872
47.999	130.448	28.2213
47.999	135.448	43.3814
47.999	140.448	32.1109
47.999	145.448	12.2563
47.999	150.448	35.5763
47.999	155.448	6.335
47.999	160.448	0.7594
47.999	165.448	32.8958
47.999	170.448	16.5832
47.999	175.448	22.7583
47.999	180.448	36.503
47.999	185.448	22.9537
47.999	190.448	21.4466
47.999	195.448	32.6025
47.999	200.448	8.0303
47.999	205.448	45.365
47.999	210.448	0
47.999	215.448	17.1089
47.999	220.448	0
47.999	225.448	0
47.999	230.448	25.1013
47.999	235.448	27.9584
47.999	240.448	21.1494
47.999	245.448	3.8201
47.999	250.448	23.9909
47.999	255.448	10.2354
47.999	260.448	34.6717
47.999	265.448	50.8687
47.999	270.448	53.4281
47.999	275.448	40.7659
47.999	280.448	30.6263
47.999	285.448	53.5145
47.999	290.448	10.9831
47.999	295.448	27.1357
47.999	300.448	21.7485
47.999	305.448	11.7077
47.999	310.448	25.6294
47.999	315.448	43.7125
47.999	320.448	45.6226
47.999	325.448	59.1711
47.999	330.448	36.0965
47.999	335.448	24.6787
47.999	340.448	20.9891
47.999	345.448	2.6523
47.999	350.448	18.7303
47.999	355.448	26.7829
52.967	0.759	20.8752
52.967	5.759	2.8005
52.967	10.759	9.3375
52.967	15.759	1.0354
52.967	20.759	0
52.967	25.759	24.3674
52.967	30.759	20.7039
52.967	35.759	0
52.967	40.759	1.1604
52.967	45.759	0
52.967	50.759	24.5957
52.967	55.759	40.2109
52.967	60.759	40.8221
52.967	65.759	15.4374
52.967	70.759	17.552
52.967	75.759	27.0629
52.967	80.759	0
52.967	85.759	33.504
52.967	90.759	23.5065
52.967	95.759	28.5343
52.967	100.759	13.4171
52.967	105.759	17.7751
52.967	110.759	0
52.967	115.759	44.3283
52.967	120.759	0
52.967	125.759	3.8649
52.967	130.759	35.9682
52.967	135.759	33.6694
52.967	140.759	43.8397
52.967	145.759	42.5959
52.967	150.759	0
52.967	155.759	27.4643
52.967	160.759	17.6846
52.967	165.759	0
52.967	170.759	0
52.967	175.759	13.633
52.967	180.759	7.6754
52.967	185.759	34.2028
52.967	190.759	3.3348
52.967	195.759	16.6092
52.967	200.759	0
52.967	205.759	0
52.967	210.759	0
52.967	215.759	15.0216
52.967	220.759	0
52.967	225.759	0
52.967	230.759	0
52.967	235.759	0
52.967	240.759	0
52.967	245.759	18.636
52.967	250.759	0
52.967	255.759	27.8456
52.967	260.759	0
52.967	265.759	30.0113
52.967	270.759	0
52.967	275.759	16.8417
52.967	280.759	8.8611
52.967	285.759	20.7666
52.967	290.759	20.1685
52.967	295.759	0.3472
52.967	300.759	43.5566
52.967	305.759	4.3119
52.967	310.759	13.5009
52.967	315.759	19.7303
52.967	320.759	4.7521
52.967	325.759	0
52.967	330.759	11.6541
52.967	335.759	0
52.967	340.759	0
52.967	345.759	33.0077
52.967	350.759	0
52.967	355.759	8.4856
55.028	0.798	3.5217
55.028	5.798	4.2939
55.028	10.798	0
55.028	15.798	38.2509
55.028	20.798	2.2417
55.028	25.798	9.6513
55.028	30.798	0
55.028	35.798	11.8825
55.028	40.798	44.8926
55.028	45.798	30.8239
55.028	50.798	27.6584
55.028	55.798	7.7648
55.028	60.798	23.264
55.028	65.798	0
55.028	70.798	22.6829
55.028	75.798	0
55.028	80.798	0
55.028	85.798	20.8128
55.028	90.798	0
55.028	95.798	12.1601
55.028	100.798	12.6917
55.028	105.798	0
55.028	110.798	33.7904
55.028	115.798	0
55.028	120.798	8.9819
55.028	125.798	33.0773
55.028	130.798	17.3822
55.028	135.798	31.74
55.028	140.798	0
55.028	145.798	31.6518
55.028	150.798	2.1971
55.028	155.798	34.4492
55.028	160.798	9.3727
55.028	165.798	0
55.028	170.798	18.7395
55.028	175.798	4.5328
55.028	180.798	0
55.028	185.798	22.0688
55.028	190.798	31.2519
55.028	195.798	0.7723
55.028	200.798	12.7931
55.028	205.798	12.9664
55.028	210.798	0
55.028	215.798	6.2936
55.028	220.798	30.0332
55.028	225.798	22.4847
55.028	230.798	0
55.028	235.798	8.6583
55.028	240.798	7.398
55.028	245.798	16.3824
55.028	250.798	0
55.028	255.798	26.2673
55.028	260.798	3.1501
55.028	265.798	7.2092
55.028	270.798	0
55.028	275.798	28.8337
55.028	280.798	27.1991
55.028	285.798	11.9563
55.028	290.798	10.6061
55.028	295.798	6.9774
55.028	300.798	16.2625
55.028	305.798	64.8255
55.028	310.798	20.9275
55.028	315.798	16.9771
55.028	320.798	10.442
55.028	325.798	35.0948
55.028	330.798	33.7981
55.028	335.798	35.1659
55.028	340.798	11.5851
55.028	345.798	23.1779
55.028	350.798	4.7965
55.028	355.798	5.6449
59.999	0.6	23.8743
59.999	5.6	8.4671
59.999	10.6	0.8819
59.999	15.6	7.2214
59.999	20.6	25.7409
59.999	25.6	12.0239
59.999	30.6	0
59.999	35.6	2.6728
59.999	40.6	16.0978
59.999	45.6	35.4539
59.999	50.6	39.2543
59.999	55.6	10.4952
59.999	60.6	12.255
59.999	65.6	45.3141
59.999	70.6	53.4545
59.999	75.6	0
59.999	80.6	0.8173
59.999	85.6	0
59.999	90.6	17.5562
59.999	95.6	26.3765
59.999	100.6	0
59.999	105.6	34.1911
59.999	110.6	34.0964
59.999	115.6	27.9863
59.999	120.6	13.3551
59.999	125.6	43.1742
59.999	130.6	30.8288
59.999	135.6	21.7636
59.999	140.6	55.04
59.999	145.6	31.6979
59.999	150.6	35.7779
59.999	155.6	44.5322
59.999	160.6	23.188
59.999	165.6	3.4779
59.999	170.6	21.4398
59.999	175.6	27.9634
59.999	180.6	35.9915
59.999	185.6	0
59.999	190.6	10.8861
59.999	195.6	30.7847
59.999	200.6	0
59.999	205.6	29.4286
59.999	210.6	27.6358
59.999	215.6	0
59.999	220.6	4.028
59.999	225.6	0
59.999	230.6	26.3315
59.999	235.6	0
59.999	240.6	0
59.999	245.6	5.9415
59.999	250.6	9.6273
59.999	255.6	8.7207
59.999	260.6	15.3559
59.999	265.6	0
59.999	270.6	16.1317
59.999	275.6	0
59.999	280.6	27.6061
59.999	285.6	25.0172
59.999	290.6	40.2988
59.999	295.6	18.5021
59.999	300.6	11.4504
59.999	305.6	0
59.999	310.6	24.5668
59.999	315.6	0
59.999	320.6	39.3983
59.999	325.6	12.5063
59.999	330.6	38.7713
59.999	335.6	8.8471
59.999	340.6	3.223
59.999	345.6	20.2121
59.999	350.6	25.2597
59.999	355.6	0
64.966	1.08	12.3582
64.966	6.08	36.9091
64.966	11.08	12.5114
64.966	16.08	0
64.966	21.08	21.6275
64.966	26.08	5.2565
64.966	31.08	17.4963
64.966	36.08	16.7235
64.966	41.08	0
64.966	46.08	39.83
64.966	51.08	0
64.966	56.08	14.4001
64.966	61.08	11.2251
64.966	66.08	0
64.966	71.08	4.7472
64.966	76.08	9.8947
64.966	81.08	33.8107
64.966	86.08	14.8537
64.966	91.08	20.3832
64.966	96.08	0.4265
64.966	101.08	0
64.966	106.08	0
64.966	111.08	0
64.966	116.08	13.3711
64.966	121.08	0
64.966	126.08	13.5249
64.966	131.08	10.467
64.966	136.08	7.8116
64.966	141.08	15.1916
64.966	146.08	0
64.966	151.08	30.8619
64.966	156.08	17.4359
64.966	161.08	12.8325
64.966	166.08	0
64.966	171.08	10.288
64.966	176.08	1.7574
64.966	181.08	0
64.966	186.08	0
64.966	191.08	18.6123
64.966	196.08	10.0132
64.966	201.08	29.0743
64.966	206.08	0
64.966	211.08	31.5463
64.966	216.08	9.2876
64.966	221.08	0
64.966	226.08	16.0792
64.966	231.08	14.3528
64.966	236.08	8.3341
64.966	241.08	0
64.966	246.08	0
64.966	251.08	7.1209
64.966	256.08	26.1808
64.966	261.08	39.3077
64.966	266.08	13.3082
64.966	271.08	15.5485
64.966	276.08	29.65
64.966	281.08	13.5388
64.966	286.08	0
64.966	291.08	0
64.966	296.08	18.2306
64.966	301.08	0
64.966	306.08	0
64.966	311.08	32.3271
64.966	316.08	0
64.966	321.08	14.3715
64.966	326.08	9.5333
64.966	331.08	4.3456
64.966	336.08	0
64.966	341.08	9.4343
64.966	346.08	13.0249
64.966	351.08	10.495
64.966	356.08	0.3987
67.026	1.171	26.4329
67.026	6.171	40.852
67.026	11.171	21.4075
67.026	16.171	20.403
67.026	21.171	3.7731
67.026	26.171	21.7245
67.026	31.171	30.5334
67.026	36.171	24.0537
67.026	41.171	32.4547
67.026	46.171	0
67.026	51.171	12.806
67.026	56.171	23.7174
67.026	61.171	0
67.026	66.171	14.2964
67.026	71.171	0
67.026	76.171	8.8665
67.026	81.171	10.9322
67.026	86.171	8.9109
67.026	91.171	5.1573
67.026	96.171	0
67.026	101.171	28.6649
67.026	106.171	23.0948
67.026	111.171	20.1944
67.026	116.171	24.7601
67.026	121.171	33.0133
67.026	126.171	2.8776
67.026	131.171	0
67.026	136.171	11.0406
67.026	141.171	3.7681
67.026	146.171	21.8744
67.026	151.171	0
67.026	156.171	28.8566
67.026	161.171	0
67.026	166.171	22.7388
67.026	171.171	0
67.026	176.171	21.5137
67.026	181.171	0
67.026	186.171	15.8757
67.026	191.171	12.5611
67.026	196.171	0
67.026	201.171	0
67.026	206.171	0
67.026	211.171	0
67.026	216.171	36.4904
67.026	221.171	17.2392
67.026	226.171	0
67.026	231.171	33.8001
67.026	236.171	0
67.026	241.171	11.4616
67.026	246.171	0
67.026	251.171	5.7981
67.026	256.171	0
67.026	261.171	3.4666
67.026	266.171	20.2508
67.026	271.171	0
67.026	276.171	26.4233
67.026	281.171	32.5493
67.026	286.171	13.1244
67.026	291.171	37.1684
67.026	296.171	9.8453
67.026	301.171	32.7602
67.026	306.171	16.5528
67.026	311.171	22.5166
67.026	316.171	38.6511
67.026	321.171	18.4354
67.026	326.171	0
67.026	331.171	0
67.026	336.171	3.9077
67.026	341.171	3.992
67.026	346.171	5.6737
67.026	351.171	11.9469
67.026	356.171	10.1936
71.998	0.971	15.1226
71.998	5.971	20.8073
71.998	10.971	0
71.998	15.971	0
71.998	20.971	8.1144
71.998	25.971	5.5505
71.998	30.971	18.0081
71.998	35.971	19.104
71.998	40.971	2.9111
71.998	45.971	39.3868
71.998	50.971	21.1133
71.998	55.971	59.3784
71.998	60.971	12.5299
71.998	65.971	9.2132
71.998	70.971	24.5407
71.998	75.971	11.7122
71.998	80.971	26.2861
71.998	85.971	15.4779
71.998	90.971	49.266
71.998	95.971	5.9595
71.998	100.971	15.0587
71.998	105.971	7.1807
71.998	110.971	0
71.998	115.971	30.0139
71.998	120.971	5.6265
71.998	125.971	14.5605
71.998	130.971	0
71.998	135.971	20.0059
71.998	140.971	51.6487
71.998	145.971	38.7142
71.998	150.971	0
71.998	155.971	27.2991
71.998	160.971	17.7925
71.998	165.971	32.8235
71.998	170.971	0.7
71.998	175.971	38.4864
71.998	180.971	2.9927
71.998	185.971	41.14
71.998	190.971	37.8339
71.998	195.971	16.6618
71.998	200.971	13.6214
71.998	205.971	3.3235
71.998	210.971	35.3945
71.998	215.971	1.0234
71.998	220.971	32.5819
71.998	225.971	5.7378
71.998	230.971	30.9659
71.998	235.971	0
71.998	240.971	22.1664
71.998	245.971	16.801
71.998	250.971	11.1081
71.998	255.971	7.6042
71.998	260.971	8.7442
71.998	265.971	33.9399
71.998	270.971	36.9966
71.998	275.971	3.4089
71.998	280.971	22.3099
71.998	285.971	9.8472
71.998	290.971	12.4356
71.998	295.971	11.4723
71.998	300.971	0
71.998	305.971	32.2101
71.998	310.971	8.1088
71.998	315.971	24.2594
71.998	320.971	21.0822
71.998	325.971	32.673
71.998	330.971	28.4811
71.998	335.971	46.0229
71.998	340.971	26.657
71.998	345.971	14.6734
71.998	350.971	28.8799
71.998	355.971	26.854
76.962	2.027	0
76.962	7.027	0
76.962	12.027	23.1908
76.962	17.027	0.1017
76.962	22.027	8.133
76.962	27.027	9.7291
76.962	32.027	9.4446
76.962	37.027	0
76.962	42.027	0
76.962	47.027	16.4159
76.962	52.027	7.5386
76.962	57.027	11.0717
76.962	62.027	31.7819
76.962	67.027	3.7729
76.962	72.027	20.67
76.962	77.027	18.8466
76.962	82.027	0
76.962	87.027	25.065
76.962	92.027	9.2969
76.962	97.027	23.393
76.962	102.027	0
76.962	107.027	0
76.962	112.027	13.1463
76.962	117.027	0.4885
76.962	122.027	26.7897
76.962	127.027	53.3088
76.962	132.027	0.7638
76.962	137.027	16.4593
76.962	142.027	45.3576
76.962	147.027	0
76.962	152.027	16.8766
76.962	157.027	9.0665
76.962	162.027	0
76.962	167.027	0
76.962	172.027	0
76.962	177.027	0
76.962	182.027	42.0853
76.962	187.027	19.4999
76.962	192.027	16.8301
76.962	197.027	7.9622
76.962	202.027	0
76.962	207.027	17.7214
76.962	212.027	12.9403
76.962	217.027	15.5499
76.962	222.027	15.2636
76.962	227.027	0
76.962	232.027	13.9013
76.962	237.027	25.0155
76.962	242.027	18.6419
76.962	247.027	24.0794
76.962	252.027	0
76.962	257.027	19.0136
76.962	262.027	0.0507
76.962	267.027	7.9822
76.962	272.027	29.7024
76.962	277.027	5.2225
76.962	282.027	0
76.962	287.027	29.6731
76.962	292.027	0
76.962	297.027	29.654
76.962	302.027	11.8817
76.962	307.027	14.5047
76.962	312.027	0
76.962	317.027	56.019
76.962	322.027	12.7143
76.962	327.027	12.8496
76.962	332.027	22.031
76.962	337.027	14.6875
76.962	342.027	15.5917
76.962	347.027	37.7225
76.962	352.027	31.6566
76.962	357.027	0.2113
79.021	2.401	11.5093
79.021	7.401	17.6076
79.021	12.401	53.2133
79.021	17.401	26.8665
79.021	22.401	10.9321
79.021	27.401	7.9543
79.021	32.401	17.7755
79.021	37.401	6.1491
79.021	42.401	18.2908
79.021	47.401	0
79.021	52.401	21.7099
79.021	57.401	28.1689
79.021	62.401	21.8592
79.021	67.401	3.8593
79.021	72.401	22.6123
79.021	77.401	23.9112
79.021	82.401	18.3823
79.021	87.401	13.1295
79.021	92.401	0
79.021	97.401	9.8511
79.021	102.401	13.9705
79.021	107.401	24.754
79.021	112.401	27.2052
79.021	117.401	1.0738
79.021	122.401	10.7487
79.021	127.401	34.6958
79.021	132.401	11.8637
79.021	137.401	2.4701
79.021	142.401	24.9398
79.021	147.401	0
79.021	152.401	18.7751
79.021	157.401	12.6099
79.021	162.401	0
79.021	167.401	20.0357
79.021	172.401	28.4148
79.021	177.401	35.7761
79.021	182.401	0
79.021	187.401	2.5028
79.021	192.401	8.2926
79.021	197.401	0
79.021	202.401	32.4124
79.021	207.401	23.7394
79.021	212.401	25.9199
79.021	217.401	7.609
79.021	222.401	22.0421
79.021	227.401	5.5408
79.021	232.401	22.0089
79.021	237.401	15.022
79.021	242.401	9.6957
79.021	247.401	0
79.021	252.401	0
79.021	257.401	11.3719
79.021	262.401	4.6504
79.021	267.401	0
79.021	272.401	0
79.021	277.401	1.7236
79.021	282.401	37.6939
79.021	287.401	26.3282
79.021	292.401	0
79.021	297.401	12.9811
79.021	302.401	5.2774
79.021	307.401	30.3167
79.021	312.401	36.2981
79.021	317.401	0
79.021	322.401	0
79.021	327.401	3.7772
79.021	332.401	0
79.021	337.401	29.4428
79.021	342.401	15.6938
79.021	347.401	0
79.021	352.401	0
79.021	357.401	30.2273
83.993	2.868	9.6352
83.993	7.868	0
83.993	12.868	15.837
83.993	17.868	33.8311
83.993	22.868	0
83.993	27.868	24.3627
83.993	32.868	0
83.993	37.868	21.6741
83.993	42.868	23.2716
83.993	47.868	20.9429
83.993	52.868	7.6418
83.993	57.868	0
83.993	62.868	0
83.993	67.868	0
83.993	72.868	15.4246
83.993	77.868	20.7702
83.993	82.868	3.3308
83.993	87.868	40.07
83.993	92.868	41.9411
83.993	97.868	0
83.993	102.868	10.1187
83.993	107.868	20.4052
83.993	112.868	0
83.993	117.868	33.0981
83.993	122.868	16.9576
83.993	127.868	37.0566
83.993	132.868	29.7837
83.993	137.868	12.9984
83.993	142.868	17.4238
83.993	147.868	27.3834
83.993	152.868	33.5507
83.993	157.868	39.5523
83.993	162.868	47.1591
83.993	167.868	36.7115
83.993	172.868	13.6774
83.993	177.868	28.6773
83.993	182.868	0
83.993	187.868	28.2469
83.993	192.868	26.7857
83.993	197.868	28.1348
83.993	202.868	24.3911
83.993	207.868	20.4062
83.993	212.868	8.2311
83.993	217.868	21.0258
83.993	222.868	12.708
83.993	227.868	6.9488
83.993	232.868	6.4392
83.993	237.868	20.2873
83.993	242.868	10.5957
83.993	247.868	15.498
83.993	252.868	3.8298
83.993	257.868	32.3287
83.993	262.868	13.3403
83.993	267.868	24.1575
83.993	272.868	29.7515
83.993	277.868	0
83.993	282.868	40.4142
83.993	287.868	19.9383
83.993	292.868	22.2354
83.993	297.868	8.7309
83.993	302.868	2.2873
83.993	307.868	19.5107
83.993	312.868	0
83.993	317.868	14.0906
83.993	322.868	22.5345
83.993	327.868	12.4068
83.993	332.868	31.1406
83.993	337.868	28.6663
83.993	342.868	23.6505
83.993	347.868	0
83.993	352.868	0
83.993	357.868	25.0111
88.873	1.07	0
88.873	6.07	25.019
88.873	11.07	46.437
88.873	16.07	14.7547
88.873	21.07	24.8247
88.873	26.07	0
88.873	31.07	26.848
88.873	36.07	19.0893
88.873	41.07	33.0038
88.873	46.07	26.0049
88.873	51.07	0
88.873	56.07	21.0732
88.873	61.07	10.5573
88.873	66.07	31.7695
88.873	71.07	34.455
88.873	76.07	17.7133
88.873	81.07	0
88.873	86.07	26.4677
88.873	91.07	4.9424
88.873	96.07	0
88.873	101.07	0
88.873	106.07	0
88.873	111.07	18.1475
88.873	116.07	14.7741
88.873	121.07	44.9395
88.873	126.07	0
88.873	131.07	20.3241
88.873	136.07	36.2404
88.873	141.07	10.6546
88.873	146.07	54.6582
88.873	151.07	33.8655
88.873	156.07	1.7252
88.873	161.07	54.2023
88.873	166.07	15.2141
88.873	171.07	5.0628
88.873	176.07	0
88.873	181.07	0
88.873	186.07	29.0665
88.873	191.07	0
88.873	196.07	26.3378
88.873	201.07	35.6359
88.873	206.07	35.1654
88.873	211.07	0
88.873	216.07	14.5159
88.873	221.07	52.4661
88.873	226.07	10.5472
88.873	231.07	14.2255
88.873	236.07	0.4725
88.873	241.07	7.5736
88.873	246.07	27.5689
88.873	251.07	16.6046
88.873	256.07	1.5172
88.873	261.07	44.5367
88.873	266.07	22.5632
88.873	271.07	14.5217
88.873	276.07	2.8311
88.873	281.07	2.4416
88.873	286.07	24.3941
88.873	291.07	14.8139
88.873	296.07	42.7855
88.873	301.07	0
88.873	306.07	5.3574
88.873	311.07	0.7166
88.873	316.07	8.0736
88.873	321.07	8.0119
88.873	326.07	31.7755
88.873	331.07	15.6931
88.873	336.07	8.8506
88.873	341.07	12.225
88.873	346.07	28.7416
88.873	351.07	0.2898
88.873	356.07	0
