>BT8; Created QKowari;
>grid: 
>backgr: 
-2.0
0	2	206.1202
0	7	193.505
0	12	173.3438
0	17	206.9588
0	22	188.1026
0	27	169.3505
0	32	217.9326
0	37	167.6591
0	42	146.3481
0	47	110.7803
0	52	101.7978
0	57	70.5899
0	62	57.3874
0	67	40.2174
0	72	16.344
0	77	12.4593
0	82	19.1919
0	87	49.3968
0	92	56.3258
0	97	51.5435
0	102	31.1506
0	107	59.5186
0	112	40.6448
0	117	47.3299
0	122	78.7017
0	127	122.7206
0	132	95.3468
0	137	153.2849
0	142	177.3376
0	147	211.6679
0	152	249.5955
0	157	240.3718
0	162	252.9981
0	167	168.6174
0	172	234.2258
0	177	169.3895
0	182	197.1261
0	187	167.6671
0	192	223.7211
0	197	151.2084
0	202	209.3471
0	207	206.0363
0	212	154.702
0	217	162.0434
0	222	193.684
0	227	127.524
0	232	111.5438
0	237	32.0166
0	242	19.4183
0	247	7.2177
0	252	29.3219
0	257	55.9493
0	262	50.8261
0	267	30.0708
0	272	58.7799
0	277	43.4593
0	282	67.0415
0	287	20.3896
0	292	82.4445
0	297	99.0399
0	302	93.2209
0	307	90.0696
0	312	130.4005
0	317	172.298
0	322	218.1712
0	327	244.8756
0	332	274.5934
0	337	237.2162
0	342	216.8532
0	347	215.4133
0	352	155.3089
0	357	179.1847
5.49	2.146	193.1566
5.49	7.146	174.1539
5.49	12.146	207.5956
5.49	17.146	165.8682
5.49	22.146	189.7736
5.49	27.146	186.991
5.49	32.146	147.4549
5.49	37.146	199.6974
5.49	42.146	107.9651
5.49	47.146	103.7468
5.49	52.146	104.1573
5.49	57.146	126.2792
5.49	62.146	51.829
5.49	67.146	80.6104
5.49	72.146	38.5091
5.49	77.146	53.387
5.49	82.146	28.0879
5.49	87.146	37.1338
5.49	92.146	74.0097
5.49	97.146	65.1072
5.49	102.146	69.102
5.49	107.146	26.1394
5.49	112.146	75.2178
5.49	117.146	46.9221
5.49	122.146	104.8462
5.49	127.146	92.0792
5.49	132.146	133.8474
5.49	137.146	149.2278
5.49	142.146	180.12
5.49	147.146	207.8024
5.49	152.146	230.8284
5.49	157.146	224.5519
5.49	162.146	221.1984
5.49	167.146	167.0608
5.49	172.146	181.5672
5.49	177.146	128.8718
5.49	182.146	164.149
5.49	187.146	163.0432
5.49	192.146	182.3009
5.49	197.146	155.8858
5.49	202.146	169.2186
5.49	207.146	173.1439
5.49	212.146	153.813
5.49	217.146	127.3845
5.49	222.146	169.5333
5.49	227.146	118.1521
5.49	232.146	94.1334
5.49	237.146	72.5512
5.49	242.146	29.4394
5.49	247.146	36.5874
5.49	252.146	44.5664
5.49	257.146	41.4217
5.49	262.146	39.119
5.49	267.146	51.0796
5.49	272.146	80.7847
5.49	277.146	68.328
5.49	282.146	25.801
5.49	287.146	111.7964
5.49	292.146	53.6088
5.49	297.146	114.0767
5.49	302.146	102.01
5.49	307.146	152.1915
5.49	312.146	146.6642
5.49	317.146	152.3811
5.49	322.146	209.3322
5.49	327.146	231.0268
5.49	332.146	261.8945
5.49	337.146	227.5147
5.49	342.146	272.8972
5.49	347.146	195.8442
5.49	352.146	169.7664
5.49	357.146	117.5523
6.501	2.15	182.0637
6.501	7.15	164.17495
6.501	12.15	180.29585
6.501	17.15	206.75245
6.501	22.15	196.53395
6.501	27.15	224.9845
6.501	32.15	197.32085
6.501	37.15	178.8943
6.501	42.15	149.85645
6.501	47.15	101.3764
6.501	52.15	89.64045
6.501	57.15	71.84395
6.501	62.15	65.04175
6.501	67.15	48.9993
6.501	72.15	33.44995
6.501	77.15	37.90955
6.501	82.15	52.65275
6.501	87.15	18.4111
6.501	92.15	42.97785
6.501	97.15	65.46005
6.501	102.15	52.5036
6.501	107.15	16.48565
6.501	112.15	34.97435
6.501	117.15	54.92225
6.501	122.15	79.9027
6.501	127.15	103.2203
6.501	132.15	147.3031
6.501	137.15	154.74205
6.501	142.15	161.33265
6.501	147.15	191.80735
6.501	152.15	262.35
6.501	157.15	247.05485
6.501	162.15	232.7404
6.501	167.15	231.10385
6.501	172.15	177.27905
6.501	177.15	197.2677
6.501	182.15	171.59195
6.501	187.15	170.0976
6.501	192.15	212.48655
6.501	197.15	179.15885
6.501	202.15	205.84195
6.501	207.15	195.45955
6.501	212.15	191.03055
6.501	217.15	197.0275
6.501	222.15	123.40425
6.501	227.15	105.0515
6.501	232.15	65.1637
6.501	237.15	78.61675
6.501	242.15	83.0602
6.501	247.15	51.48925
6.501	252.15	41.1516
6.501	257.15	40.14325
6.501	262.15	39.407
6.501	267.15	30.5291
6.501	272.15	49.5504
6.501	277.15	17.36025
6.501	282.15	36.7359
6.501	287.15	70.0978
6.501	292.15	73.5154
6.501	297.15	76.3035
6.501	302.15	101.8469
6.501	307.15	84.8868
6.501	312.15	131.83405
6.501	317.15	163.6133
6.501	322.15	209.967
6.501	327.15	218.5058
6.501	332.15	217.2785
6.501	337.15	241.57465
6.501	342.15	204.46395
6.501	347.15	191.6444
6.501	352.15	205.18065
6.501	357.15	171.9912
11.993	2.045	167.5922
11.993	7.045	221.2802
11.993	12.045	241.9502
11.993	17.045	204.2544
11.993	22.045	235.3667
11.993	27.045	272.9159
11.993	32.045	221.4206
11.993	37.045	166.8803
11.993	42.045	135.3717
11.993	47.045	159.5887
11.993	52.045	107.5164
11.993	57.045	44.0893
11.993	62.045	92.2075
11.993	67.045	86.2564
11.993	72.045	39.0839
11.993	77.045	39.0018
11.993	82.045	40.1828
11.993	87.045	44.5421
11.993	92.045	18.7112
11.993	97.045	47.8631
11.993	102.045	33.0019
11.993	107.045	75.067
11.993	112.045	29.2257
11.993	117.045	105.0867
11.993	122.045	114.0907
11.993	127.045	82.8441
11.993	132.045	147.2877
11.993	137.045	197.9113
11.993	142.045	219.9396
11.993	147.045	218.3139
11.993	152.045	269.5541
11.993	157.045	211.4768
11.993	162.045	271.2708
11.993	167.045	216.6231
11.993	172.045	206.5495
11.993	177.045	180.93
11.993	182.045	207.0114
11.993	187.045	226.2857
11.993	192.045	220.5706
11.993	197.045	219.7871
11.993	202.045	221.058
11.993	207.045	244.7958
11.993	212.045	235.4098
11.993	217.045	212.6024
11.993	222.045	154.9452
11.993	227.045	133.0988
11.993	232.045	90.1545
11.993	237.045	99.6238
11.993	242.045	53.8738
11.993	247.045	70.9682
11.993	252.045	73.6689
11.993	257.045	18.3575
11.993	262.045	73.0564
11.993	267.045	59.7369
11.993	272.045	57.5687
11.993	277.045	67.3901
11.993	282.045	69.1019
11.993	287.045	28.5176
11.993	292.045	87.9712
11.993	297.045	62.4517
11.993	302.045	78.7869
11.993	307.045	141.1632
11.993	312.045	180.7898
11.993	317.045	213.9689
11.993	322.045	248.3206
11.993	327.045	267.1587
11.993	332.045	232.9296
11.993	337.045	296.4231
11.993	342.045	255.2212
11.993	347.045	184.7893
11.993	352.045	168.6544
11.993	357.045	203.9955
17.482	2.24	167.604
17.482	7.24	190.9344
17.482	12.24	235.0742
17.482	17.24	255.4035
17.482	22.24	188.5954
17.482	27.24	216.3779
17.482	32.24	238.8112
17.482	37.24	186.9559
17.482	42.24	109.9604
17.482	47.24	174.7266
17.482	52.24	94.9276
17.482	57.24	69.3254
17.482	62.24	71.1727
17.482	67.24	68.8088
17.482	72.24	50.1964
17.482	77.24	21.0852
17.482	82.24	20.7513
17.482	87.24	64.3123
17.482	92.24	59.467
17.482	97.24	68.1298
17.482	102.24	73.7271
17.482	107.24	68.2028
17.482	112.24	50.0197
17.482	117.24	119.2091
17.482	122.24	98.4373
17.482	127.24	141.4178
17.482	132.24	167.9339
17.482	137.24	177.4989
17.482	142.24	181.6617
17.482	147.24	243.3879
17.482	152.24	275.5093
17.482	157.24	228.5088
17.482	162.24	202.9028
17.482	167.24	235.818
17.482	172.24	161.228
17.482	177.24	207.7233
17.482	182.24	158.3055
17.482	187.24	186.2572
17.482	192.24	135.035
17.482	197.24	211.7673
17.482	202.24	207.5109
17.482	207.24	211.863
17.482	212.24	196.7567
17.482	217.24	165.0341
17.482	222.24	177.9569
17.482	227.24	99.9525
17.482	232.24	128.0981
17.482	237.24	90.5772
17.482	242.24	59.2724
17.482	247.24	50.6736
17.482	252.24	43.4012
17.482	257.24	55.4437
17.482	262.24	33.4192
17.482	267.24	30.0048
17.482	272.24	59.8113
17.482	277.24	29.209
17.482	282.24	77.1606
17.482	287.24	119.9307
17.482	292.24	46.7136
17.482	297.24	30.0744
17.482	302.24	117.7793
17.482	307.24	114.2533
17.482	312.24	215.0475
17.482	317.24	184.6699
17.482	322.24	224.3243
17.482	327.24	268.0554
17.482	332.24	297.2093
17.482	337.24	241.6697
17.482	342.24	200.0718
17.482	347.24	222.5008
17.482	352.24	152.4539
17.482	357.24	126.0635
18.492	2.252	199.8813
18.492	7.252	169.8623
18.492	12.252	262.7665
18.492	17.252	224.2799
18.492	22.252	271.3446
18.492	27.252	213.7667
18.492	32.252	201.1342
18.492	37.252	191.6857
18.492	42.252	202.9115
18.492	47.252	136.4711
18.492	52.252	131.4986
18.492	57.252	113.4154
18.492	62.252	72.3943
18.492	67.252	43.4059
18.492	72.252	74.6455
18.492	77.252	74.8945
18.492	82.252	44.5646
18.492	87.252	33.6125
18.492	92.252	45.5527
18.492	97.252	77.6399
18.492	102.252	88.6024
18.492	107.252	94.4401
18.492	112.252	78.8901
18.492	117.252	63.2169
18.492	122.252	106.8866
18.492	127.252	164.2362
18.492	132.252	175.8769
18.492	137.252	206.5812
18.492	142.252	270.2372
18.492	147.252	318.8009
18.492	152.252	259.127
18.492	157.252	274.5906
18.492	162.252	345.5633
18.492	167.252	233.2186
18.492	172.252	211.1449
18.492	177.252	226.9956
18.492	182.252	185.1883
18.492	187.252	280.6933
18.492	192.252	226.2485
18.492	197.252	216.3579
18.492	202.252	246.1635
18.492	207.252	280.884
18.492	212.252	220.9952
18.492	217.252	254.0073
18.492	222.252	201.8475
18.492	227.252	150.9401
18.492	232.252	162.3689
18.492	237.252	123.0547
18.492	242.252	36.3247
18.492	247.252	60.2894
18.492	252.252	43.197
18.492	257.252	24.4525
18.492	262.252	59.9844
18.492	267.252	79.4253
18.492	272.252	57.2959
18.492	277.252	87.9903
18.492	282.252	46.5831
18.492	287.252	82.1192
18.492	292.252	53.176
18.492	297.252	74.953
18.492	302.252	137.6547
18.492	307.252	119.6326
18.492	312.252	171.2947
18.492	317.252	192.7356
18.492	322.252	253.9662
18.492	327.252	292.464
18.492	332.252	300.8724
18.492	337.252	270.7326
18.492	342.252	267.8907
18.492	347.252	244.8774
18.492	352.252	252.9683
18.492	357.252	201.1621
23.984	2.189	216.324
23.984	7.189	250.5846
23.984	12.189	200.0766
23.984	17.189	238.2284
23.984	22.189	299.0005
23.984	27.189	303.021
23.984	32.189	300.1563
23.984	37.189	216.6856
23.984	42.189	140.1161
23.984	47.189	205.4911
23.984	52.189	145.3689
23.984	57.189	114.2861
23.984	62.189	148.0031
23.984	67.189	78.6961
23.984	72.189	50.6679
23.984	77.189	48.7749
23.984	82.189	14.1223
23.984	87.189	108.8203
23.984	92.189	40.5878
23.984	97.189	44.8401
23.984	102.189	60.4156
23.984	107.189	64.2431
23.984	112.189	55.3567
23.984	117.189	92.5911
23.984	122.189	126.3469
23.984	127.189	134.6138
23.984	132.189	142.4821
23.984	137.189	179.7339
23.984	142.189	256.1356
23.984	147.189	297.313
23.984	152.189	263.8646
23.984	157.189	303.226
23.984	162.189	265.3411
23.984	167.189	245.4157
23.984	172.189	241.201
23.984	177.189	223.0256
23.984	182.189	220.3839
23.984	187.189	242.0119
23.984	192.189	270.9642
23.984	197.189	226.8063
23.984	202.189	260.789
23.984	207.189	244.7308
23.984	212.189	246.6722
23.984	217.189	306.9881
23.984	222.189	167.6186
23.984	227.189	114.0081
23.984	232.189	150.262
23.984	237.189	100.4085
23.984	242.189	63.6761
23.984	247.189	87.4867
23.984	252.189	34.3442
23.984	257.189	95.1406
23.984	262.189	104.2221
23.984	267.189	64.4281
23.984	272.189	54.1053
23.984	277.189	58.9623
23.984	282.189	59.323
23.984	287.189	66.5436
23.984	292.189	98.7566
23.984	297.189	85.4008
23.984	302.189	161.45
23.984	307.189	176.9733
23.984	312.189	196.4145
23.984	317.189	204.567
23.984	322.189	263.7646
23.984	327.189	282.439
23.984	332.189	278.7836
23.984	337.189	310.6148
23.984	342.189	275.5393
23.984	347.189	229.8859
23.984	352.189	242.7567
23.984	357.189	216.1112
29.472	2.454	203.4117
29.472	7.454	242.5076
29.472	12.454	259.039
29.472	17.454	275.5788
29.472	22.454	302.4906
29.472	27.454	199.839
29.472	32.454	213.7427
29.472	37.454	229.8077
29.472	42.454	215.7022
29.472	47.454	148.0817
29.472	52.454	134.8952
29.472	57.454	117.605
29.472	62.454	150.2765
29.472	67.454	94.6895
29.472	72.454	88.5036
29.472	77.454	69.2213
29.472	82.454	98.7953
29.472	87.454	83.4871
29.472	92.454	100.203
29.472	97.454	58.1311
29.472	102.454	45.3922
29.472	107.454	66.4551
29.472	112.454	89.9432
29.472	117.454	67.2519
29.472	122.454	123.9055
29.472	127.454	148.2021
29.472	132.454	228.9744
29.472	137.454	206.4693
29.472	142.454	276.0364
29.472	147.454	267.8101
29.472	152.454	284.3555
29.472	157.454	303.4415
29.472	162.454	278.4824
29.472	167.454	221.1774
29.472	172.454	255.3093
29.472	177.454	238.0204
29.472	182.454	218.7749
29.472	187.454	238.7987
29.472	192.454	266.1409
29.472	197.454	280.4561
29.472	202.454	226.3434
29.472	207.454	251.7581
29.472	212.454	257.9441
29.472	217.454	230.1644
29.472	222.454	120.2153
29.472	227.454	142.5457
29.472	232.454	141.3425
29.472	237.454	106.3017
29.472	242.454	118.8956
29.472	247.454	62.5634
29.472	252.454	87.3402
29.472	257.454	32.7259
29.472	262.454	95.8606
29.472	267.454	106.0599
29.472	272.454	99.47
29.472	277.454	80.9162
29.472	282.454	46.7718
29.472	287.454	78.2308
29.472	292.454	68.7207
29.472	297.454	111.1025
29.472	302.454	115.9046
29.472	307.454	143.9139
29.472	312.454	190.3794
29.472	317.454	232.005
29.472	322.454	286.9626
29.472	327.454	259.2357
29.472	332.454	279.2551
29.472	337.454	301.8659
29.472	342.454	242.6041
29.472	347.454	243.3476
29.472	352.454	230.703
29.472	357.454	243.7447
30.482	2.479	279.4822
30.482	7.479	272.4935
30.482	12.479	284.3595
30.482	17.479	254.8205
30.482	22.479	285.6516
30.482	27.479	339.9626
30.482	32.479	310.2193
30.482	37.479	223.5264
30.482	42.479	207.697
30.482	47.479	226.6672
30.482	52.479	144.5322
30.482	57.479	71.7133
30.482	62.479	81.8395
30.482	67.479	66.9629
30.482	72.479	63.7261
30.482	77.479	48.9036
30.482	82.479	60.4869
30.482	87.479	86.1324
30.482	92.479	94.4349
30.482	97.479	61.9237
30.482	102.479	89.7862
30.482	107.479	76.3445
30.482	112.479	104.529
30.482	117.479	95.5155
30.482	122.479	115.1211
30.482	127.479	157.6441
30.482	132.479	211.4351
30.482	137.479	268.9717
30.482	142.479	275.364
30.482	147.479	315.8162
30.482	152.479	344.5992
30.482	157.479	300.3013
30.482	162.479	294.5931
30.482	167.479	272.8611
30.482	172.479	254.6069
30.482	177.479	226.5181
30.482	182.479	288.1207
30.482	187.479	273.1411
30.482	192.479	294.8695
30.482	197.479	297.5883
30.482	202.479	331.5585
30.482	207.479	288.7572
30.482	212.479	303.5582
30.482	217.479	257.9344
30.482	222.479	222.3205
30.482	227.479	220.7656
30.482	232.479	156.8723
30.482	237.479	111.2371
30.482	242.479	83.3538
30.482	247.479	132.3281
30.482	252.479	90.5712
30.482	257.479	57.6804
30.482	262.479	61.0172
30.482	267.479	99.5488
30.482	272.479	70.3867
30.482	277.479	122.333
30.482	282.479	120.9704
30.482	287.479	98.5198
30.482	292.479	99.8622
30.482	297.479	125.6639
30.482	302.479	146.4722
30.482	307.479	221.2888
30.482	312.479	170.3892
30.482	317.479	304.6911
30.482	322.479	303.4528
30.482	327.479	311.1478
30.482	332.479	327.2599
30.482	337.479	399.2427
30.482	342.479	298.244
30.482	347.479	289.0999
30.482	352.479	298.2604
30.482	357.479	233.2825
35.975	2.472	265.3607
35.975	7.472	317.5962
35.975	12.472	370.5861
35.975	17.472	297.3467
35.975	22.472	274.7225
35.975	27.472	298.1926
35.975	32.472	324.6897
35.975	37.472	291.6525
35.975	42.472	194.1395
35.975	47.472	177.1908
35.975	52.472	130.3749
35.975	57.472	123.5244
35.975	62.472	78.4187
35.975	67.472	68.6944
35.975	72.472	75.269
35.975	77.472	25.3855
35.975	82.472	47.4835
35.975	87.472	89.3976
35.975	92.472	83.8624
35.975	97.472	69.647
35.975	102.472	56.3508
35.975	107.472	83.9699
35.975	112.472	111.6854
35.975	117.472	140.805
35.975	122.472	120.1517
35.975	127.472	227.132
35.975	132.472	218.9971
35.975	137.472	247.7446
35.975	142.472	262.7861
35.975	147.472	338.4681
35.975	152.472	339.9317
35.975	157.472	394.0495
35.975	162.472	378.6438
35.975	167.472	355.6953
35.975	172.472	240.6999
35.975	177.472	225.6643
35.975	182.472	275.4861
35.975	187.472	273.7207
35.975	192.472	259.713
35.975	197.472	274.9067
35.975	202.472	372.8175
35.975	207.472	305.287
35.975	212.472	292.8402
35.975	217.472	285.1319
35.975	222.472	272.3903
35.975	227.472	240.1079
35.975	232.472	196.342
35.975	237.472	147.7633
35.975	242.472	112.3794
35.975	247.472	108.8734
35.975	252.472	108.717
35.975	257.472	65.9162
35.975	262.472	61.3318
35.975	267.472	115.5347
35.975	272.472	89.5206
35.975	277.472	107.3053
35.975	282.472	68.9605
35.975	287.472	134.3467
35.975	292.472	118.4554
35.975	297.472	130.4763
35.975	302.472	198.694
35.975	307.472	186.9871
35.975	312.472	227.1736
35.975	317.472	266.24
35.975	322.472	339.7311
35.975	327.472	331.3071
35.975	332.472	336.6077
35.975	337.472	330.3509
35.975	342.472	329.793
35.975	347.472	319.6271
35.975	352.472	354.6751
35.975	357.472	264.7068
41.459	2.851	290.6987
41.459	7.851	338.7461
41.459	12.851	325.563
41.459	17.851	308.1024
41.459	22.851	251.1895
41.459	27.851	323.662
41.459	32.851	297.8183
41.459	37.851	292.285
41.459	42.851	212.8825
41.459	47.851	182.7858
41.459	52.851	187.7804
41.459	57.851	120.549
41.459	62.851	95.096
41.459	67.851	68.5741
41.459	72.851	88.6159
41.459	77.851	107.4283
41.459	82.851	69.5236
41.459	87.851	74.2863
41.459	92.851	91.6232
41.459	97.851	83.1481
41.459	102.851	101.5009
41.459	107.851	75.6299
41.459	112.851	120.1721
41.459	117.851	117.9911
41.459	122.851	119.3142
41.459	127.851	202.8588
41.459	132.851	265.4059
41.459	137.851	322.3312
41.459	142.851	332.3256
41.459	147.851	316.7274
41.459	152.851	272.1678
41.459	157.851	321.7964
41.459	162.851	362.857
41.459	167.851	353.0449
41.459	172.851	328.8337
41.459	177.851	304.4562
41.459	182.851	230.3995
41.459	187.851	269.2826
41.459	192.851	296.5671
41.459	197.851	269.682
41.459	202.851	298.4015
41.459	207.851	311.1524
41.459	212.851	235.7764
41.459	217.851	290.9429
41.459	222.851	231.4154
41.459	227.851	167.6989
41.459	232.851	156.7066
41.459	237.851	154.7579
41.459	242.851	124.381
41.459	247.851	166.6839
41.459	252.851	46.6783
41.459	257.851	60.4915
41.459	262.851	118.9298
41.459	267.851	110.5521
41.459	272.851	0
41.459	277.851	74.1744
41.459	282.851	93.6942
41.459	287.851	113.4699
41.459	292.851	124.8515
41.459	297.851	145.3386
41.459	302.851	184.534
41.459	307.851	218.048
41.459	312.851	217.191
41.459	317.851	265.1453
41.459	322.851	311.4924
41.459	327.851	316.7884
41.459	332.851	381.2362
41.459	337.851	349.9773
41.459	342.851	281.2809
41.459	347.851	261.9318
41.459	352.851	200.1211
41.459	357.851	276.407
42.469	2.896	368.8689
42.469	7.896	342.4759
42.469	12.896	353.622
42.469	17.896	320.4824
42.469	22.896	393.543
42.469	27.896	333.9478
42.469	32.896	321.5973
42.469	37.896	349.0832
42.469	42.896	258.9934
42.469	47.896	255.0108
42.469	52.896	204.8087
42.469	57.896	177.6492
42.469	62.896	146.0371
42.469	67.896	81.3335
42.469	72.896	40.2474
42.469	77.896	87.1873
42.469	82.896	70.7967
42.469	87.896	57.5389
42.469	92.896	81.5304
42.469	97.896	78.3596
42.469	102.896	87.8146
42.469	107.896	99.4756
42.469	112.896	93.9852
42.469	117.896	115.7141
42.469	122.896	190.0714
42.469	127.896	204.86
42.469	132.896	291.5083
42.469	137.896	333.7448
42.469	142.896	359.6349
42.469	147.896	410.6839
42.469	152.896	401.743
42.469	157.896	393.1384
42.469	162.896	342.1366
42.469	167.896	334.5261
42.469	172.896	383.1425
42.469	177.896	319.0823
42.469	182.896	345.3484
42.469	187.896	348.19
42.469	192.896	369.1449
42.469	197.896	364.5774
42.469	202.896	324.7495
42.469	207.896	370.887
42.469	212.896	290.8292
42.469	217.896	336.8059
42.469	222.896	357.8769
42.469	227.896	288.9894
42.469	232.896	234.9662
42.469	237.896	168.4509
42.469	242.896	111.8225
42.469	247.896	113.1864
42.469	252.896	78.9434
42.469	257.896	131.6125
42.469	262.896	70.2693
42.469	267.896	71.0973
42.469	272.896	80.562
42.469	277.896	98.2106
42.469	282.896	110.7963
42.469	287.896	148.683
42.469	292.896	131.487
42.469	297.896	165.2484
42.469	302.896	171.0006
42.469	307.896	245.6473
42.469	312.896	278.576
42.469	317.896	347.1393
42.469	322.896	405.4407
42.469	327.896	381.2274
42.469	332.896	410.6148
42.469	337.896	403.3968
42.469	342.896	359.0422
42.469	347.896	319.3204
42.469	352.896	342.7227
42.469	357.896	369.3226
47.961	2.987	359.0676
47.961	7.987	384.2103
47.961	12.987	301.242
47.961	17.987	388.0997
47.961	22.987	375.5243
47.961	27.987	368.5237
47.961	32.987	362.9314
47.961	37.987	315.7614
47.961	42.987	245.6981
47.961	47.987	284.2079
47.961	52.987	180.2588
47.961	57.987	179.9445
47.961	62.987	111.2339
47.961	67.987	179.7183
47.961	72.987	98.1661
47.961	77.987	118.171
47.961	82.987	101.0571
47.961	87.987	91.3799
47.961	92.987	80.9528
47.961	97.987	67.2464
47.961	102.987	107.5637
47.961	107.987	108.6209
47.961	112.987	140.7216
47.961	117.987	169.7925
47.961	122.987	159.9595
47.961	127.987	256.9346
47.961	132.987	335.1735
47.961	137.987	280.6713
47.961	142.987	351.1714
47.961	147.987	425.8541
47.961	152.987	339.6982
47.961	157.987	412.8989
47.961	162.987	371.6967
47.961	167.987	396.3149
47.961	172.987	366.1259
47.961	177.987	318.4579
47.961	182.987	367.8716
47.961	187.987	354.2637
47.961	192.987	392.8125
47.961	197.987	354.9369
47.961	202.987	391.4221
47.961	207.987	422.684
47.961	212.987	382.4496
47.961	217.987	367.4002
47.961	222.987	290.935
47.961	227.987	248.2794
47.961	232.987	183.6083
47.961	237.987	170.1629
47.961	242.987	164.3184
47.961	247.987	171.9131
47.961	252.987	130.5668
47.961	257.987	94.0339
47.961	262.987	122.0342
47.961	267.987	96.7736
47.961	272.987	106.8363
47.961	277.987	88.201
47.961	282.987	84.2691
47.961	287.987	178.8057
47.961	292.987	134.7447
47.961	297.987	196.2602
47.961	302.987	190.312
47.961	307.987	282.676
47.961	312.987	350.1217
47.961	317.987	403.6365
47.961	322.987	353.4561
47.961	327.987	420.9436
47.961	332.987	422.5143
47.961	337.987	393.3718
47.961	342.987	376.4414
47.961	347.987	348.3824
47.961	352.987	346.3197
47.961	357.987	365.3537
53.441	3.588	345.3838
53.441	8.588	342.6131
53.441	13.588	419.1322
53.441	18.588	359.916
53.441	23.588	395.5948
53.441	28.588	374.3441
53.441	33.588	392.7321
53.441	38.588	331.5203
53.441	43.588	312.4566
53.441	48.588	268.9817
53.441	53.588	202.7947
53.441	58.588	245.7786
53.441	63.588	181.1137
53.441	68.588	127.2306
53.441	73.588	126.8528
53.441	78.588	110.5166
53.441	83.588	151.695
53.441	88.588	151.0783
53.441	93.588	79.4221
53.441	98.588	150.9026
53.441	103.588	117.6864
53.441	108.588	155.348
53.441	113.588	175.0122
53.441	118.588	202.8783
53.441	123.588	214.9193
53.441	128.588	234.8724
53.441	133.588	275.4572
53.441	138.588	357.7456
53.441	143.588	411.7868
53.441	148.588	354.6491
53.441	153.588	359.9986
53.441	158.588	460.7118
53.441	163.588	438.1571
53.441	168.588	460.7295
53.441	173.588	394.9036
53.441	178.588	350.6032
53.441	183.588	414.0448
53.441	188.588	332.4399
53.441	193.588	367.5476
53.441	198.588	351.7894
53.441	203.588	373.9544
53.441	208.588	370.2413
53.441	213.588	368.4784
53.441	218.588	364.5526
53.441	223.588	301.728
53.441	228.588	298.7177
53.441	233.588	207.2015
53.441	238.588	190.1617
53.441	243.588	224.0703
53.441	248.588	131.5844
53.441	253.588	195.0872
53.441	258.588	107.3956
53.441	263.588	133.68
53.441	268.588	102.7861
53.441	273.588	119.4408
53.441	278.588	136.8076
53.441	283.588	149.2055
53.441	288.588	180.7261
53.441	293.588	200.6989
53.441	298.588	155.9575
53.441	303.588	281.3258
53.441	308.588	297.9157
53.441	313.588	380.9022
53.441	318.588	385.9892
53.441	323.588	442.2948
53.441	328.588	404.0722
53.441	333.588	389.6102
53.441	338.588	475.9694
53.441	343.588	413.8976
53.441	348.588	378.9122
53.441	353.588	323.4302
53.441	358.588	313.4136
54.45	3.676	405.6246
54.45	8.676	469.5039
54.45	13.676	384.0356
54.45	18.676	432.9796
54.45	23.676	473.0533
54.45	28.676	430.3036
54.45	33.676	451.944
54.45	38.676	426.2365
54.45	43.676	349.5564
54.45	48.676	384.9833
54.45	53.676	308.5841
54.45	58.676	252.4994
54.45	63.676	217.5793
54.45	68.676	179.6515
54.45	73.676	187.0551
54.45	78.676	175.1846
54.45	83.676	97.8897
54.45	88.676	149.0685
54.45	93.676	190.1505
54.45	98.676	132.2871
54.45	103.676	174.6904
54.45	108.676	179.4425
54.45	113.676	219.3067
54.45	118.676	220.3398
54.45	123.676	281.4161
54.45	128.676	277.5587
54.45	133.676	391.6872
54.45	138.676	402.4634
54.45	143.676	427.3647
54.45	148.676	445.3478
54.45	153.676	522.1672
54.45	158.676	491.3199
54.45	163.676	457.3929
54.45	168.676	428.0351
54.45	173.676	426.0211
54.45	178.676	413.0206
54.45	183.676	475.9049
54.45	188.676	470.9641
54.45	193.676	498.2419
54.45	198.676	419.4446
54.45	203.676	502.5845
54.45	208.676	400.4676
54.45	213.676	451.6192
54.45	218.676	413.0504
54.45	223.676	357.9228
54.45	228.676	342.4985
54.45	233.676	297.2725
54.45	238.676	265.2771
54.45	243.676	205.2653
54.45	248.676	217.6508
54.45	253.676	195.4471
54.45	258.676	162.5211
54.45	263.676	140.8909
54.45	268.676	184.4814
54.45	273.676	166.307
54.45	278.676	159.3969
54.45	283.676	117.0422
54.45	288.676	238.5901
54.45	293.676	236.8534
54.45	298.676	281.5718
54.45	303.676	334.7712
54.45	308.676	345.9263
54.45	313.676	351.0515
54.45	318.676	398.3826
54.45	323.676	451.6798
54.45	328.676	444.2015
54.45	333.676	454.1047
54.45	338.676	477.4994
54.45	343.676	430.5986
54.45	348.676	411.5484
54.45	353.676	320.881
54.45	358.676	461.0002
59.94	3.995	443.2531
59.94	8.995	492.6808
59.94	13.995	547.5457
59.94	18.995	487.2673
59.94	23.995	430.3981
59.94	28.995	476.0985
59.94	33.995	460.258
59.94	38.995	438.1872
59.94	43.995	450.9484
59.94	48.995	414.6934
59.94	53.995	416.4384
59.94	58.995	320.701
59.94	63.995	232.1693
59.94	68.995	280.8863
59.94	73.995	287.6061
59.94	78.995	172.2744
59.94	83.995	217.3308
59.94	88.995	188.0348
59.94	93.995	235.1071
59.94	98.995	232.906
59.94	103.995	217.053
59.94	108.995	256.406
59.94	113.995	272.2172
59.94	118.995	286.0159
59.94	123.995	327.4787
59.94	128.995	393.424
59.94	133.995	361.6317
59.94	138.995	431.6367
59.94	143.995	535.3032
59.94	148.995	551.0145
59.94	153.995	525.1494
59.94	158.995	486.306
59.94	163.995	471.6735
59.94	168.995	561.3068
59.94	173.995	484.7462
59.94	178.995	504.0004
59.94	183.995	590.7182
59.94	188.995	498.7339
59.94	193.995	506.1954
59.94	198.995	489.7606
59.94	203.995	503.8601
59.94	208.995	494.3761
59.94	213.995	497.4563
59.94	218.995	492.3788
59.94	223.995	409.1827
59.94	228.995	380.6115
59.94	233.995	351.692
59.94	238.995	358.1694
59.94	243.995	324.6641
59.94	248.995	241.6657
59.94	253.995	177.8885
59.94	258.995	234.6246
59.94	263.995	159.5592
59.94	268.995	215.1677
59.94	273.995	206.0029
59.94	278.995	216.6617
59.94	283.995	263.3839
59.94	288.995	209.291
59.94	293.995	254.0085
59.94	298.995	361.6819
59.94	303.995	414.3143
59.94	308.995	408.4329
59.94	313.995	390.669
59.94	318.995	481.7896
59.94	323.995	421.302
59.94	328.995	485.3914
59.94	333.995	514.4479
59.94	338.995	457.584
59.94	343.995	501.7461
59.94	348.995	438.1556
59.94	353.995	416.266
59.94	358.995	442.1713
65.407	0.138	562.884
65.407	5.138	552.9524
65.407	10.138	533.7302
65.407	15.138	492.3609
65.407	20.138	523.1414
65.407	25.138	483.1806
65.407	30.138	479.7714
65.407	35.138	510.8809
65.407	40.138	469.3647
65.407	45.138	449.8409
65.407	50.138	465.6313
65.407	55.138	409.7574
65.407	60.138	371.7917
65.407	65.138	407.3418
65.407	70.138	336.5581
65.407	75.138	306.4183
65.407	80.138	295.3805
65.407	85.138	315.5548
65.407	90.138	250.1132
65.407	95.138	269.0423
65.407	100.138	296.1673
65.407	105.138	345.6636
65.407	110.138	347.1176
65.407	115.138	390.2278
65.407	120.138	355.9788
65.407	125.138	479.5112
65.407	130.138	433.1524
65.407	135.138	489.4822
65.407	140.138	553.3316
65.407	145.138	551.2539
65.407	150.138	569.9777
65.407	155.138	544.9163
65.407	160.138	554.5375
65.407	165.138	589.4121
65.407	170.138	561.5878
65.407	175.138	562.1649
65.407	180.138	580.5467
65.407	185.138	587.1387
65.407	190.138	576.8441
65.407	195.138	496.1209
65.407	200.138	555.9004
65.407	205.138	553.8744
65.407	210.138	594.9343
65.407	215.138	560.1451
65.407	220.138	507.8458
65.407	225.138	478.6522
65.407	230.138	450.6632
65.407	235.138	412.3401
65.407	240.138	339.1031
65.407	245.138	352.9208
65.407	250.138	351.7838
65.407	255.138	301.8413
65.407	260.138	207.6424
65.407	265.138	287.8909
65.407	270.138	330.0977
65.407	275.138	269.5149
65.407	280.138	253.5276
65.407	285.138	286.678
65.407	290.138	322.5821
65.407	295.138	357.2022
65.407	300.138	389.7231
65.407	305.138	357.3362
65.407	310.138	495.1873
65.407	315.138	414.0569
65.407	320.138	452.3527
65.407	325.138	470.4773
65.407	330.138	504.3458
65.407	335.138	560.5537
65.407	340.138	519.2304
65.407	345.138	496.4694
65.407	350.138	494.6486
65.407	355.138	479.0483
66.414	0.345	562.2817
66.414	5.345	617.2877
66.414	10.345	626.1033
66.414	15.345	524.7162
66.414	20.345	642.2803
66.414	25.345	610.9581
66.414	30.345	555.7439
66.414	35.345	619.8266
66.414	40.345	594.1351
66.414	45.345	570.9278
66.414	50.345	567.7428
66.414	55.345	460.41
66.414	60.345	466.6339
66.414	65.345	462.6484
66.414	70.345	450.9718
66.414	75.345	391.1508
66.414	80.345	405.0414
66.414	85.345	349.7534
66.414	90.345	434.1671
66.414	95.345	421.5661
66.414	100.345	395.0513
66.414	105.345	407.5571
66.414	110.345	427.2114
66.414	115.345	479.8596
66.414	120.345	493.1224
66.414	125.345	500.2752
66.414	130.345	586.0008
66.414	135.345	544.6505
66.414	140.345	605.3216
66.414	145.345	628.6386
66.414	150.345	630.2607
66.414	155.345	647.4303
66.414	160.345	624.729
66.414	165.345	761.9301
66.414	170.345	741.2883
66.414	175.345	693.236
66.414	180.345	700.7353
66.414	185.345	680.7803
66.414	190.345	664.7902
66.414	195.345	656.3598
66.414	200.345	674.3785
66.414	205.345	614.9608
66.414	210.345	663.304
66.414	215.345	674.0674
66.414	220.345	584.3045
66.414	225.345	535.4028
66.414	230.345	534.803
66.414	235.345	542.8264
66.414	240.345	443.7223
66.414	245.345	497.3195
66.414	250.345	385.7586
66.414	255.345	373.2408
66.414	260.345	334.6718
66.414	265.345	283.3017
66.414	270.345	333.8993
66.414	275.345	347.2106
66.414	280.345	437.4991
66.414	285.345	372.9898
66.414	290.345	397.3968
66.414	295.345	394.4533
66.414	300.345	493.9015
66.414	305.345	494.0912
66.414	310.345	541.2363
66.414	315.345	569.2364
66.414	320.345	515.1762
66.414	325.345	515.4056
66.414	330.345	550.7598
66.414	335.345	576.0437
66.414	340.345	598.33
66.414	345.345	553.0268
66.414	350.345	656.3592
66.414	355.345	637.4362
71.893	1.447	664.6053
71.893	6.447	716.5523
71.893	11.447	715.3126
71.893	16.447	702.6699
71.893	21.447	730.959
71.893	26.447	710.0181
71.893	31.447	654.9114
71.893	36.447	628.4421
71.893	41.447	654.7241
71.893	46.447	658.1755
71.893	51.447	655.1241
71.893	56.447	603.401
71.893	61.447	595.1907
71.893	66.447	623.3275
71.893	71.447	515.7301
71.893	76.447	537.9552
71.893	81.447	565.5298
71.893	86.447	483.306
71.893	91.447	485.0985
71.893	96.447	541.4517
71.893	101.447	536.4686
71.893	106.447	563.7849
71.893	111.447	547.1655
71.893	116.447	631.7834
71.893	121.447	630.3684
71.893	126.447	588.1214
71.893	131.447	664.3293
71.893	136.447	650.6385
71.893	141.447	649.8166
71.893	146.447	711.5179
71.893	151.447	677.325
71.893	156.447	695.2151
71.893	161.447	738.792
71.893	166.447	717.0272
71.893	171.447	691.469
71.893	176.447	779.655
71.893	181.447	784.4842
71.893	186.447	721.4754
71.893	191.447	662.8719
71.893	196.447	735.4421
71.893	201.447	747.6953
71.893	206.447	666.1138
71.893	211.447	741.4873
71.893	216.447	657.2434
71.893	221.447	696.3334
71.893	226.447	695.0581
71.893	231.447	624.7457
71.893	236.447	538.7095
71.893	241.447	600.3435
71.893	246.447	560.6067
71.893	251.447	515.2847
71.893	256.447	515.7465
71.893	261.447	547.1914
71.893	266.447	476.718
71.893	271.447	464.8762
71.893	276.447	483.1517
71.893	281.447	473.8442
71.893	286.447	498.0151
71.893	291.447	489.641
71.893	296.447	442.3165
71.893	301.447	526.6535
71.893	306.447	590.5846
71.893	311.447	567.3127
71.893	316.447	640.529
71.893	321.447	628.6371
71.893	326.447	613.1269
71.893	331.447	606.0201
71.893	336.447	702.5406
71.893	341.447	691.7677
71.893	346.447	638.9374
71.893	351.447	606.0425
71.893	356.447	698.8655
77.316	4.773	808.99
77.316	9.773	816.1838
77.316	14.773	777.1194
77.316	19.773	833.6671
77.316	24.773	729.5719
77.316	29.773	771.4318
77.316	34.773	797.2097
77.316	39.773	799.2448
77.316	44.773	791.2854
77.316	49.773	706.099
77.316	54.773	762.795
77.316	59.773	673.1048
77.316	64.773	740.7931
77.316	69.773	723.8275
77.316	74.773	730.0137
77.316	79.773	676.1725
77.316	84.773	646.2904
77.316	89.773	643.2881
77.316	94.773	622.9679
77.316	99.773	633.1243
77.316	104.773	589.6358
77.316	109.773	644.3712
77.316	114.773	655.1012
77.316	119.773	651.8931
77.316	124.773	704.6435
77.316	129.773	769.0781
77.316	134.773	783.6699
77.316	139.773	762.198
77.316	144.773	792.1193
77.316	149.773	735.5653
77.316	154.773	820.8965
77.316	159.773	762.9015
77.316	164.773	795.3237
77.316	169.773	845.3995
77.316	174.773	784.1103
77.316	179.773	861.5983
77.316	184.773	860.789
77.316	189.773	810.6708
77.316	194.773	880.4887
77.316	199.773	846.6197
77.316	204.773	826.014
77.316	209.773	832.5575
77.316	214.773	797.2835
77.316	219.773	762.5912
77.316	224.773	685.7195
77.316	229.773	787.3584
77.316	234.773	755.5633
77.316	239.773	680.4637
77.316	244.773	647.3011
77.316	249.773	647.5528
77.316	254.773	616.0366
77.316	259.773	571.9317
77.316	264.773	593.8812
77.316	269.773	623.118
77.316	274.773	640.6486
77.316	279.773	624.0214
77.316	284.773	623.1157
77.316	289.773	528.9567
77.316	294.773	642.4955
77.316	299.773	724.0047
77.316	304.773	602.3017
77.316	309.773	637.1316
77.316	314.773	741.4434
77.316	319.773	648.4535
77.316	324.773	665.9704
77.316	329.773	740.8385
77.316	334.773	635.071
77.316	339.773	794.2807
77.316	344.773	760.7892
77.316	349.773	774.1419
77.316	354.773	817.2409
77.316	359.773	761.5318
78.312	0.602	878.6647
78.312	5.602	904.3229
78.312	10.602	842.2366
78.312	15.602	913.69
78.312	20.602	844.7562
78.312	25.602	896.9198
78.312	30.602	839.5876
78.312	35.602	900.0164
78.312	40.602	859.726
78.312	45.602	864.28
78.312	50.602	872.2432
78.312	55.602	847.1838
78.312	60.602	836.2325
78.312	65.602	903.4976
78.312	70.602	796.4015
78.312	75.602	818.5543
78.312	80.602	706.9805
78.312	85.602	760.5685
78.312	90.602	738.4816
78.312	95.602	738.47
78.312	100.602	716.03
78.312	105.602	791.7494
78.312	110.602	780.9854
78.312	115.602	824.0407
78.312	120.602	834.6013
78.312	125.602	789.9152
78.312	130.602	832.2446
78.312	135.602	933.4114
78.312	140.602	916.569
78.312	145.602	889.6512
78.312	150.602	874.2467
78.312	155.602	895.311
78.312	160.602	977.3846
78.312	165.602	988.7439
78.312	170.602	866.4196
78.312	175.602	919.0692
78.312	180.602	948.9177
78.312	185.602	935.9707
78.312	190.602	960.4249
78.312	195.602	1006.8319
78.312	200.602	882.1896
78.312	205.602	869.526
78.312	210.602	833.2197
78.312	215.602	916.2707
78.312	220.602	905.0084
78.312	225.602	862.4736
78.312	230.602	936.5949
78.312	235.602	891.8825
78.312	240.602	838.1097
78.312	245.602	855.2129
78.312	250.602	796.6377
78.312	255.602	769.3756
78.312	260.602	741.4942
78.312	265.602	689.4059
78.312	270.602	683.519
78.312	275.602	740.0098
78.312	280.602	706.934
78.312	285.602	775.1402
78.312	290.602	696.0496
78.312	295.602	678.1333
78.312	300.602	845.7469
78.312	305.602	696.6815
78.312	310.602	825.736
78.312	315.602	834.9648
78.312	320.602	831.7674
78.312	325.602	847.9158
78.312	330.602	825.4193
78.312	335.602	777.4767
78.312	340.602	838.5778
78.312	345.602	853.8717
78.312	350.602	879.175
78.312	355.602	885.5261
83.677	3.473	897.863
83.677	8.473	839.4336
83.677	13.473	937.0577
83.677	18.473	908.3193
83.677	23.473	897.4466
83.677	28.473	853.5812
83.677	33.473	876.9861
83.677	38.473	850.4533
83.677	43.473	970.5843
83.677	48.473	970.3868
83.677	53.473	933.1926
83.677	58.473	895.2427
83.677	63.473	850.8303
83.677	68.473	898.4298
83.677	73.473	925.2496
83.677	78.473	896.6038
83.677	83.473	862.4371
83.677	88.473	837.6382
83.677	93.473	817.2432
83.677	98.473	824.6945
83.677	103.473	802.3795
83.677	108.473	807.849
83.677	113.473	775.3702
83.677	118.473	834.1131
83.677	123.473	938.2986
83.677	128.473	839.0127
83.677	133.473	789.2509
83.677	138.473	888.0792
83.677	143.473	873.956
83.677	148.473	882.1676
83.677	153.473	841.2368
83.677	158.473	896.8624
83.677	163.473	827.2825
83.677	168.473	1010.1279
83.677	173.473	978.4544
83.677	178.473	931.8203
83.677	183.473	897.5975
83.677	188.473	928.6175
83.677	193.473	995.0325
83.677	198.473	1017.8552
83.677	203.473	893.2712
83.677	208.473	914.6259
83.677	213.473	938.5467
83.677	218.473	909.6437
83.677	223.473	964.9824
83.677	228.473	883.8667
83.677	233.473	933.1726
83.677	238.473	862.1043
83.677	243.473	870.9928
83.677	248.473	840.3746
83.677	253.473	911.9872
83.677	258.473	800.5133
83.677	263.473	800.4651
83.677	268.473	851.9879
83.677	273.473	812.3794
83.677	278.473	887.641
83.677	283.473	743.2639
83.677	288.473	799.8102
83.677	293.473	778.9871
83.677	298.473	819.9293
83.677	303.473	828.079
83.677	308.473	816.7826
83.677	313.473	772.7882
83.677	318.473	783.4398
83.677	323.473	808.6654
83.677	328.473	875.1349
83.677	333.473	902.5024
83.677	338.473	880.1429
83.677	343.473	902.6019
83.677	348.473	886.6874
83.677	353.473	937.7957
83.677	358.473	831.9179
87.805	3.313	917.4725
87.805	8.313	930.0746
87.805	13.313	866.3283
87.805	18.313	893.4771
87.805	23.313	955.6026
87.805	28.313	952.7973
87.805	33.313	952.2285
87.805	38.313	943.9511
87.805	43.313	947.9427
87.805	48.313	1020.6033
87.805	53.313	1021.9128
87.805	58.313	1029.35
87.805	63.313	1048.4057
87.805	68.313	941.8938
87.805	73.313	1000.7392
87.805	78.313	1003.7243
87.805	83.313	1024.1518
87.805	88.313	1023.624
87.805	93.313	1022.3702
87.805	98.313	1046.1012
87.805	103.313	1051.9933
87.805	108.313	1079.4791
87.805	113.313	929.9186
87.805	118.313	1042.9811
87.805	123.313	989.2897
87.805	128.313	1009.7036
87.805	133.313	969.5376
87.805	138.313	994.2271
87.805	143.313	965.5302
87.805	148.313	975.2028
87.805	153.313	1020.9491
87.805	158.313	941.1154
87.805	163.313	917.4752
87.805	168.313	957.614
87.805	173.313	898.8377
87.805	178.313	877.9517
87.805	183.313	853.6344
87.805	188.313	861.4841
87.805	193.313	832.8491
87.805	198.313	917.6966
87.805	203.313	898.7743
87.805	208.313	865.6942
87.805	213.313	924.0041
87.805	218.313	851.8144
87.805	223.313	917.0317
87.805	228.313	944.4967
87.805	233.313	912.2486
87.805	238.313	967.3314
87.805	243.313	976.3483
87.805	248.313	928.8895
87.805	253.313	939.7919
87.805	258.313	879.7544
87.805	263.313	986.398
87.805	268.313	969.9645
87.805	273.313	1025.2894
87.805	278.313	971.7162
87.805	283.313	994.9891
87.805	288.313	1065.9034
87.805	293.313	1030.2777
87.805	298.313	958.2886
87.805	303.313	986.5487
87.805	308.313	1023.4946
87.805	313.313	1005.3114
87.805	318.313	953.0283
87.805	323.313	1042.3688
87.805	328.313	995.2695
87.805	333.313	1012.8922
87.805	338.313	966.9704
87.805	343.313	923.4689
87.805	348.313	992.2816
87.805	353.313	885.0246
87.805	358.313	930.5982
