   5.4977871e+00   0.0000000e+00   0.0000000e+00   7.0989625e-05
   5.6405868e+00   0.0000000e+00   0.0000000e+00   4.2645135e-04
   5.7833865e+00   0.0000000e+00   0.0000000e+00   5.7391004e-04
   5.9261861e+00   0.0000000e+00   0.0000000e+00   2.0393547e-04
   6.0689858e+00   0.0000000e+00   0.0000000e+00   7.7735974e-04
   6.2117855e+00   0.0000000e+00   0.0000000e+00   5.0958220e-03
   7.1399833e-02   0.0000000e+00   0.0000000e+00   3.7483489e-03
   2.1419950e-01   0.0000000e+00   0.0000000e+00   2.1642520e-04
   3.5699917e-01   0.0000000e+00   0.0000000e+00   3.2848646e-05
   4.9979883e-01   0.0000000e+00   0.0000000e+00   2.8074118e-04
   6.4259850e-01   0.0000000e+00   0.0000000e+00   2.8279079e-04
   1.5707963e+00   1.3962634e-01   3.9269908e+00   5.6488347e-05
   1.5707963e+00   1.3962634e-01   4.0697905e+00   2.0599695e-04
   1.5707963e+00   1.3962634e-01   4.2125901e+00   3.0664562e-04
   1.5707963e+00   1.3962634e-01   4.3553898e+00   2.5018489e-04
   1.5707963e+00   1.3962634e-01   4.4981895e+00   8.2867305e-04
   1.5707963e+00   1.3962634e-01   4.6409891e+00   2.3296994e-03
   1.5707963e+00   1.3962634e-01   4.7837888e+00   1.7797579e-03
   1.5707963e+00   1.3962634e-01   4.9265885e+00   2.8893240e-04
   1.5707963e+00   1.3962634e-01   5.0693881e+00   6.3708650e-05
   1.5707963e+00   1.3962634e-01   5.2121878e+00   2.2632675e-04
   1.5707963e+00   1.3962634e-01   5.3549875e+00   2.1061522e-04
   2.6179939e+00   1.3962634e-01   2.8797933e+00   7.2228505e-05
   2.6179939e+00   1.3962634e-01   3.0225929e+00   3.9746961e-04
   2.6179939e+00   1.3962634e-01   3.1653926e+00   4.4787781e-04
   2.6179939e+00   1.3962634e-01   3.3081923e+00   2.5787781e-04
   2.6179939e+00   1.3962634e-01   3.4509919e+00   9.3301901e-04
   2.6179939e+00   1.3962634e-01   3.5937916e+00   2.7643680e-03
   2.6179939e+00   1.3962634e-01   3.7365913e+00   1.1865604e-03
   2.6179939e+00   1.3962634e-01   3.8793909e+00   6.8346831e-05
   2.6179939e+00   1.3962634e-01   4.0221906e+00   1.2892265e-05
   2.6179939e+00   1.3962634e-01   4.1649903e+00   1.1265177e-04
   2.6179939e+00   1.3962634e-01   4.3077899e+00   1.3694978e-04
   3.6651914e+00   1.3962634e-01   1.9753954e+00   6.7532155e-04
   3.6651914e+00   1.3962634e-01   2.1181950e+00   7.8714238e-04
   3.6651914e+00   1.3962634e-01   2.2609947e+00   1.9799638e-04
   3.6651914e+00   1.3962634e-01   2.4037944e+00   4.4254151e-04
   3.6651914e+00   1.3962634e-01   2.5465940e+00   2.7509188e-03
   3.6651914e+00   1.3962634e-01   2.6893937e+00   2.4459681e-03
   3.6651914e+00   1.3962634e-01   2.8321934e+00   1.7997964e-04
   3.6651914e+00   1.3962634e-01   2.9749930e+00   1.6959274e-05
   3.6651914e+00   1.3962634e-01   3.1177927e+00   9.7339131e-05
   3.6651914e+00   1.3962634e-01   3.2605924e+00   1.3812588e-04
   4.7123890e+00   1.3962634e-01   7.8539816e-01   5.7335215e-05
   4.7123890e+00   1.3962634e-01   9.2819783e-01   4.5001779e-04
   4.7123890e+00   1.3962634e-01   1.0709975e+00   7.0849214e-04
   4.7123890e+00   1.3962634e-01   1.2137972e+00   3.0671804e-04
   4.7123890e+00   1.3962634e-01   1.3565968e+00   1.1070224e-03
   4.7123890e+00   1.3962634e-01   1.4993965e+00   5.2200418e-03
   4.7123890e+00   1.3962634e-01   1.6421962e+00   3.9636247e-03
   4.7123890e+00   1.3962634e-01   1.7849958e+00   3.4085736e-04
   4.7123890e+00   1.3962634e-01   1.9277955e+00   4.7708783e-05
   4.7123890e+00   1.3962634e-01   2.0705952e+00   2.7611303e-04
   4.7123890e+00   1.3962634e-01   2.2133948e+00   2.5082192e-04
   5.7595865e+00   1.3962634e-01   6.0213859e+00   5.7850237e-05
   5.7595865e+00   1.3962634e-01   6.1641856e+00   1.6863473e-04
   5.7595865e+00   1.3962634e-01   2.3799944e-02   1.6189451e-04
   5.7595865e+00   1.3962634e-01   1.6659961e-01   7.9255533e-05
   5.7595865e+00   1.3962634e-01   3.0939928e-01   9.1628992e-04
   5.7595865e+00   1.3962634e-01   4.5219894e-01   6.7744320e-03
   5.7595865e+00   1.3962634e-01   5.9499861e-01   3.7106206e-03
   5.7595865e+00   1.3962634e-01   7.3779827e-01   1.6719026e-04
   5.7595865e+00   1.3962634e-01   8.8059794e-01   2.6857331e-05
   5.7595865e+00   1.3962634e-01   1.0233976e+00   3.0492285e-04
   5.7595865e+00   1.3962634e-01   1.1661973e+00   3.8178059e-04
   5.2359878e-01   1.3962634e-01   4.9741884e+00   5.4122429e-05
   5.2359878e-01   1.3962634e-01   5.1169880e+00   1.3538261e-04
   5.2359878e-01   1.3962634e-01   5.2597877e+00   1.2422200e-04
   5.2359878e-01   1.3962634e-01   5.4025874e+00   4.0508220e-05
   5.2359878e-01   1.3962634e-01   5.5453870e+00   2.7569672e-04
   5.2359878e-01   1.3962634e-01   5.6881867e+00   2.8994001e-03
   5.2359878e-01   1.3962634e-01   5.8309864e+00   3.6117599e-03
   5.2359878e-01   1.3962634e-01   5.9737860e+00   4.0387516e-04
   5.2359878e-01   1.3962634e-01   6.1165857e+00   5.0009748e-05
   5.2359878e-01   1.3962634e-01   6.2593854e+00   2.0251855e-04
   5.2359878e-01   1.3962634e-01   1.1899972e-01   2.4695970e-04
   1.8325957e+00   2.7925268e-01   3.6651914e+00   5.4287780e-05
   1.8325957e+00   2.7925268e-01   3.8079911e+00   2.6707959e-04
   1.8325957e+00   2.7925268e-01   3.9507908e+00   6.4257850e-04
   1.8325957e+00   2.7925268e-01   4.0935904e+00   1.0348292e-03
   1.8325957e+00   2.7925268e-01   4.2363901e+00   1.8324306e-03
   1.8325957e+00   2.7925268e-01   4.3791898e+00   1.1811858e-03
   1.8325957e+00   2.7925268e-01   4.5219894e+00   3.3728684e-04
   1.8325957e+00   2.7925268e-01   4.6647891e+00   9.5503891e-05
   1.8325957e+00   2.7925268e-01   4.8075888e+00   5.7907142e-05
   1.8325957e+00   2.7925268e-01   4.9503884e+00   1.2310150e-04
   1.8325957e+00   2.7925268e-01   5.0931881e+00   9.3906756e-05
   2.3561945e+00   2.7925268e-01   3.1415927e+00   1.8850654e-05
   2.3561945e+00   2.7925268e-01   3.2843923e+00   1.5682269e-04
   2.3561945e+00   2.7925268e-01   3.4271920e+00   3.6884761e-04
   2.3561945e+00   2.7925268e-01   3.5699917e+00   9.2418102e-04
   2.3561945e+00   2.7925268e-01   3.7127913e+00   3.1758164e-03
   2.3561945e+00   2.7925268e-01   3.8555910e+00   2.2076740e-03
   2.3561945e+00   2.7925268e-01   3.9983907e+00   3.0664605e-04
   2.3561945e+00   2.7925268e-01   4.1411903e+00   2.5844116e-05
   2.3561945e+00   2.7925268e-01   4.2839900e+00   1.1724570e-05
   2.3561945e+00   2.7925268e-01   4.4267896e+00   3.6840194e-05
   2.3561945e+00   2.7925268e-01   4.5695893e+00   2.3690009e-05
   2.8797933e+00   2.7925268e-01   2.6179939e+00   6.7094746e-05
   2.8797933e+00   2.7925268e-01   2.7607935e+00   2.1834292e-04
   2.8797933e+00   2.7925268e-01   2.9035932e+00   9.7239634e-05
   2.8797933e+00   2.7925268e-01   3.0463929e+00   4.6679268e-05
   2.8797933e+00   2.7925268e-01   3.1891925e+00   3.0486251e-04
   2.8797933e+00   2.7925268e-01   3.3319922e+00   8.5424912e-04
   2.8797933e+00   2.7925268e-01   3.4747919e+00   2.4872048e-04
   2.8797933e+00   2.7925268e-01   3.6175915e+00   1.1060974e-05
   2.8797933e+00   2.7925268e-01   3.7603912e+00   2.6720293e-06
   2.8797933e+00   2.7925268e-01   3.9031909e+00   2.4416725e-05
   2.8797933e+00   2.7925268e-01   4.0459905e+00   4.7871893e-05
   3.4033920e+00   2.7925268e-01   2.0943951e+00   1.0422906e-04
   3.4033920e+00   2.7925268e-01   2.2371948e+00   3.0169690e-04
   3.4033920e+00   2.7925268e-01   2.3799944e+00   1.6892183e-04
   3.4033920e+00   2.7925268e-01   2.5227941e+00   2.7465280e-05
   3.4033920e+00   2.7925268e-01   2.6655938e+00   6.1315003e-05
   3.4033920e+00   2.7925268e-01   2.8083934e+00   4.9902479e-04
   3.4033920e+00   2.7925268e-01   2.9511931e+00   5.5919393e-04
   3.4033920e+00   2.7925268e-01   3.0939928e+00   5.0145209e-05
   3.4033920e+00   2.7925268e-01   3.2367924e+00   2.1863647e-06
   3.4033920e+00   2.7925268e-01   3.3795921e+00   1.1957037e-05
   3.4033920e+00   2.7925268e-01   3.5223918e+00   6.0825656e-05
   3.9269908e+00   2.7925268e-01   1.5707963e+00   3.8051587e-05
   3.9269908e+00   2.7925268e-01   1.7135960e+00   2.1710308e-04
   3.9269908e+00   2.7925268e-01   1.8563957e+00   3.1768585e-04
   3.9269908e+00   2.7925268e-01   1.9991953e+00   1.1138729e-04
   3.9269908e+00   2.7925268e-01   2.1419950e+00   1.1238302e-04
   3.9269908e+00   2.7925268e-01   2.2847947e+00   5.3350534e-04
   3.9269908e+00   2.7925268e-01   2.4275943e+00   1.4423581e-03
   3.9269908e+00   2.7925268e-01   2.5703940e+00   5.9411544e-04
   3.9269908e+00   2.7925268e-01   2.7131937e+00   5.9655351e-05
   3.9269908e+00   2.7925268e-01   2.8559933e+00   5.6492174e-05
   3.9269908e+00   2.7925268e-01   2.9987930e+00   5.6576645e-05
   4.4505896e+00   2.7925268e-01   1.0471976e+00   8.0155476e-05
   4.4505896e+00   2.7925268e-01   1.1899972e+00   3.3829236e-04
   4.4505896e+00   2.7925268e-01   1.3327969e+00   4.9116999e-04
   4.4505896e+00   2.7925268e-01   1.4755965e+00   2.4419045e-04
   4.4505896e+00   2.7925268e-01   1.6183962e+00   3.1179301e-04
   4.4505896e+00   2.7925268e-01   1.7611959e+00   7.3393861e-04
   4.4505896e+00   2.7925268e-01   1.9039955e+00   1.2023577e-03
   4.4505896e+00   2.7925268e-01   2.0467952e+00   5.6406020e-04
   4.4505896e+00   2.7925268e-01   2.1895949e+00   1.6149896e-04
   4.4505896e+00   2.7925268e-01   2.3323945e+00   3.2730025e-04
   4.4505896e+00   2.7925268e-01   2.4751942e+00   2.6421510e-04
   4.9741884e+00   2.7925268e-01   5.2359878e-01   8.5092441e-05
   4.9741884e+00   2.7925268e-01   6.6639844e-01   4.7620045e-04
   4.9741884e+00   2.7925268e-01   8.0919811e-01   7.5909548e-04
   4.9741884e+00   2.7925268e-01   9.5199777e-01   6.7066094e-04
   4.9741884e+00   2.7925268e-01   1.0947974e+00   1.6449611e-03
   4.9741884e+00   2.7925268e-01   1.2375971e+00   2.0559703e-03
   4.9741884e+00   2.7925268e-01   1.3803968e+00   9.0606646e-04
   4.9741884e+00   2.7925268e-01   1.5231964e+00   1.6625175e-04
   4.9741884e+00   2.7925268e-01   1.6659961e+00   4.9628266e-05
   4.9741884e+00   2.7925268e-01   1.8087958e+00   1.7079774e-04
   4.9741884e+00   2.7925268e-01   1.9515954e+00   1.9355193e-04
   5.4977871e+00   2.7925268e-01   1.4279967e-01   7.0100424e-05
   5.4977871e+00   2.7925268e-01   2.8559933e-01   1.0317914e-04
   5.4977871e+00   2.7925268e-01   4.2839900e-01   2.5041827e-04
   5.4977871e+00   2.7925268e-01   5.7119866e-01   2.7526602e-03
   5.4977871e+00   2.7925268e-01   7.1399833e-01   4.8560980e-03
   5.4977871e+00   2.7925268e-01   8.5679800e-01   1.0117226e-03
   5.4977871e+00   2.7925268e-01   9.9959766e-01   6.6160407e-05
   5.4977871e+00   2.7925268e-01   1.1423973e+00   1.7699954e-05
   5.4977871e+00   2.7925268e-01   1.2851970e+00   1.0250146e-04
   5.4977871e+00   2.7925268e-01   1.4279967e+00   1.1984865e-04
   6.0213859e+00   2.7925268e-01   5.7595865e+00   5.8729172e-05
   6.0213859e+00   2.7925268e-01   5.9023862e+00   5.0090262e-05
   6.0213859e+00   2.7925268e-01   6.0451859e+00   1.4703421e-05
   6.0213859e+00   2.7925268e-01   6.1879855e+00   9.6045891e-06
   6.0213859e+00   2.7925268e-01   4.7599889e-02   4.0571362e-04
   6.0213859e+00   2.7925268e-01   1.9039955e-01   3.1257116e-03
   6.0213859e+00   2.7925268e-01   3.3319922e-01   1.1435347e-03
   6.0213859e+00   2.7925268e-01   4.7599889e-01   3.2413299e-05
   6.0213859e+00   2.7925268e-01   6.1879855e-01   4.3911136e-06
   6.0213859e+00   2.7925268e-01   7.6159822e-01   7.8350051e-05
   6.0213859e+00   2.7925268e-01   9.0439789e-01   2.1273055e-04
   2.6179939e-01   2.7925268e-01   5.2359878e+00   3.9603781e-05
   2.6179939e-01   2.7925268e-01   5.3787874e+00   4.4337238e-05
   2.6179939e-01   2.7925268e-01   5.5215871e+00   2.5333541e-05
   2.6179939e-01   2.7925268e-01   5.6643868e+00   4.7414259e-06
   2.6179939e-01   2.7925268e-01   5.8071864e+00   5.8764725e-05
   2.6179939e-01   2.7925268e-01   5.9499861e+00   1.2994731e-03
   2.6179939e-01   2.7925268e-01   6.0927858e+00   2.3068554e-03
   2.6179939e-01   2.7925268e-01   6.2355854e+00   2.6660370e-04
   2.6179939e-01   2.7925268e-01   9.5199777e-02   1.2980877e-05
   2.6179939e-01   2.7925268e-01   2.3799944e-01   4.3490380e-05
   2.6179939e-01   2.7925268e-01   3.8079911e-01   1.2393633e-04
   7.8539816e-01   2.7925268e-01   4.7123890e+00   1.4406299e-05
   7.8539816e-01   2.7925268e-01   4.8551886e+00   2.3236337e-05
   7.8539816e-01   2.7925268e-01   4.9979883e+00   3.9717200e-05
   7.8539816e-01   2.7925268e-01   5.1407880e+00   2.2392942e-05
   7.8539816e-01   2.7925268e-01   5.2835876e+00   8.1772722e-05
   7.8539816e-01   2.7925268e-01   5.4263873e+00   9.0102796e-04
   7.8539816e-01   2.7925268e-01   5.5691870e+00   3.7917823e-03
   7.8539816e-01   2.7925268e-01   5.7119866e+00   2.3631831e-03
   7.8539816e-01   2.7925268e-01   5.8547863e+00   3.7922119e-04
   7.8539816e-01   2.7925268e-01   5.9975860e+00   2.0535323e-04
   7.8539816e-01   2.7925268e-01   6.1403856e+00   9.4691700e-05
   1.3089969e+00   2.7925268e-01   4.1887902e+00   5.8547162e-05
   1.3089969e+00   2.7925268e-01   4.3315899e+00   8.7400553e-05
   1.3089969e+00   2.7925268e-01   4.4743895e+00   1.3582613e-04
   1.3089969e+00   2.7925268e-01   4.6171892e+00   1.3261700e-04
   1.3089969e+00   2.7925268e-01   4.7599889e+00   2.5691690e-04
   1.3089969e+00   2.7925268e-01   4.9027885e+00   6.1599506e-04
   1.3089969e+00   2.7925268e-01   5.0455882e+00   1.1489614e-03
   1.3089969e+00   2.7925268e-01   5.1883879e+00   8.7069774e-04
   1.3089969e+00   2.7925268e-01   5.3311875e+00   3.8295531e-04
   1.3089969e+00   2.7925268e-01   5.4739872e+00   4.5845236e-04
   1.3089969e+00   2.7925268e-01   5.6167869e+00   2.5829090e-04
   1.5707963e+00   4.1887902e-01   3.9269908e+00   9.2294270e-04
   1.5707963e+00   4.1887902e-01   4.0697905e+00   9.8760715e-04
   1.5707963e+00   4.1887902e-01   4.2125901e+00   4.2191767e-04
   1.5707963e+00   4.1887902e-01   4.3553898e+00   1.1418982e-04
   1.5707963e+00   4.1887902e-01   4.4981895e+00   4.6504072e-05
   1.5707963e+00   4.1887902e-01   4.6409891e+00   4.0136304e-05
   1.5707963e+00   4.1887902e-01   4.7837888e+00   3.1062072e-05
   1.5707963e+00   4.1887902e-01   4.9265885e+00   2.9740328e-05
   1.5707963e+00   4.1887902e-01   5.0693881e+00   7.9576601e-05
   1.5707963e+00   4.1887902e-01   5.2121878e+00   2.9082084e-04
   1.5707963e+00   4.1887902e-01   5.3549875e+00   6.3563546e-04
   1.9403955e+00   4.1887902e-01   3.5573917e+00   1.7150916e-04
   1.9403955e+00   4.1887902e-01   3.7001913e+00   2.5399935e-03
   1.9403955e+00   4.1887902e-01   3.8429910e+00   5.3510963e-03
   1.9403955e+00   4.1887902e-01   3.9857907e+00   2.1728972e-03
   1.9403955e+00   4.1887902e-01   4.1285903e+00   7.4966378e-04
   1.9403955e+00   4.1887902e-01   4.2713900e+00   1.8218856e-04
   1.9403955e+00   4.1887902e-01   4.4141897e+00   2.0516141e-05
   1.9403955e+00   4.1887902e-01   4.5569893e+00   6.3556538e-06
   1.9403955e+00   4.1887902e-01   4.6997890e+00   1.8049718e-05
   1.9403955e+00   4.1887902e-01   4.8425887e+00   3.5796526e-05
   1.9403955e+00   4.1887902e-01   4.9853883e+00   3.6639152e-05
   2.3099946e+00   4.1887902e-01   3.1877925e+00   3.9726683e-06
   2.3099946e+00   4.1887902e-01   3.3305922e+00   4.0227458e-04
   2.3099946e+00   4.1887902e-01   3.4733919e+00   3.5135937e-03
   2.3099946e+00   4.1887902e-01   3.6161915e+00   4.2373259e-03
   2.3099946e+00   4.1887902e-01   3.7589912e+00   2.9507490e-03
   2.3099946e+00   4.1887902e-01   3.9017909e+00   6.2278274e-04
   2.3099946e+00   4.1887902e-01   4.0445905e+00   3.8233903e-05
   2.3099946e+00   4.1887902e-01   4.1873902e+00   4.3680755e-06
   2.3099946e+00   4.1887902e-01   4.3301899e+00   6.9147185e-06
   2.3099946e+00   4.1887902e-01   4.4729895e+00   8.5471221e-06
   2.3099946e+00   4.1887902e-01   4.6157892e+00   1.8622134e-06
   2.6795937e+00   4.1887902e-01   2.8181934e+00   5.0536577e-06
   2.6795937e+00   4.1887902e-01   2.9609931e+00   2.9479070e-05
   2.6795937e+00   4.1887902e-01   3.1037927e+00   4.4775167e-05
   2.6795937e+00   4.1887902e-01   3.2465924e+00   1.0803563e-04
   2.6795937e+00   4.1887902e-01   3.3893921e+00   4.2977040e-04
   2.6795937e+00   4.1887902e-01   3.5321917e+00   2.7805440e-04
   2.6795937e+00   4.1887902e-01   3.6749914e+00   2.1731139e-05
   2.6795937e+00   4.1887902e-01   3.8177911e+00   1.4516723e-06
   2.6795937e+00   4.1887902e-01   3.9605907e+00   4.1404998e-06
   2.6795937e+00   4.1887902e-01   4.1033904e+00   7.6424177e-06
   2.6795937e+00   4.1887902e-01   4.2461901e+00   3.3412998e-06
   3.0491929e+00   4.1887902e-01   2.4485943e+00   6.2927079e-05
   3.0491929e+00   4.1887902e-01   2.5913939e+00   7.4232187e-05
   3.0491929e+00   4.1887902e-01   2.7341936e+00   1.5764318e-05
   3.0491929e+00   4.1887902e-01   2.8769933e+00   4.1849386e-06
   3.0491929e+00   4.1887902e-01   3.0197929e+00   2.7951108e-05
   3.0491929e+00   4.1887902e-01   3.1625926e+00   1.2726421e-04
   3.0491929e+00   4.1887902e-01   3.3053923e+00   4.0272342e-05
   3.0491929e+00   4.1887902e-01   3.4481919e+00   2.3328397e-06
   3.0491929e+00   4.1887902e-01   3.5909916e+00   2.4288556e-06
   3.0491929e+00   4.1887902e-01   3.7337913e+00   1.3215565e-05
   3.0491929e+00   4.1887902e-01   3.8765909e+00   3.1515229e-05
   3.4187920e+00   4.1887902e-01   2.0789951e+00   4.3386117e-05
   3.4187920e+00   4.1887902e-01   2.2217948e+00   7.2093423e-05
   3.4187920e+00   4.1887902e-01   2.3645945e+00   3.9179598e-05
   3.4187920e+00   4.1887902e-01   2.5073941e+00   6.6307415e-06
   3.4187920e+00   4.1887902e-01   2.6501938e+00   5.7522133e-06
   3.4187920e+00   4.1887902e-01   2.7929935e+00   7.7741345e-05
   3.4187920e+00   4.1887902e-01   2.9357931e+00   1.6421683e-04
   3.4187920e+00   4.1887902e-01   3.0785928e+00   2.1393833e-05
   3.4187920e+00   4.1887902e-01   3.2213925e+00   6.7888023e-07
   3.4187920e+00   4.1887902e-01   3.3641921e+00   1.7587033e-06
   3.4187920e+00   4.1887902e-01   3.5069918e+00   1.5958118e-05
   3.7883911e+00   4.1887902e-01   1.7093960e+00   3.5909765e-06
   3.7883911e+00   4.1887902e-01   1.8521957e+00   2.5066593e-05
   3.7883911e+00   4.1887902e-01   1.9949953e+00   6.6986269e-05
   3.7883911e+00   4.1887902e-01   2.1377950e+00   3.8521865e-05
   3.7883911e+00   4.1887902e-01   2.2805947e+00   1.4413198e-05
   3.7883911e+00   4.1887902e-01   2.4233943e+00   4.7712268e-05
   3.7883911e+00   4.1887902e-01   2.5661940e+00   3.0668245e-04
   3.7883911e+00   4.1887902e-01   2.7089937e+00   3.7454696e-04
   3.7883911e+00   4.1887902e-01   2.8517933e+00   1.4071709e-04
   3.7883911e+00   4.1887902e-01   2.9945930e+00   1.3161516e-04
   3.7883911e+00   4.1887902e-01   3.1373927e+00   1.5126993e-05
   4.1579903e+00   4.1887902e-01   1.3397969e+00   3.7346782e-05
   4.1579903e+00   4.1887902e-01   1.4825965e+00   4.3969004e-05
   4.1579903e+00   4.1887902e-01   1.6253962e+00   9.9018836e-05
   4.1579903e+00   4.1887902e-01   1.7681959e+00   7.0207143e-05
   4.1579903e+00   4.1887902e-01   1.9109955e+00   3.3327636e-05
   4.1579903e+00   4.1887902e-01   2.0537952e+00   6.1573949e-05
   4.1579903e+00   4.1887902e-01   2.1965949e+00   2.4562171e-04
   4.1579903e+00   4.1887902e-01   2.3393945e+00   5.5185671e-04
   4.1579903e+00   4.1887902e-01   2.4821942e+00   1.4506174e-03
   4.1579903e+00   4.1887902e-01   2.6249939e+00   6.6260002e-03
   4.1579903e+00   4.1887902e-01   2.7677935e+00   1.6302401e-03
   4.5275894e+00   4.1887902e-01   9.7019773e-01   2.0514647e-03
   4.5275894e+00   4.1887902e-01   1.1129974e+00   8.8470610e-04
   4.5275894e+00   4.1887902e-01   1.2557971e+00   3.4940021e-04
   4.5275894e+00   4.1887902e-01   1.3985967e+00   1.0288656e-04
   4.5275894e+00   4.1887902e-01   1.5413964e+00   4.1429201e-05
   4.5275894e+00   4.1887902e-01   1.6841961e+00   4.3163001e-05
   4.5275894e+00   4.1887902e-01   1.8269957e+00   6.9685910e-05
   4.5275894e+00   4.1887902e-01   1.9697954e+00   1.0081073e-04
   4.5275894e+00   4.1887902e-01   2.1125951e+00   3.2790574e-04
   4.5275894e+00   4.1887902e-01   2.2553947e+00   2.8259123e-03
   4.5275894e+00   4.1887902e-01   2.3981944e+00   5.8351020e-03
   4.8971885e+00   4.1887902e-01   6.0059860e-01   2.8601593e-03
   4.8971885e+00   4.1887902e-01   7.4339826e-01   7.1471209e-03
   4.8971885e+00   4.1887902e-01   8.8619793e-01   3.8167223e-03
   4.8971885e+00   4.1887902e-01   1.0289976e+00   7.7732459e-04
   4.8971885e+00   4.1887902e-01   1.1717973e+00   2.4971468e-04
   4.8971885e+00   4.1887902e-01   1.3145969e+00   1.0819888e-04
   4.8971885e+00   4.1887902e-01   1.4573966e+00   4.5314237e-05
   4.8971885e+00   4.1887902e-01   1.6001963e+00   2.7242824e-05
   4.8971885e+00   4.1887902e-01   1.7429959e+00   4.8978508e-05
   4.8971885e+00   4.1887902e-01   1.8857956e+00   1.9134716e-04
   4.8971885e+00   4.1887902e-01   2.0285953e+00   8.1504255e-04
   5.2667877e+00   4.1887902e-01   2.3099946e-01   6.0333476e-05
   5.2667877e+00   4.1887902e-01   3.7379913e-01   1.8589050e-03
   5.2667877e+00   4.1887902e-01   5.1659879e-01   5.6214189e-03
   5.2667877e+00   4.1887902e-01   6.5939846e-01   2.9578466e-03
   5.2667877e+00   4.1887902e-01   8.0219812e-01   1.8232941e-03
   5.2667877e+00   4.1887902e-01   9.4499779e-01   6.1207633e-04
   5.2667877e+00   4.1887902e-01   1.0877975e+00   1.0705216e-04
   5.2667877e+00   4.1887902e-01   1.2305971e+00   3.1159317e-05
   5.2667877e+00   4.1887902e-01   1.3733968e+00   2.6667258e-05
   5.2667877e+00   4.1887902e-01   1.5161965e+00   2.7859665e-05
   5.2667877e+00   4.1887902e-01   1.6589961e+00   2.0372429e-05
   5.6363868e+00   4.1887902e-01   4.1999902e-03   1.4476625e-05
   5.6363868e+00   4.1887902e-01   1.4699966e-01   1.5278966e-04
   5.6363868e+00   4.1887902e-01   2.8979932e-01   4.9893500e-04
   5.6363868e+00   4.1887902e-01   4.3259899e-01   1.9265940e-03
   5.6363868e+00   4.1887902e-01   5.7539865e-01   1.2015011e-03
   5.6363868e+00   4.1887902e-01   7.1819832e-01   1.2485102e-04
   5.6363868e+00   4.1887902e-01   8.6099799e-01   1.5491001e-05
   5.6363868e+00   4.1887902e-01   1.0037977e+00   1.1054486e-05
   5.6363868e+00   4.1887902e-01   1.1465973e+00   1.3925640e-05
   5.6363868e+00   4.1887902e-01   1.2893970e+00   5.1168757e-06
   6.0059860e+00   4.1887902e-01   5.7749865e+00   2.4122291e-05
   6.0059860e+00   4.1887902e-01   5.9177862e+00   1.2537739e-05
   6.0059860e+00   4.1887902e-01   6.0605858e+00   3.3908523e-06
   6.0059860e+00   4.1887902e-01   6.2033855e+00   7.9805829e-06
   6.0059860e+00   4.1887902e-01   6.2999853e-02   2.4043479e-04
   6.0059860e+00   4.1887902e-01   2.0579952e-01   1.0028237e-03
   6.0059860e+00   4.1887902e-01   3.4859918e-01   2.1526031e-04
   6.0059860e+00   4.1887902e-01   4.9139885e-01   5.1635077e-06
   6.0059860e+00   4.1887902e-01   6.3419852e-01   1.8130137e-06
   6.0059860e+00   4.1887902e-01   7.7699818e-01   1.7343104e-05
   6.0059860e+00   4.1887902e-01   9.1979785e-01   4.4842665e-05
   9.2399784e-02   4.1887902e-01   5.4053874e+00   5.6214150e-05
   9.2399784e-02   4.1887902e-01   5.5481870e+00   3.2886523e-05
   9.2399784e-02   4.1887902e-01   5.6909867e+00   1.6449793e-05
   9.2399784e-02   4.1887902e-01   5.8337864e+00   3.7710502e-06
   9.2399784e-02   4.1887902e-01   5.9765860e+00   1.9569986e-05
   9.2399784e-02   4.1887902e-01   6.1193857e+00   3.8129451e-04
   9.2399784e-02   4.1887902e-01   6.2621854e+00   6.1760539e-04
   9.2399784e-02   4.1887902e-01   1.2179972e-01   5.0390059e-05
   9.2399784e-02   4.1887902e-01   2.6459938e-01   1.9351852e-06
   9.2399784e-02   4.1887902e-01   4.0739905e-01   1.0703377e-05
   9.2399784e-02   4.1887902e-01   5.5019871e-01   8.2829423e-05
   4.6199892e-01   4.1887902e-01   5.0357882e+00   3.4442303e-06
   4.6199892e-01   4.1887902e-01   5.1785879e+00   4.0973713e-06
   4.6199892e-01   4.1887902e-01   5.3213876e+00   1.1871357e-05
   4.6199892e-01   4.1887902e-01   5.4641872e+00   5.7261628e-06
   4.6199892e-01   4.1887902e-01   5.6069869e+00   7.6121075e-06
   4.6199892e-01   4.1887902e-01   5.7497866e+00   1.5454123e-04
   4.6199892e-01   4.1887902e-01   5.8925862e+00   1.4616131e-03
   4.6199892e-01   4.1887902e-01   6.0353859e+00   1.3214772e-03
   4.6199892e-01   4.1887902e-01   6.1781856e+00   1.5391766e-04
   4.6199892e-01   4.1887902e-01   3.7799912e-02   3.4940238e-05
   4.6199892e-01   4.1887902e-01   1.8059958e-01   1.8164369e-05
   8.3159806e-01   4.1887902e-01   4.6661891e+00   3.7205601e-06
   8.3159806e-01   4.1887902e-01   4.8089888e+00   2.5824487e-06
   8.3159806e-01   4.1887902e-01   4.9517884e+00   1.4473443e-05
   8.3159806e-01   4.1887902e-01   5.0945881e+00   1.5785580e-05
   8.3159806e-01   4.1887902e-01   5.2373878e+00   1.5637255e-05
   8.3159806e-01   4.1887902e-01   5.3801874e+00   1.1686851e-04
   8.3159806e-01   4.1887902e-01   5.5229871e+00   1.2930634e-03
   8.3159806e-01   4.1887902e-01   5.6657868e+00   3.9605298e-03
   8.3159806e-01   4.1887902e-01   5.8085864e+00   4.0858176e-03
   8.3159806e-01   4.1887902e-01   5.9513861e+00   2.6529852e-03
   8.3159806e-01   4.1887902e-01   6.0941857e+00   2.2829034e-04
   1.2011972e+00   4.1887902e-01   4.2965900e+00   2.0288340e-04
   1.2011972e+00   4.1887902e-01   4.4393896e+00   5.3554012e-05
   1.2011972e+00   4.1887902e-01   4.5821893e+00   4.4500072e-05
   1.2011972e+00   4.1887902e-01   4.7249890e+00   2.6276366e-05
   1.2011972e+00   4.1887902e-01   4.8677886e+00   1.4326784e-05
   1.2011972e+00   4.1887902e-01   5.0105883e+00   4.0857161e-05
   1.2011972e+00   4.1887902e-01   5.1533879e+00   1.9302187e-04
   1.2011972e+00   4.1887902e-01   5.2961876e+00   4.8590821e-04
   1.2011972e+00   4.1887902e-01   5.4389873e+00   1.2246278e-03
   1.2011972e+00   4.1887902e-01   5.5817869e+00   3.2155265e-03
   1.2011972e+00   4.1887902e-01   5.7245866e+00   1.6927137e-03
   1.7135960e+00   5.5850536e-01   3.7841912e+00   1.1301745e-03
   1.7135960e+00   5.5850536e-01   3.9269908e+00   2.9046810e-03
   1.7135960e+00   5.5850536e-01   4.0697905e+00   1.0618045e-03
   1.7135960e+00   5.5850536e-01   4.2125901e+00   1.1815353e-04
   1.7135960e+00   5.5850536e-01   4.3553898e+00   1.2989783e-05
   1.7135960e+00   5.5850536e-01   4.4981895e+00   5.3730799e-06
   1.7135960e+00   5.5850536e-01   4.6409891e+00   4.5670891e-06
   1.7135960e+00   5.5850536e-01   4.7837888e+00   1.0307969e-05
   1.7135960e+00   5.5850536e-01   4.9265885e+00   3.6504972e-05
   1.7135960e+00   5.5850536e-01   5.0693881e+00   4.3606506e-05
   1.7135960e+00   5.5850536e-01   5.2121878e+00   1.3099180e-04
   1.9991953e+00   5.5850536e-01   3.4985918e+00   2.3958304e-04
   1.9991953e+00   5.5850536e-01   3.6413915e+00   8.0377158e-03
   1.9991953e+00   5.5850536e-01   3.7841912e+00   1.1906361e-02
   1.9991953e+00   5.5850536e-01   3.9269908e+00   1.0696316e-03
   1.9991953e+00   5.5850536e-01   4.0697905e+00   7.1262905e-05
   1.9991953e+00   5.5850536e-01   4.2125901e+00   1.3543013e-05
   1.9991953e+00   5.5850536e-01   4.3553898e+00   1.9557600e-06
   1.9991953e+00   5.5850536e-01   4.4981895e+00   1.6219336e-06
   1.9991953e+00   5.5850536e-01   4.6409891e+00   1.0758270e-05
   1.9991953e+00   5.5850536e-01   4.7837888e+00   1.2033883e-05
   1.9991953e+00   5.5850536e-01   4.9265885e+00   1.1239763e-05
   2.2847947e+00   5.5850536e-01   3.2129925e+00   2.9052271e-05
   2.2847947e+00   5.5850536e-01   3.3557922e+00   7.3443908e-03
   2.2847947e+00   5.5850536e-01   3.4985918e+00   2.7075050e-02
   2.2847947e+00   5.5850536e-01   3.6413915e+00   3.6645902e-03
   2.2847947e+00   5.5850536e-01   3.7841912e+00   3.0908672e-04
   2.2847947e+00   5.5850536e-01   3.9269908e+00   4.4119626e-05
   2.2847947e+00   5.5850536e-01   4.0697905e+00   4.1046987e-06
   2.2847947e+00   5.5850536e-01   4.2125901e+00   8.8676084e-07
   2.2847947e+00   5.5850536e-01   4.3553898e+00   4.5736680e-06
   2.2847947e+00   5.5850536e-01   4.4981895e+00   5.5144289e-06
   2.2847947e+00   5.5850536e-01   4.6409891e+00   1.7440502e-06
   2.5703940e+00   5.5850536e-01   2.9273932e+00   3.3651082e-07
   2.5703940e+00   5.5850536e-01   3.0701928e+00   2.4087574e-04
   2.5703940e+00   5.5850536e-01   3.2129925e+00   1.9612365e-03
   2.5703940e+00   5.5850536e-01   3.3557922e+00   6.5930884e-04
   2.5703940e+00   5.5850536e-01   3.4985918e+00   2.0382257e-04
   2.5703940e+00   5.5850536e-01   3.6413915e+00   3.1655498e-05
   2.5703940e+00   5.5850536e-01   3.7841912e+00   6.8833450e-07
   2.5703940e+00   5.5850536e-01   3.9269908e+00   9.6149688e-07
   2.5703940e+00   5.5850536e-01   4.0697905e+00   1.0982602e-05
   2.5703940e+00   5.5850536e-01   4.2125901e+00   5.0173711e-06
   2.5703940e+00   5.5850536e-01   4.3553898e+00   5.1535287e-07
   2.8559933e+00   5.5850536e-01   2.7845935e+00   3.8756835e-06
   2.8559933e+00   5.5850536e-01   2.9273932e+00   4.7940092e-06
   2.8559933e+00   5.5850536e-01   3.0701928e+00   1.2669163e-05
   2.8559933e+00   5.5850536e-01   3.2129925e+00   4.6118516e-05
   2.8559933e+00   5.5850536e-01   3.3557922e+00   3.9331601e-05
   2.8559933e+00   5.5850536e-01   3.4985918e+00   8.9671360e-07
   2.8559933e+00   5.5850536e-01   3.6413915e+00   7.8225439e-08
   2.8559933e+00   5.5850536e-01   3.7841912e+00   8.9423736e-06
   2.8559933e+00   5.5850536e-01   3.9269908e+00   6.2756102e-06
   2.8559933e+00   5.5850536e-01   4.0697905e+00   3.3178467e-06
   3.1415927e+00   5.5850536e-01   2.3561945e+00   1.8113841e-05
   3.1415927e+00   5.5850536e-01   2.4989942e+00   1.3683066e-05
   3.1415927e+00   5.5850536e-01   2.6417938e+00   6.1960050e-06
   3.1415927e+00   5.5850536e-01   2.7845935e+00   4.9839683e-06
   3.1415927e+00   5.5850536e-01   2.9273932e+00   2.1768188e-05
   3.1415927e+00   5.5850536e-01   3.0701928e+00   1.1915693e-04
   3.1415927e+00   5.5850536e-01   3.2129925e+00   3.7978085e-05
   3.1415927e+00   5.5850536e-01   3.3557922e+00   2.4959649e-06
   3.1415927e+00   5.5850536e-01   3.4985918e+00   3.1175579e-06
   3.1415927e+00   5.5850536e-01   3.6413915e+00   3.2778760e-06
   3.1415927e+00   5.5850536e-01   3.7841912e+00   5.0152456e-06
   3.4271920e+00   5.5850536e-01   2.0705952e+00   5.5472479e-06
   3.4271920e+00   5.5850536e-01   2.2133948e+00   8.6187336e-06
   3.4271920e+00   5.5850536e-01   2.3561945e+00   1.0334601e-05
   3.4271920e+00   5.5850536e-01   2.4989942e+00   4.8444613e-06
   3.4271920e+00   5.5850536e-01   2.6417938e+00   7.4454754e-07
   3.4271920e+00   5.5850536e-01   2.7845935e+00   2.6383558e-05
   3.4271920e+00   5.5850536e-01   2.9273932e+00   9.4909976e-05
   3.4271920e+00   5.5850536e-01   3.0701928e+00   1.1471003e-05
   3.4271920e+00   5.5850536e-01   3.2129925e+00   7.9364625e-07
   3.4271920e+00   5.5850536e-01   3.3557922e+00   6.4071982e-07
   3.4271920e+00   5.5850536e-01   3.4985918e+00   1.1938477e-06
   3.7127913e+00   5.5850536e-01   1.7849958e+00   8.4364970e-07
   3.7127913e+00   5.5850536e-01   1.9277955e+00   4.5011189e-06
   3.7127913e+00   5.5850536e-01   2.0705952e+00   2.0555049e-05
   3.7127913e+00   5.5850536e-01   2.2133948e+00   2.0272696e-05
   3.7127913e+00   5.5850536e-01   2.3561945e+00   1.7219633e-06
   3.7127913e+00   5.5850536e-01   2.4989942e+00   3.0356973e-06
   3.7127913e+00   5.5850536e-01   2.6417938e+00   4.0687969e-05
   3.7127913e+00   5.5850536e-01   2.7845935e+00   8.3366141e-05
   3.7127913e+00   5.5850536e-01   2.9273932e+00   3.4478233e-04
   3.7127913e+00   5.5850536e-01   3.0701928e+00   2.3425310e-03
   3.7127913e+00   5.5850536e-01   3.2129925e+00   1.4129061e-04
   3.9983907e+00   5.5850536e-01   1.4993965e+00   1.2792754e-05
   3.9983907e+00   5.5850536e-01   1.6421962e+00   6.7495641e-06
   3.9983907e+00   5.5850536e-01   1.7849958e+00   3.4081778e-05
   3.9983907e+00   5.5850536e-01   1.9277955e+00   4.4203123e-05
   3.9983907e+00   5.5850536e-01   2.0705952e+00   1.7081757e-05
   3.9983907e+00   5.5850536e-01   2.2133948e+00   1.4580163e-05
   3.9983907e+00   5.5850536e-01   2.3561945e+00   3.1296484e-05
   3.9983907e+00   5.5850536e-01   2.4989942e+00   7.9930626e-05
   3.9983907e+00   5.5850536e-01   2.6417938e+00   2.5268257e-03
   3.9983907e+00   5.5850536e-01   2.7845935e+00   5.0973024e-02
   3.9983907e+00   5.5850536e-01   2.9273932e+00   8.5894528e-03
   4.2839900e+00   5.5850536e-01   1.2137972e+00   2.5747060e-04
   4.2839900e+00   5.5850536e-01   1.3565968e+00   2.0937447e-05
   4.2839900e+00   5.5850536e-01   1.4993965e+00   3.5096789e-05
   4.2839900e+00   5.5850536e-01   1.6421962e+00   4.4402619e-05
   4.2839900e+00   5.5850536e-01   1.7849958e+00   1.7970150e-05
   4.2839900e+00   5.5850536e-01   1.9277955e+00   1.4663582e-05
   4.2839900e+00   5.5850536e-01   2.0705952e+00   2.1423277e-05
   4.2839900e+00   5.5850536e-01   2.2133948e+00   3.7730043e-05
   4.2839900e+00   5.5850536e-01   2.3561945e+00   9.2385871e-04
   4.2839900e+00   5.5850536e-01   2.4989942e+00   2.7644123e-02
   4.2839900e+00   5.5850536e-01   2.6417938e+00   1.7267428e-02
   4.5695893e+00   5.5850536e-01   9.2819783e-01   4.0561190e-03
   4.5695893e+00   5.5850536e-01   1.0709975e+00   5.7253619e-04
   4.5695893e+00   5.5850536e-01   1.2137972e+00   1.4166748e-04
   4.5695893e+00   5.5850536e-01   1.3565968e+00   7.3807124e-05
   4.5695893e+00   5.5850536e-01   1.4993965e+00   2.0908629e-05
   4.5695893e+00   5.5850536e-01   1.6421962e+00   7.4739208e-06
   4.5695893e+00   5.5850536e-01   1.7849958e+00   7.2050367e-06
   4.5695893e+00   5.5850536e-01   1.9277955e+00   1.9817165e-05
   4.5695893e+00   5.5850536e-01   2.0705952e+00   1.8561658e-04
   4.5695893e+00   5.5850536e-01   2.2133948e+00   2.5757584e-03
   4.5695893e+00   5.5850536e-01   2.3561945e+00   9.7824763e-03
   4.8551886e+00   5.5850536e-01   6.4259850e-01   5.9718609e-03
   4.8551886e+00   5.5850536e-01   7.8539816e-01   8.6245808e-03
   4.8551886e+00   5.5850536e-01   9.2819783e-01   2.3550250e-03
   4.8551886e+00   5.5850536e-01   1.0709975e+00   2.5614062e-04
   4.8551886e+00   5.5850536e-01   1.2137972e+00   2.7566007e-05
   4.8551886e+00   5.5850536e-01   1.3565968e+00   6.4636262e-06
   4.8551886e+00   5.5850536e-01   1.4993965e+00   5.5499755e-06
   4.8551886e+00   5.5850536e-01   1.6421962e+00   1.9038131e-05
   4.8551886e+00   5.5850536e-01   1.7849958e+00   6.4872101e-05
   4.8551886e+00   5.5850536e-01   1.9277955e+00   1.3431078e-04
   4.8551886e+00   5.5850536e-01   2.0705952e+00   9.4625125e-04
   5.1407880e+00   5.5850536e-01   4.9979883e-01   1.7938258e-02
   5.1407880e+00   5.5850536e-01   6.4259850e-01   1.8554086e-02
   5.1407880e+00   5.5850536e-01   7.8539816e-01   1.3227633e-03
   5.1407880e+00   5.5850536e-01   9.2819783e-01   1.0091538e-04
   5.1407880e+00   5.5850536e-01   1.0709975e+00   2.7022940e-05
   5.1407880e+00   5.5850536e-01   1.2137972e+00   1.0691301e-05
   5.1407880e+00   5.5850536e-01   1.3565968e+00   1.6644281e-05
   5.1407880e+00   5.5850536e-01   1.4993965e+00   3.7172464e-05
   5.1407880e+00   5.5850536e-01   1.6421962e+00   2.3400432e-05
   5.1407880e+00   5.5850536e-01   1.7849958e+00   3.6508631e-05
   5.4263873e+00   5.5850536e-01   7.1399833e-02   2.4908483e-05
   5.4263873e+00   5.5850536e-01   2.1419950e-01   1.0051421e-02
   5.4263873e+00   5.5850536e-01   3.5699917e-01   3.3186051e-02
   5.4263873e+00   5.5850536e-01   4.9979883e-01   3.5913436e-03
   5.4263873e+00   5.5850536e-01   6.4259850e-01   3.9227618e-04
   5.4263873e+00   5.5850536e-01   7.8539816e-01   1.0662634e-04
   5.4263873e+00   5.5850536e-01   9.2819783e-01   3.4300684e-05
   5.4263873e+00   5.5850536e-01   1.0709975e+00   2.7693132e-05
   5.4263873e+00   5.5850536e-01   1.2137972e+00   3.3369569e-05
   5.4263873e+00   5.5850536e-01   1.3565968e+00   1.0106478e-05
   5.4263873e+00   5.5850536e-01   1.4993965e+00   1.3927512e-06
   5.7119866e+00   5.5850536e-01   6.2117855e+00   1.4835862e-04
   5.7119866e+00   5.5850536e-01   7.1399833e-02   2.7913405e-03
   5.7119866e+00   5.5850536e-01   2.1419950e-01   1.1467643e-03
   5.7119866e+00   5.5850536e-01   3.5699917e-01   5.8832254e-04
   5.7119866e+00   5.5850536e-01   4.9979883e-01   1.7923957e-04
   5.7119866e+00   5.5850536e-01   6.4259850e-01   1.7274749e-05
   5.7119866e+00   5.5850536e-01   7.8539816e-01   9.4818305e-06
   5.7119866e+00   5.5850536e-01   9.2819783e-01   1.8411602e-05
   5.7119866e+00   5.5850536e-01   1.0709975e+00   5.2157036e-06
   5.7119866e+00   5.5850536e-01   1.2137972e+00   2.1637949e-07
   5.9975860e+00   5.5850536e-01   5.7833865e+00   1.7682046e-06
   5.9975860e+00   5.5850536e-01   5.9261861e+00   9.7786272e-07
   5.9975860e+00   5.5850536e-01   6.0689858e+00   5.7814449e-06
   5.9975860e+00   5.5850536e-01   6.2117855e+00   2.3758242e-05
   5.9975860e+00   5.5850536e-01   7.1399833e-02   1.6348386e-04
   5.9975860e+00   5.5850536e-01   2.1419950e-01   4.2784092e-04
   5.9975860e+00   5.5850536e-01   3.5699917e-01   5.9231071e-05
   5.9975860e+00   5.5850536e-01   4.9979883e-01   1.9749158e-06
   5.9975860e+00   5.5850536e-01   6.4259850e-01   3.1440691e-06
   5.9975860e+00   5.5850536e-01   7.8539816e-01   4.2031850e-06
   5.9975860e+00   5.5850536e-01   9.2819783e-01   3.0624451e-06
   0.0000000e+00   5.5850536e-01   5.4977871e+00   1.7750362e-05
   0.0000000e+00   5.5850536e-01   5.6405868e+00   7.0645694e-06
   0.0000000e+00   5.5850536e-01   5.7833865e+00   8.8699478e-06
   0.0000000e+00   5.5850536e-01   5.9261861e+00   8.4777686e-06
   0.0000000e+00   5.5850536e-01   6.0689858e+00   1.8287096e-05
   0.0000000e+00   5.5850536e-01   6.2117855e+00   2.1741292e-04
   0.0000000e+00   5.5850536e-01   7.1399833e-02   2.9001675e-04
   6.2831853e+00   5.5850536e-01   2.1419950e-01   2.5081247e-05
   6.2831853e+00   5.5850536e-01   3.5699917e-01   2.7140680e-06
   6.2831853e+00   5.5850536e-01   4.9979883e-01   4.3575229e-06
   6.2831853e+00   5.5850536e-01   6.4259850e-01   1.8868931e-05
   2.8559933e-01   5.5850536e-01   5.2121878e+00   5.1814913e-06
   2.8559933e-01   5.5850536e-01   5.3549875e+00   3.0624749e-06
   2.8559933e-01   5.5850536e-01   5.4977871e+00   8.2170274e-06
   2.8559933e-01   5.5850536e-01   5.6405868e+00   6.3452714e-06
   2.8559933e-01   5.5850536e-01   5.7833865e+00   8.4125968e-07
   2.8559933e-01   5.5850536e-01   5.9261861e+00   1.5563060e-05
   2.8559933e-01   5.5850536e-01   6.0689858e+00   2.3116459e-04
   2.8559933e-01   5.5850536e-01   6.2117855e+00   1.9322573e-04
   2.8559933e-01   5.5850536e-01   7.1399833e-02   2.3235963e-05
   2.8559933e-01   5.5850536e-01   2.1419950e-01   4.5865677e-06
   2.8559933e-01   5.5850536e-01   3.5699917e-01   8.0963826e-06
   5.7119866e-01   5.5850536e-01   4.9265885e+00   1.2759586e-07
   5.7119866e-01   5.5850536e-01   5.0693881e+00   3.7855425e-07
   5.7119866e-01   5.5850536e-01   5.2121878e+00   5.8569687e-06
   5.7119866e-01   5.5850536e-01   5.3549875e+00   1.0133751e-05
   5.7119866e-01   5.5850536e-01   5.4977871e+00   1.7821372e-06
   5.7119866e-01   5.5850536e-01   5.6405868e+00   5.7072238e-06
   5.7119866e-01   5.5850536e-01   5.7833865e+00   1.6992259e-04
   5.7119866e-01   5.5850536e-01   5.9261861e+00   1.1662273e-03
   5.7119866e-01   5.5850536e-01   6.0689858e+00   2.5195723e-03
   5.7119866e-01   5.5850536e-01   6.2117855e+00   2.4468492e-03
   5.7119866e-01   5.5850536e-01   7.1399833e-02   1.1490321e-04
   8.5679800e-01   5.5850536e-01   4.6409891e+00   2.2647949e-05
   8.5679800e-01   5.5850536e-01   4.7837888e+00   2.3793831e-06
   8.5679800e-01   5.5850536e-01   4.9265885e+00   8.2163965e-06
   8.5679800e-01   5.5850536e-01   5.0693881e+00   9.7557338e-06
   8.5679800e-01   5.5850536e-01   5.2121878e+00   3.1985042e-06
   8.5679800e-01   5.5850536e-01   5.3549875e+00   8.4387235e-06
   8.5679800e-01   5.5850536e-01   5.4977871e+00   7.8789944e-05
   8.5679800e-01   5.5850536e-01   5.6405868e+00   6.2193812e-04
   8.5679800e-01   5.5850536e-01   5.7833865e+00   6.3783071e-03
   8.5679800e-01   5.5850536e-01   5.9261861e+00   2.6127572e-02
   8.5679800e-01   5.5850536e-01   6.0689858e+00   4.0978078e-03
   1.1423973e+00   5.5850536e-01   4.3553898e+00   3.1637180e-04
   1.1423973e+00   5.5850536e-01   4.4981895e+00   2.3715758e-05
   1.1423973e+00   5.5850536e-01   4.6409891e+00   1.7273750e-05
   1.1423973e+00   5.5850536e-01   4.7837888e+00   1.4927650e-05
   1.1423973e+00   5.5850536e-01   4.9265885e+00   3.0031658e-06
   1.1423973e+00   5.5850536e-01   5.0693881e+00   3.0252182e-06
   1.1423973e+00   5.5850536e-01   5.2121878e+00   1.4418828e-05
   1.1423973e+00   5.5850536e-01   5.3549875e+00   6.9910854e-05
   1.1423973e+00   5.5850536e-01   5.4977871e+00   9.3219443e-04
   1.1423973e+00   5.5850536e-01   5.6405868e+00   7.7611702e-03
   1.1423973e+00   5.5850536e-01   5.7833865e+00   5.0662234e-03
   1.4279967e+00   5.5850536e-01   4.0697905e+00   1.2548482e-03
   1.4279967e+00   5.5850536e-01   4.2125901e+00   3.0114924e-04
   1.4279967e+00   5.5850536e-01   4.3553898e+00   6.9277452e-05
   1.4279967e+00   5.5850536e-01   4.4981895e+00   3.1868131e-05
   1.4279967e+00   5.5850536e-01   4.6409891e+00   7.6746276e-06
   1.4279967e+00   5.5850536e-01   4.7837888e+00   3.9448166e-06
   1.4279967e+00   5.5850536e-01   4.9265885e+00   5.4784860e-06
   1.4279967e+00   5.5850536e-01   5.0693881e+00   1.5834375e-05
   1.4279967e+00   5.5850536e-01   5.2121878e+00   1.1446548e-04
   1.4279967e+00   5.5850536e-01   5.3549875e+00   5.7214629e-04
   1.4279967e+00   5.5850536e-01   5.4977871e+00   1.4477477e-03
   1.5707963e+00   6.9813170e-01   3.9269908e+00   8.1156643e-05
   1.5707963e+00   6.9813170e-01   4.0697905e+00   8.5551708e-05
   1.5707963e+00   6.9813170e-01   4.2125901e+00   8.2329357e-05
   1.5707963e+00   6.9813170e-01   4.3553898e+00   1.0894603e-04
   1.5707963e+00   6.9813170e-01   4.4981895e+00   4.1519294e-05
   1.5707963e+00   6.9813170e-01   4.6409891e+00   1.2365267e-05
   1.5707963e+00   6.9813170e-01   4.7837888e+00   1.6117653e-05
   1.5707963e+00   6.9813170e-01   4.9265885e+00   6.0909124e-05
   1.5707963e+00   6.9813170e-01   5.0693881e+00   1.3005559e-04
   1.5707963e+00   6.9813170e-01   5.2121878e+00   5.8674030e-05
   1.5707963e+00   6.9813170e-01   5.3549875e+00   4.1118143e-05
   1.8035069e+00   6.9813170e-01   3.6942803e+00   5.0490227e-05
   1.8035069e+00   6.9813170e-01   3.8370799e+00   3.3419528e-04
   1.8035069e+00   6.9813170e-01   3.9798796e+00   3.0329318e-04
   1.8035069e+00   6.9813170e-01   4.1226792e+00   8.5569812e-05
   1.8035069e+00   6.9813170e-01   4.2654789e+00   1.1913131e-05
   1.8035069e+00   6.9813170e-01   4.4082786e+00   4.0196591e-06
   1.8035069e+00   6.9813170e-01   4.5510782e+00   1.7358971e-05
   1.8035069e+00   6.9813170e-01   4.6938779e+00   1.1173711e-04
   1.8035069e+00   6.9813170e-01   4.8366776e+00   1.3230280e-04
   1.8035069e+00   6.9813170e-01   4.9794772e+00   1.3470626e-05
   1.8035069e+00   6.9813170e-01   5.1222769e+00   3.7621707e-06
   2.0362175e+00   6.9813170e-01   3.4615697e+00   3.7706332e-05
   2.0362175e+00   6.9813170e-01   3.6043693e+00   1.2371668e-03
   2.0362175e+00   6.9813170e-01   3.7471690e+00   1.2224478e-03
   2.0362175e+00   6.9813170e-01   3.8899687e+00   9.1134038e-05
   2.0362175e+00   6.9813170e-01   4.0327683e+00   7.6849660e-06
   2.0362175e+00   6.9813170e-01   4.1755680e+00   2.1941346e-06
   2.0362175e+00   6.9813170e-01   4.3183677e+00   1.8183536e-06
   2.0362175e+00   6.9813170e-01   4.4611673e+00   6.9384859e-06
   2.0362175e+00   6.9813170e-01   4.6039670e+00   1.3536841e-05
   2.0362175e+00   6.9813170e-01   4.7467667e+00   4.1099274e-06
   2.0362175e+00   6.9813170e-01   4.8895663e+00   1.3118236e-06
   2.2689280e+00   6.9813170e-01   3.2288591e+00   3.4784411e-04
   2.2689280e+00   6.9813170e-01   3.3716588e+00   1.3629593e-02
   2.2689280e+00   6.9813170e-01   3.5144584e+00   8.5823437e-03
   2.2689280e+00   6.9813170e-01   3.6572581e+00   1.8823464e-04
   2.2689280e+00   6.9813170e-01   3.8000578e+00   7.9561637e-06
   2.2689280e+00   6.9813170e-01   3.9428574e+00   3.2469476e-06
   2.2689280e+00   6.9813170e-01   4.0856571e+00   2.3420343e-06
   2.2689280e+00   6.9813170e-01   4.2284568e+00   2.9000431e-06
   2.2689280e+00   6.9813170e-01   4.3712564e+00   1.8946924e-06
   2.2689280e+00   6.9813170e-01   4.5140561e+00   1.1803380e-06
   2.2689280e+00   6.9813170e-01   4.6568558e+00   2.6104499e-06
   2.5016386e+00   6.9813170e-01   2.9961485e+00   3.4193838e-04
   2.5016386e+00   6.9813170e-01   3.1389482e+00   3.2089494e-02
   2.5016386e+00   6.9813170e-01   3.2817479e+00   2.5036492e-02
   2.5016386e+00   6.9813170e-01   3.4245475e+00   5.0252660e-04
   2.5016386e+00   6.9813170e-01   3.5673472e+00   2.5777875e-05
   2.5016386e+00   6.9813170e-01   3.7101469e+00   5.6331786e-06
   2.5016386e+00   6.9813170e-01   3.8529465e+00   3.1691870e-06
   2.5016386e+00   6.9813170e-01   3.9957462e+00   2.8758149e-05
   2.5016386e+00   6.9813170e-01   4.1385459e+00   3.5033172e-05
   2.5016386e+00   6.9813170e-01   4.2813455e+00   6.5841908e-06
   2.5016386e+00   6.9813170e-01   4.4241452e+00   2.0545155e-06
   2.7343492e+00   6.9813170e-01   2.7634380e+00   5.2995804e-06
   2.7343492e+00   6.9813170e-01   2.9062376e+00   3.7884342e-04
   2.7343492e+00   6.9813170e-01   3.0490373e+00   1.7230605e-03
   2.7343492e+00   6.9813170e-01   3.1918370e+00   2.3728242e-04
   2.7343492e+00   6.9813170e-01   3.3346366e+00   5.5200115e-05
   2.7343492e+00   6.9813170e-01   3.4774363e+00   1.5163026e-05
   2.7343492e+00   6.9813170e-01   3.7630356e+00   5.2256154e-06
   2.7343492e+00   6.9813170e-01   3.9058353e+00   2.5106768e-05
   2.7343492e+00   6.9813170e-01   4.0486350e+00   4.9359495e-06
   2.7343492e+00   6.9813170e-01   4.1914346e+00   2.0793394e-06
   2.9670597e+00   6.9813170e-01   2.5307274e+00   1.6225345e-06
   2.9670597e+00   6.9813170e-01   2.6735271e+00   4.7603689e-07
   2.9670597e+00   6.9813170e-01   2.8163267e+00   3.9787173e-06
   2.9670597e+00   6.9813170e-01   2.9591264e+00   3.8966575e-05
   2.9670597e+00   6.9813170e-01   3.1019261e+00   1.1919304e-04
   2.9670597e+00   6.9813170e-01   3.2447257e+00   1.3291156e-04
   2.9670597e+00   6.9813170e-01   3.3875254e+00   1.3350918e-05
   2.9670597e+00   6.9813170e-01   3.5303251e+00   2.5068124e-06
   2.9670597e+00   6.9813170e-01   3.6731247e+00   7.1949276e-06
   2.9670597e+00   6.9813170e-01   3.8159244e+00   5.0451646e-07
   2.9670597e+00   6.9813170e-01   3.9587241e+00   2.5573919e-07
   3.1997703e+00   6.9813170e-01   2.2980168e+00   8.0742085e-07
   3.1997703e+00   6.9813170e-01   2.4408165e+00   4.9115065e-07
   3.1997703e+00   6.9813170e-01   2.5836162e+00   1.8286876e-06
   3.1997703e+00   6.9813170e-01   2.7264158e+00   1.4913781e-05
   3.1997703e+00   6.9813170e-01   2.8692155e+00   9.1366117e-05
   3.1997703e+00   6.9813170e-01   3.0120152e+00   4.8516021e-04
   3.1997703e+00   6.9813170e-01   3.1548148e+00   1.8941551e-04
   3.1997703e+00   6.9813170e-01   3.2976145e+00   1.3443359e-05
   3.1997703e+00   6.9813170e-01   3.4404142e+00   5.0915106e-06
   3.1997703e+00   6.9813170e-01   3.5832138e+00   4.3508961e-07
   3.1997703e+00   6.9813170e-01   3.7260135e+00   9.9105384e-08
   3.4324809e+00   6.9813170e-01   2.2081059e+00   4.9474139e-07
   3.4324809e+00   6.9813170e-01   2.3509056e+00   9.1920793e-07
   3.4324809e+00   6.9813170e-01   2.4937053e+00   3.5590657e-06
   3.4324809e+00   6.9813170e-01   2.6365049e+00   1.4246868e-06
   3.4324809e+00   6.9813170e-01   2.7793046e+00   3.1649603e-05
   3.4324809e+00   6.9813170e-01   2.9221043e+00   1.3551633e-04
   3.4324809e+00   6.9813170e-01   3.0649039e+00   2.4081268e-05
   3.4324809e+00   6.9813170e-01   3.2077036e+00   1.6479873e-05
   3.4324809e+00   6.9813170e-01   3.3505033e+00   4.3951297e-05
   3.4324809e+00   6.9813170e-01   3.4933029e+00   5.7130893e-06
   3.6651914e+00   6.9813170e-01   1.9753954e+00   5.2815481e-06
   3.6651914e+00   6.9813170e-01   2.1181950e+00   7.2632089e-06
   3.6651914e+00   6.9813170e-01   2.2609947e+00   1.2703444e-05
   3.6651914e+00   6.9813170e-01   2.4037944e+00   1.4026112e-06
   3.6651914e+00   6.9813170e-01   2.5465940e+00   3.4716749e-07
   3.6651914e+00   6.9813170e-01   2.6893937e+00   1.1006008e-05
   3.6651914e+00   6.9813170e-01   2.8321934e+00   1.9753829e-05
   3.6651914e+00   6.9813170e-01   2.9749930e+00   3.7831957e-04
   3.6651914e+00   6.9813170e-01   3.1177927e+00   1.6483921e-02
   3.6651914e+00   6.9813170e-01   3.2605924e+00   7.2281382e-03
   3.8979020e+00   6.9813170e-01   1.5998851e+00   3.4554248e-04
   3.8979020e+00   6.9813170e-01   1.7426848e+00   8.9338916e-06
   3.8979020e+00   6.9813170e-01   1.8854845e+00   1.0604722e-05
   3.8979020e+00   6.9813170e-01   2.0282841e+00   1.8418116e-05
   3.8979020e+00   6.9813170e-01   2.1710838e+00   8.7176701e-06
   3.8979020e+00   6.9813170e-01   2.3138835e+00   1.6760198e-06
   3.8979020e+00   6.9813170e-01   2.4566831e+00   1.3685121e-06
   3.8979020e+00   6.9813170e-01   2.5994828e+00   1.1610333e-06
   3.8979020e+00   6.9813170e-01   2.7422825e+00   1.9156856e-04
   3.8979020e+00   6.9813170e-01   2.8850821e+00   3.1130469e-02
   3.8979020e+00   6.9813170e-01   3.0278818e+00   2.8262833e-02
   4.1306126e+00   6.9813170e-01   1.3671746e+00   9.4685034e-06
   4.1306126e+00   6.9813170e-01   1.5099742e+00   1.0678157e-06
   4.1306126e+00   6.9813170e-01   1.6527739e+00   7.5653356e-06
   4.1306126e+00   6.9813170e-01   1.7955736e+00   2.4383880e-05
   4.1306126e+00   6.9813170e-01   1.9383732e+00   1.7368394e-05
   4.1306126e+00   6.9813170e-01   2.0811729e+00   6.7233215e-06
   4.1306126e+00   6.9813170e-01   2.2239726e+00   2.3381057e-06
   4.1306126e+00   6.9813170e-01   2.3667722e+00   6.3063259e-07
   4.1306126e+00   6.9813170e-01   2.5095719e+00   2.0863939e-05
   4.1306126e+00   6.9813170e-01   2.6523716e+00   3.3524753e-03
   4.1306126e+00   6.9813170e-01   2.7951712e+00   2.4088055e-03
   4.3633231e+00   6.9813170e-01   1.1344640e+00   6.3073484e-06
   4.3633231e+00   6.9813170e-01   1.2772637e+00   2.7692095e-07
   4.3633231e+00   6.9813170e-01   1.4200633e+00   7.1109427e-06
   4.3633231e+00   6.9813170e-01   1.5628630e+00   9.8496589e-05
   4.3633231e+00   6.9813170e-01   1.7056627e+00   8.4455307e-05
   4.3633231e+00   6.9813170e-01   1.8484623e+00   1.6935713e-05
   4.3633231e+00   6.9813170e-01   1.9912620e+00   5.0884289e-06
   4.3633231e+00   6.9813170e-01   2.1340617e+00   5.0771807e-06
   4.3633231e+00   6.9813170e-01   2.2768613e+00   2.7980442e-05
   4.3633231e+00   6.9813170e-01   2.4196610e+00   4.4730045e-04
   4.3633231e+00   6.9813170e-01   2.5624607e+00   4.6519453e-04
   4.5960337e+00   6.9813170e-01   9.0175345e-01   7.5926091e-05
   4.5960337e+00   6.9813170e-01   1.0445531e+00   9.1217253e-06
   4.5960337e+00   6.9813170e-01   1.1873528e+00   1.4800388e-05
   4.5960337e+00   6.9813170e-01   1.3301524e+00   8.7472818e-05
   4.5960337e+00   6.9813170e-01   1.4729521e+00   7.0988595e-05
   4.5960337e+00   6.9813170e-01   1.6157518e+00   1.6531410e-05
   4.5960337e+00   6.9813170e-01   1.7585514e+00   9.4760540e-06
   4.5960337e+00   6.9813170e-01   1.9013511e+00   1.9576344e-05
   4.5960337e+00   6.9813170e-01   2.0441508e+00   4.4742259e-05
   4.5960337e+00   6.9813170e-01   2.1869504e+00   1.0592790e-04
   4.5960337e+00   6.9813170e-01   2.3297501e+00   2.3068056e-04
   4.8287443e+00   6.9813170e-01   6.6904288e-01   1.3187264e-04
   4.8287443e+00   6.9813170e-01   8.1184255e-01   1.4937234e-04
   4.8287443e+00   6.9813170e-01   9.5464221e-01   9.2524973e-05
   4.8287443e+00   6.9813170e-01   1.0974419e+00   5.8046300e-05
   4.8287443e+00   6.9813170e-01   1.2402415e+00   1.2889351e-05
   4.8287443e+00   6.9813170e-01   1.3830412e+00   3.9256607e-06
   4.8287443e+00   6.9813170e-01   1.5258409e+00   2.0365739e-05
   4.8287443e+00   6.9813170e-01   1.6686405e+00   1.1142830e-04
   4.8287443e+00   6.9813170e-01   1.8114402e+00   6.9826871e-05
   4.8287443e+00   6.9813170e-01   1.9542399e+00   1.1401813e-05
   4.8287443e+00   6.9813170e-01   2.0970395e+00   2.5304531e-05
   5.0614548e+00   6.9813170e-01   4.3633231e-01   4.4887673e-05
   5.0614548e+00   6.9813170e-01   5.7913198e-01   7.3390946e-04
   5.0614548e+00   6.9813170e-01   7.2193165e-01   4.5836565e-04
   5.0614548e+00   6.9813170e-01   8.6473131e-01   4.9936629e-05
   5.0614548e+00   6.9813170e-01   1.0075310e+00   6.9409071e-06
   5.0614548e+00   6.9813170e-01   1.1503306e+00   2.1100603e-06
   5.0614548e+00   6.9813170e-01   1.2931303e+00   1.0068803e-05
   5.0614548e+00   6.9813170e-01   1.4359300e+00   1.0646014e-04
   5.0614548e+00   6.9813170e-01   1.5787296e+00   8.9961638e-05
   5.0614548e+00   6.9813170e-01   1.7215293e+00   4.8056779e-06
   5.0614548e+00   6.9813170e-01   1.8643290e+00   1.0728937e-06
   5.2941654e+00   6.9813170e-01   2.0362175e-01   1.1723545e-04
   5.2941654e+00   6.9813170e-01   3.4642141e-01   5.7552985e-03
   5.2941654e+00   6.9813170e-01   4.8922108e-01   3.4884781e-03
   5.2941654e+00   6.9813170e-01   6.3202074e-01   6.2119321e-05
   5.2941654e+00   6.9813170e-01   7.7482041e-01   5.6722514e-06
   5.2941654e+00   6.9813170e-01   9.1762008e-01   5.6655456e-06
   5.2941654e+00   6.9813170e-01   1.0604197e+00   7.8672116e-06
   5.2941654e+00   6.9813170e-01   1.2032194e+00   2.2432304e-05
   5.2941654e+00   6.9813170e-01   1.3460191e+00   2.4342442e-05
   5.2941654e+00   6.9813170e-01   1.4888187e+00   4.9926145e-06
   5.2941654e+00   6.9813170e-01   1.6316184e+00   2.1998718e-06
   5.5268760e+00   6.9813170e-01   6.2540965e+00   6.2237687e-04
   5.5268760e+00   6.9813170e-01   1.1371085e-01   5.0855415e-02
   5.5268760e+00   6.9813170e-01   2.5651051e-01   3.4316298e-02
   5.5268760e+00   6.9813170e-01   3.9931018e-01   4.4961175e-04
   5.5268760e+00   6.9813170e-01   5.4210984e-01   2.5226572e-05
   5.5268760e+00   6.9813170e-01   6.8490951e-01   1.6239907e-05
   5.5268760e+00   6.9813170e-01   8.2770918e-01   1.8144745e-05
   5.5268760e+00   6.9813170e-01   9.7050884e-01   4.1280898e-05
   5.5268760e+00   6.9813170e-01   1.1133085e+00   3.4316252e-05
   5.5268760e+00   6.9813170e-01   1.2561082e+00   6.4664428e-06
   5.5268760e+00   6.9813170e-01   1.3989078e+00   2.6238394e-06
   5.7595865e+00   6.9813170e-01   6.0213859e+00   1.8964059e-05
   5.7595865e+00   6.9813170e-01   6.1641856e+00   7.2335225e-03
   5.7595865e+00   6.9813170e-01   2.3799944e-02   2.0309944e-02
   5.7595865e+00   6.9813170e-01   1.6659961e-01   1.2069909e-03
   5.7595865e+00   6.9813170e-01   3.0939928e-01   1.9880131e-04
   5.7595865e+00   6.9813170e-01   4.5219894e-01   6.7333315e-05
   5.7595865e+00   6.9813170e-01   5.9499861e-01   8.8503088e-06
   5.7595865e+00   6.9813170e-01   7.3779827e-01   1.6630090e-05
   5.7595865e+00   6.9813170e-01   8.8059794e-01   2.9271068e-05
   5.7595865e+00   6.9813170e-01   1.0233976e+00   5.6285661e-06
   5.7595865e+00   6.9813170e-01   1.1661973e+00   7.4930316e-07
   5.9922971e+00   6.9813170e-01   5.7886754e+00   2.7024611e-07
   5.9922971e+00   6.9813170e-01   5.9314750e+00   2.7345694e-06
   5.9922971e+00   6.9813170e-01   6.0742747e+00   9.2575903e-05
   5.9922971e+00   6.9813170e-01   6.2170744e+00   1.1118112e-04
   5.9922971e+00   6.9813170e-01   7.6688710e-02   2.1438897e-04
   5.9922971e+00   6.9813170e-01   2.1948838e-01   4.5052536e-04
   5.9922971e+00   6.9813170e-01   3.6228804e-01   5.2624834e-05
   5.9922971e+00   6.9813170e-01   5.0508771e-01   2.3788919e-06
   5.9922971e+00   6.9813170e-01   6.4788737e-01   2.9339872e-06
   5.9922971e+00   6.9813170e-01   7.9068704e-01   5.0194025e-07
   5.9922971e+00   6.9813170e-01   9.3348671e-01   1.7789598e-07
   6.2250077e+00   6.9813170e-01   5.5559648e+00   4.5562530e-07
   6.2250077e+00   6.9813170e-01   5.6987645e+00   1.7655188e-07
   6.2250077e+00   6.9813170e-01   5.8415641e+00   3.6572758e-06
   6.2250077e+00   6.9813170e-01   5.9843638e+00   2.2077715e-05
   6.2250077e+00   6.9813170e-01   6.1271634e+00   5.5370118e-05
   6.2250077e+00   6.9813170e-01   6.2699631e+00   4.4407332e-04
   6.2250077e+00   6.9813170e-01   1.2957747e-01   4.8201885e-04
   6.2250077e+00   6.9813170e-01   2.7237714e-01   4.3783819e-05
   6.2250077e+00   6.9813170e-01   4.1517681e-01   4.4597353e-06
   6.2250077e+00   6.9813170e-01   5.5797647e-01   5.4655002e-07
   6.2250077e+00   6.9813170e-01   7.0077614e-01   3.3204463e-07
   1.7453293e-01   6.9813170e-01   5.3232542e+00   6.3377885e-07
   1.7453293e-01   6.9813170e-01   5.4660539e+00   1.3246387e-07
   1.7453293e-01   6.9813170e-01   5.6088536e+00   1.4401929e-06
   1.7453293e-01   6.9813170e-01   5.7516532e+00   1.0562346e-05
   1.7453293e-01   6.9813170e-01   5.8944529e+00   3.6868722e-06
   1.7453293e-01   6.9813170e-01   6.0372525e+00   2.7880551e-05
   1.7453293e-01   6.9813170e-01   6.1800522e+00   1.6371944e-04
   1.7453293e-01   6.9813170e-01   3.9666574e-02   7.9134472e-05
   1.7453293e-01   6.9813170e-01   1.8246624e-01   1.1920871e-05
   1.7453293e-01   6.9813170e-01   3.2526591e-01   7.8138321e-07
   1.7453293e-01   6.9813170e-01   4.6806557e-01   4.6831028e-07
   4.0724349e-01   6.9813170e-01   5.2333433e+00   3.5159485e-07
   4.0724349e-01   6.9813170e-01   5.3761430e+00   3.4432304e-06
   4.0724349e-01   6.9813170e-01   5.5189426e+00   1.2797426e-05
   4.0724349e-01   6.9813170e-01   5.6617423e+00   1.3852166e-06
   4.0724349e-01   6.9813170e-01   5.8045420e+00   6.3667560e-07
   4.0724349e-01   6.9813170e-01   5.9473416e+00   3.2595683e-05
   4.0724349e-01   6.9813170e-01   6.0901413e+00   1.2155416e-04
   4.0724349e-01   6.9813170e-01   6.2329410e+00   4.0038059e-04
   4.0724349e-01   6.9813170e-01   9.2555339e-02   1.4912524e-03
   4.0724349e-01   6.9813170e-01   2.3535501e-01   2.0221970e-04
   6.3995406e-01   6.9813170e-01   4.8578331e+00   5.1680029e-05
   6.3995406e-01   6.9813170e-01   5.0006328e+00   1.8775675e-07
   6.3995406e-01   6.9813170e-01   5.1434324e+00   3.7873773e-06
   6.3995406e-01   6.9813170e-01   5.2862321e+00   1.5997811e-05
   6.3995406e-01   6.9813170e-01   5.4290317e+00   6.5657835e-06
   6.3995406e-01   6.9813170e-01   5.5718314e+00   1.4485844e-06
   6.3995406e-01   6.9813170e-01   5.7146311e+00   9.1324088e-06
   6.3995406e-01   6.9813170e-01   5.8574307e+00   7.0997718e-05
   6.3995406e-01   6.9813170e-01   6.0002304e+00   1.5612539e-03
   6.3995406e-01   6.9813170e-01   6.1430301e+00   3.0748724e-02
   6.3995406e-01   6.9813170e-01   2.6444383e-03   1.6204399e-02
   8.7266463e-01   6.9813170e-01   4.6251225e+00   1.7795442e-04
   8.7266463e-01   6.9813170e-01   4.7679222e+00   1.5050726e-06
   8.7266463e-01   6.9813170e-01   4.9107218e+00   1.1855665e-06
   8.7266463e-01   6.9813170e-01   5.0535215e+00   2.4940505e-06
   8.7266463e-01   6.9813170e-01   5.1963212e+00   1.6310624e-06
   8.7266463e-01   6.9813170e-01   5.3391208e+00   1.4993870e-06
   8.7266463e-01   6.9813170e-01   5.4819205e+00   3.8365366e-06
   8.7266463e-01   6.9813170e-01   5.6247202e+00   1.2925119e-05
   8.7266463e-01   6.9813170e-01   5.7675198e+00   3.7181509e-04
   8.7266463e-01   6.9813170e-01   5.9103195e+00   1.0577573e-02
   8.7266463e-01   6.9813170e-01   6.0531192e+00   9.3001918e-03
   1.1053752e+00   6.9813170e-01   4.3924120e+00   5.3359687e-05
   1.1053752e+00   6.9813170e-01   4.5352116e+00   3.1339726e-06
   1.1053752e+00   6.9813170e-01   4.6780113e+00   6.5146684e-06
   1.1053752e+00   6.9813170e-01   4.8208109e+00   2.2208320e-05
   1.1053752e+00   6.9813170e-01   4.9636106e+00   9.0808948e-06
   1.1053752e+00   6.9813170e-01   5.1064103e+00   1.9741467e-06
   1.1053752e+00   6.9813170e-01   5.2492099e+00   2.7956242e-06
   1.1053752e+00   6.9813170e-01   5.3920096e+00   8.9570466e-06
   1.1053752e+00   6.9813170e-01   5.5348093e+00   9.2909183e-05
   1.1053752e+00   6.9813170e-01   5.6776089e+00   1.0192257e-03
   1.1053752e+00   6.9813170e-01   5.8204086e+00   9.3156724e-04
   1.3380858e+00   6.9813170e-01   4.1597014e+00   4.5656387e-05
   1.3380858e+00   6.9813170e-01   4.3025010e+00   7.3675086e-06
   1.3380858e+00   6.9813170e-01   4.4453007e+00   1.8326705e-05
   1.3380858e+00   6.9813170e-01   4.5881004e+00   1.2183129e-04
   1.3380858e+00   6.9813170e-01   4.7309000e+00   7.1572111e-05
   1.3380858e+00   6.9813170e-01   4.8736997e+00   7.9285671e-06
   1.3380858e+00   6.9813170e-01   5.0164994e+00   2.6994696e-06
   1.3380858e+00   6.9813170e-01   5.1592990e+00   1.3095148e-05
   1.3380858e+00   6.9813170e-01   5.3020987e+00   8.9640334e-05
   1.3380858e+00   6.9813170e-01   5.4448984e+00   1.9923270e-04
   1.3380858e+00   6.9813170e-01   5.5876980e+00   1.6023672e-04
   1.8748214e+00   8.3775804e-01   3.7657654e+00   4.6999197e-06
   1.8748214e+00   8.3775804e-01   3.9085651e+00   1.4531710e-06
   1.8748214e+00   8.3775804e-01   4.0513647e+00   2.7754431e-06
   1.8748214e+00   8.3775804e-01   4.1941644e+00   3.0061296e-06
   2.0775048e+00   8.3775804e-01   3.5630820e+00   1.5808837e-05
   2.0775048e+00   8.3775804e-01   3.7058817e+00   5.0075259e-06
   2.0775048e+00   8.3775804e-01   3.8486813e+00   7.1679208e-07
   2.0775048e+00   8.3775804e-01   3.9914810e+00   4.1917470e-07
   2.0775048e+00   8.3775804e-01   4.1342807e+00   9.6297642e-07
   2.0775048e+00   8.3775804e-01   4.2770803e+00   5.4043482e-06
   2.0775048e+00   8.3775804e-01   4.4198800e+00   1.4953902e-05
   2.2801882e+00   8.3775804e-01   3.3603986e+00   5.3658596e-04
   2.2801882e+00   8.3775804e-01   3.5031983e+00   5.5786219e-05
   2.2801882e+00   8.3775804e-01   3.6459979e+00   4.9816947e-07
   2.2801882e+00   8.3775804e-01   3.7887976e+00   3.5152099e-08
   2.2801882e+00   8.3775804e-01   3.9315973e+00   4.4882910e-08
   2.2801882e+00   8.3775804e-01   4.0743969e+00   1.3812908e-06
   2.2801882e+00   8.3775804e-01   4.2171966e+00   5.2407541e-06
   2.2801882e+00   8.3775804e-01   4.3599963e+00   6.9950402e-07
   2.2801882e+00   8.3775804e-01   4.5027959e+00   1.8380637e-07
   2.4828716e+00   8.3775804e-01   3.4433145e+00   1.8221823e-05
   2.4828716e+00   8.3775804e-01   3.5861142e+00   2.6154973e-06
   2.4828716e+00   8.3775804e-01   3.7289139e+00   1.4744062e-06
   2.4828716e+00   8.3775804e-01   3.8717135e+00   6.0915330e-06
   2.4828716e+00   8.3775804e-01   4.0145132e+00   5.5267608e-05
   2.4828716e+00   8.3775804e-01   4.1573129e+00   3.0935435e-05
   2.4828716e+00   8.3775804e-01   4.3001125e+00   3.8307377e-06
   2.4828716e+00   8.3775804e-01   4.4429122e+00   2.1768951e-05
   2.6855550e+00   8.3775804e-01   3.5262305e+00   1.3844836e-05
   2.6855550e+00   8.3775804e-01   3.6690301e+00   6.9947369e-06
   2.6855550e+00   8.3775804e-01   3.8118298e+00   4.8820726e-05
   2.6855550e+00   8.3775804e-01   3.9546295e+00   3.3346550e-05
   2.6855550e+00   8.3775804e-01   4.0974291e+00   5.0879300e-06
   2.6855550e+00   8.3775804e-01   4.2402288e+00   1.2174407e-05
   2.8882384e+00   8.3775804e-01   3.7519461e+00   4.1151551e-06
   2.8882384e+00   8.3775804e-01   3.8947457e+00   2.0851273e-08
   2.8882384e+00   8.3775804e-01   4.0375454e+00   2.1821391e-08
   3.4962886e+00   8.3775804e-01   2.1442982e+00   5.6956711e-07
   3.4962886e+00   8.3775804e-01   2.2870979e+00   6.4242436e-08
   3.4962886e+00   8.3775804e-01   2.4298975e+00   1.7525985e-06
   3.4962886e+00   8.3775804e-01   2.5726972e+00   2.0743272e-06
   3.4962886e+00   8.3775804e-01   2.7154969e+00   4.3661379e-06
   3.6989720e+00   8.3775804e-01   1.9416148e+00   3.9035643e-05
   3.6989720e+00   8.3775804e-01   2.0844145e+00   4.0067853e-06
   3.6989720e+00   8.3775804e-01   2.2272141e+00   5.5484480e-06
   3.6989720e+00   8.3775804e-01   2.3700138e+00   3.4024699e-06
   3.6989720e+00   8.3775804e-01   2.5128135e+00   3.3705671e-07
   3.6989720e+00   8.3775804e-01   2.6556131e+00   1.5081599e-06
   3.6989720e+00   8.3775804e-01   2.7984128e+00   1.8557955e-06
   3.9016554e+00   8.3775804e-01   1.7389314e+00   1.8566503e-05
   3.9016554e+00   8.3775804e-01   1.8817311e+00   2.4599465e-06
   3.9016554e+00   8.3775804e-01   2.0245307e+00   3.8615227e-06
   3.9016554e+00   8.3775804e-01   2.1673304e+00   3.0431039e-06
   3.9016554e+00   8.3775804e-01   2.3101301e+00   7.5334235e-08
   3.9016554e+00   8.3775804e-01   2.4529297e+00   3.6877214e-09
   3.9016554e+00   8.3775804e-01   2.8813287e+00   3.8830493e-04
   4.1043388e+00   8.3775804e-01   1.8218474e+00   1.0906418e-05
   4.1043388e+00   8.3775804e-01   1.9646470e+00   2.2022708e-05
   4.1043388e+00   8.3775804e-01   2.1074467e+00   4.4383628e-06
   4.1043388e+00   8.3775804e-01   2.2502464e+00   1.0464325e-07
   4.1043388e+00   8.3775804e-01   2.6786453e+00   5.7057567e-07
   4.1043388e+00   8.3775804e-01   2.8214450e+00   5.8669136e-06
   4.3070222e+00   8.3775804e-01   2.0475630e+00   3.8710671e-06
   4.3070222e+00   8.3775804e-01   2.1903626e+00   7.0334407e-07
   4.3070222e+00   8.3775804e-01   2.3331623e+00   7.0726116e-08
   4.3070222e+00   8.3775804e-01   2.4759620e+00   4.0144668e-08
   4.3070222e+00   8.3775804e-01   2.6187616e+00   1.6154369e-06
   4.5097056e+00   8.3775804e-01   2.2732786e+00   1.4566853e-06
   4.5097056e+00   8.3775804e-01   2.4160782e+00   3.5874570e-06
   4.9150724e+00   8.3775804e-01   7.2551443e-01   2.4204781e-06
   4.9150724e+00   8.3775804e-01   8.6831410e-01   1.0043927e-06
   5.1177558e+00   8.3775804e-01   5.2283104e-01   1.0336300e-05
   5.1177558e+00   8.3775804e-01   6.6563070e-01   7.7057797e-07
   5.1177558e+00   8.3775804e-01   8.0843037e-01   4.5847609e-07
   5.1177558e+00   8.3775804e-01   9.5123003e-01   1.2713754e-06
   5.1177558e+00   8.3775804e-01   1.0940297e+00   2.6527639e-06
   5.3204392e+00   8.3775804e-01   3.2014764e-01   9.1311029e-05
   5.3204392e+00   8.3775804e-01   4.6294730e-01   1.1304292e-05
   5.3204392e+00   8.3775804e-01   6.0574697e-01   4.4121449e-08
   5.3204392e+00   8.3775804e-01   7.4854664e-01   4.1558055e-08
   5.3204392e+00   8.3775804e-01   8.9134630e-01   3.4044189e-07
   5.3204392e+00   8.3775804e-01   1.0341460e+00   6.0842568e-06
   5.3204392e+00   8.3775804e-01   1.1769456e+00   2.7970351e-05
   5.3204392e+00   8.3775804e-01   1.3197453e+00   9.9360667e-06
   5.5231226e+00   8.3775804e-01   2.6026391e-01   7.4865608e-04
   5.5231226e+00   8.3775804e-01   4.0306357e-01   8.0699800e-07
   5.5231226e+00   8.3775804e-01   5.4586324e-01   2.5410907e-07
   5.5231226e+00   8.3775804e-01   6.8866291e-01   3.1044360e-07
   5.5231226e+00   8.3775804e-01   8.3146257e-01   1.8940928e-06
   5.5231226e+00   8.3775804e-01   9.7426224e-01   1.5142065e-05
   5.5231226e+00   8.3775804e-01   1.1170619e+00   9.2684032e-06
   5.5231226e+00   8.3775804e-01   1.2598616e+00   1.8254226e-06
   5.5231226e+00   8.3775804e-01   1.4026612e+00   1.2611960e-05
   5.7258060e+00   8.3775804e-01   3.4317984e-01   2.1295577e-05
   5.7258060e+00   8.3775804e-01   4.8597951e-01   1.2340344e-05
   5.7258060e+00   8.3775804e-01   6.2877917e-01   5.1667363e-06
   5.7258060e+00   8.3775804e-01   7.7157884e-01   1.7776634e-05
   5.7258060e+00   8.3775804e-01   9.1437851e-01   1.9336896e-05
   5.7258060e+00   8.3775804e-01   1.0571782e+00   7.9860926e-06
   5.7258060e+00   8.3775804e-01   1.1999778e+00   2.8098182e-05
   5.9284894e+00   8.3775804e-01   4.2609578e-01   9.3729727e-06
   5.9284894e+00   8.3775804e-01   5.6889544e-01   1.7778956e-06
   5.9284894e+00   8.3775804e-01   7.1169511e-01   1.1960977e-06
   5.9284894e+00   8.3775804e-01   8.5449478e-01   8.0058153e-08
   5.9284894e+00   8.3775804e-01   9.9729444e-01   5.3157309e-07
   2.5335425e-01   8.3775804e-01   5.5300322e+00   3.4057159e-08
   2.5335425e-01   8.3775804e-01   5.6728319e+00   7.5109846e-06
   4.5603764e-01   8.3775804e-01   5.1845492e+00   9.7681585e-07
   4.5603764e-01   8.3775804e-01   5.3273488e+00   2.6391869e-06
   4.5603764e-01   8.3775804e-01   5.4701485e+00   2.0739004e-05
   4.5603764e-01   8.3775804e-01   5.6129482e+00   2.5266945e-05
   4.5603764e-01   8.3775804e-01   5.7557478e+00   4.4019271e-06
   4.5603764e-01   8.3775804e-01   5.8985475e+00   8.9781413e-06
   6.5872104e-01   8.3775804e-01   4.9818658e+00   5.3143820e-07
   6.5872104e-01   8.3775804e-01   5.1246654e+00   8.8285990e-07
   6.5872104e-01   8.3775804e-01   5.2674651e+00   7.5847762e-06
   6.5872104e-01   8.3775804e-01   5.4102648e+00   8.7010961e-06
   6.5872104e-01   8.3775804e-01   5.5530644e+00   1.2440454e-06
   6.5872104e-01   8.3775804e-01   5.6958641e+00   7.7830500e-07
   6.5872104e-01   8.3775804e-01   5.8386638e+00   1.1967924e-06
   6.5872104e-01   8.3775804e-01   5.9814634e+00   1.8795627e-05
   8.6140444e-01   8.3775804e-01   4.9219820e+00   7.3608764e-08
   8.6140444e-01   8.3775804e-01   5.0647817e+00   5.6937748e-07
   8.6140444e-01   8.3775804e-01   5.2075814e+00   1.8750865e-06
   8.6140444e-01   8.3775804e-01   5.3503810e+00   5.4806887e-07
   8.6140444e-01   8.3775804e-01   5.4931807e+00   7.7205332e-08
   8.6140444e-01   8.3775804e-01   5.6359804e+00   8.6446844e-08
   8.6140444e-01   8.3775804e-01   5.7787800e+00   9.8232029e-07
   8.6140444e-01   8.3775804e-01   5.9215797e+00   1.3485446e-04
   8.6140444e-01   8.3775804e-01   6.0643794e+00   8.2151385e-04
   1.0640878e+00   8.3775804e-01   5.0048980e+00   2.3487075e-05
   1.0640878e+00   8.3775804e-01   5.1476976e+00   6.8264531e-06
   1.0640878e+00   8.3775804e-01   5.2904973e+00   1.7555292e-06
   1.0640878e+00   8.3775804e-01   5.4332970e+00   6.6799682e-07
   1.0640878e+00   8.3775804e-01   5.5760966e+00   6.1275238e-07
   1.0640878e+00   8.3775804e-01   5.7188963e+00   5.3137392e-06
   1.0640878e+00   8.3775804e-01   5.8616960e+00   2.5289654e-05
   1.2667712e+00   8.3775804e-01   5.2306136e+00   2.6039120e-06
   1.2667712e+00   8.3775804e-01   5.3734132e+00   2.7310861e-06
   1.2667712e+00   8.3775804e-01   5.5162129e+00   1.1898524e-06
   1.2667712e+00   8.3775804e-01   5.6590126e+00   2.1593400e-06
   2.2888746e+00   9.7738438e-01   4.0657105e+00   8.0025403e-07
   2.4683942e+00   9.7738438e-01   3.8861909e+00   1.0298912e-06
   2.4683942e+00   9.7738438e-01   4.0289906e+00   1.2212019e-05
   2.4683942e+00   9.7738438e-01   4.1717902e+00   1.8577975e-05
   3.7250313e+00   9.7738438e-01   2.2011549e+00   3.9522635e-06
   3.7250313e+00   9.7738438e-01   2.3439545e+00   3.0936774e-06
   3.9045509e+00   9.7738438e-01   2.1644349e+00   7.4965504e-06
   3.9045509e+00   9.7738438e-01   2.3072346e+00   4.5301033e-08
   4.0840704e+00   9.7738438e-01   2.5561140e+00   3.2181312e-09
   5.3407075e+00   9.7738438e-01   5.8547863e-01   5.3884200e-08
   5.5202271e+00   9.7738438e-01   8.3435805e-01   1.0818840e-07
   5.5202271e+00   9.7738438e-01   9.7715771e-01   7.1049840e-06
   5.6997467e+00   9.7738438e-01   7.9763813e-01   3.2706079e-06
   5.6997467e+00   9.7738438e-01   9.4043780e-01   7.2089975e-06
   6.7319843e-01   9.7738438e-01   5.2529877e+00   5.5243801e-06
   6.7319843e-01   9.7738438e-01   5.3957874e+00   3.5923821e-06
   6.7319843e-01   9.7738438e-01   5.5385870e+00   3.9018290e-07
   8.5271801e-01   9.7738438e-01   5.3590675e+00   5.1845149e-07
   1.0322376e+00   9.7738438e-01   5.6079469e+00   5.2853895e-09
