>BT8; Created QKowari;
>grid: 
>backgr: 
-2.0
0	2	71.9309
0	7	31.6273
0	12	73.8441
0	17	34.7942
0	22	77.1229
0	27	38.7702
0	32	57.872
0	37	68.2183
0	42	71.6151
0	47	76.5477
0	52	167.4145
0	57	151.1954
0	62	96.5456
0	67	97.7345
0	72	119.2204
0	77	77.1215
0	82	98.4568
0	87	100.9544
0	92	167.119
0	97	106.5303
0	102	127.2643
0	107	98.5003
0	112	189.8702
0	117	120.4439
0	122	209.904
0	127	106.507
0	132	233.8152
0	137	332.4889
0	142	96.8082
0	147	119.0213
0	152	47.4782
0	157	79.0071
0	162	153.2534
0	167	48.5786
0	172	100.4599
0	177	78.9136
0	182	76.5245
0	187	97.3759
0	192	112.2174
0	197	49.6561
0	202	80.365
0	207	68.793
0	212	51.4833
0	217	25.361
0	222	45.1795
0	227	50.7372
0	232	83.1571
0	237	113.2728
0	242	114.0884
0	247	87.142
0	252	150.0879
0	257	117.4618
0	262	63.8223
0	267	78.633
0	272	113.815
0	277	96.1639
0	282	126.4611
0	287	46.5877
0	292	285.3451
0	297	177.234
0	302	131.9237
0	307	74.697
0	312	166.7851
0	317	198.4443
0	322	104.3325
0	327	110.7157
0	332	58.7944
0	337	106.5995
0	342	110.8754
0	347	48.0296
0	352	116.8783
0	357	82.7928
5.49	2.146	67.9003
5.49	7.146	58.1463
5.49	12.146	57.8955
5.49	17.146	36.4813
5.49	22.146	101.2788
5.49	27.146	36.7409
5.49	32.146	163.488
5.49	37.146	74.1467
5.49	42.146	173.1159
5.49	47.146	96.7104
5.49	52.146	132.8193
5.49	57.146	117.555
5.49	62.146	136.133
5.49	67.146	102.5852
5.49	72.146	117.2547
5.49	77.146	204.8387
5.49	82.146	94.775
5.49	87.146	182.2811
5.49	92.146	52.1069
5.49	97.146	108.9594
5.49	102.146	119.9719
5.49	107.146	152.8386
5.49	112.146	170.7057
5.49	117.146	154.873
5.49	122.146	135.4324
5.49	127.146	151.3227
5.49	132.146	223.4076
5.49	137.146	187.8382
5.49	142.146	87.8276
5.49	147.146	95.8085
5.49	152.146	46.9429
5.49	157.146	62.272
5.49	162.146	113.5262
5.49	167.146	114.3326
5.49	172.146	90.2506
5.49	177.146	129.2085
5.49	182.146	60.485
5.49	187.146	55.9605
5.49	192.146	95.2296
5.49	197.146	37.2312
5.49	202.146	74.6041
5.49	207.146	66.8802
5.49	212.146	42.5987
5.49	217.146	57.8591
5.49	222.146	84.5516
5.49	227.146	159.2312
5.49	232.146	82.3835
5.49	237.146	202.3611
5.49	242.146	85.3878
5.49	247.146	182.3287
5.49	252.146	141.3471
5.49	257.146	67.8779
5.49	262.146	60.1651
5.49	267.146	54.8453
5.49	272.146	140.5329
5.49	277.146	96.1004
5.49	282.146	127.3612
5.49	287.146	31.9832
5.49	292.146	115.8757
5.49	297.146	127.3989
5.49	302.146	103.9191
5.49	307.146	146.4279
5.49	312.146	114.0799
5.49	317.146	218.9817
5.49	322.146	87.4858
5.49	327.146	125.4835
5.49	332.146	31.4343
5.49	337.146	72.9375
5.49	342.146	44.86
5.49	347.146	72.2462
5.49	352.146	121.2183
5.49	357.146	148.7423
6.501	2.15	43.01535
6.501	7.15	23.48655
6.501	12.15	52.0764
6.501	17.15	101.4395
6.501	22.15	99.71035
6.501	27.15	72.03435
6.501	32.15	232.8181
6.501	37.15	94.5183
6.501	42.15	349.115
6.501	47.15	137.15125
6.501	52.15	143.5723
6.501	57.15	106.1591
6.501	62.15	90.1689
6.501	67.15	38.6962
6.501	72.15	54.8984
6.501	77.15	129.60665
6.501	82.15	94.52265
6.501	87.15	216.3367
6.501	92.15	134.67625
6.501	97.15	98.8708
6.501	102.15	120.6806
6.501	107.15	129.88125
6.501	112.15	151.4492
6.501	117.15	117.9339
6.501	122.15	76.8547
6.501	127.15	285.6159
6.501	132.15	182.93655
6.501	137.15	28.58185
6.501	142.15	93.26395
6.501	147.15	60.96195
6.501	152.15	75.96335
6.501	157.15	113.76115
6.501	162.15	119.429
6.501	167.15	159.9292
6.501	172.15	67.59105
6.501	177.15	113.69865
6.501	182.15	54.8392
6.501	187.15	53.2577
6.501	192.15	69.71185
6.501	197.15	25.18515
6.501	202.15	73.05955
6.501	207.15	79.9106
6.501	212.15	72.02655
6.501	217.15	61.99025
6.501	222.15	55.05055
6.501	227.15	457.98185
6.501	232.15	143.8238
6.501	237.15	220.335
6.501	242.15	97.95135
6.501	247.15	297.36655
6.501	252.15	208.28605
6.501	257.15	95.4558
6.501	262.15	82.60735
6.501	267.15	126.0833
6.501	272.15	109.2851
6.501	277.15	97.67475
6.501	282.15	141.0301
6.501	287.15	66.15615
6.501	292.15	94.6591
6.501	297.15	131.07535
6.501	302.15	113.6084
6.501	307.15	121.3222
6.501	312.15	90.0902
6.501	317.15	111.14745
6.501	322.15	88.6903
6.501	327.15	160.84505
6.501	332.15	70.26875
6.501	337.15	61.3883
6.501	342.15	66.24875
6.501	347.15	100.0237
6.501	352.15	85.28385
6.501	357.15	89.8529
11.993	2.045	33.1367
11.993	7.045	51.661
11.993	12.045	79.5441
11.993	17.045	71.5967
11.993	22.045	94.7333
11.993	27.045	147.4412
11.993	32.045	222.0348
11.993	37.045	51.1085
11.993	42.045	199.1446
11.993	47.045	72.8041
11.993	52.045	30.3439
11.993	57.045	72.5706
11.993	62.045	76.1902
11.993	67.045	256.754
11.993	72.045	55.0646
11.993	77.045	182.4607
11.993	82.045	94.3708
11.993	87.045	303.5867
11.993	92.045	129.2807
11.993	97.045	158.3222
11.993	102.045	81.4815
11.993	107.045	39.0089
11.993	112.045	198.9507
11.993	117.045	104.5059
11.993	122.045	83.4856
11.993	127.045	318.4159
11.993	132.045	316.2176
11.993	137.045	470.2791
11.993	142.045	129.0491
11.993	147.045	169.5043
11.993	152.045	134.326
11.993	157.045	200.5081
11.993	162.045	86.7957
11.993	167.045	242.8555
11.993	172.045	59.4798
11.993	177.045	68.3316
11.993	182.045	27.44
11.993	187.045	74.2292
11.993	192.045	87.3176
11.993	197.045	39.9904
11.993	202.045	132.8964
11.993	207.045	94.8415
11.993	212.045	79.5208
11.993	217.045	113.5477
11.993	222.045	100.0343
11.993	227.045	154.0697
11.993	232.045	44.4831
11.993	237.045	185.5242
11.993	242.045	72.4781
11.993	247.045	253.3136
11.993	252.045	78.3002
11.993	257.045	79.6849
11.993	262.045	53.6346
11.993	267.045	78.0844
11.993	272.045	98.2156
11.993	277.045	199.2123
11.993	282.045	212.7539
11.993	287.045	45.8463
11.993	292.045	198.318
11.993	297.045	74.9737
11.993	302.045	102.1148
11.993	307.045	68.2693
11.993	312.045	84.6142
11.993	317.045	66.1862
11.993	322.045	118.5844
11.993	327.045	148.1287
11.993	332.045	83.3582
11.993	337.045	133.731
11.993	342.045	119.7781
11.993	347.045	176.4211
11.993	352.045	63.569
11.993	357.045	82.3251
17.482	2.24	79.4777
17.482	7.24	64.0613
17.482	12.24	92.847
17.482	17.24	224.9955
17.482	22.24	96.1691
17.482	27.24	323.9813
17.482	32.24	214.5794
17.482	37.24	106.5862
17.482	42.24	95.8591
17.482	47.24	68.8882
17.482	52.24	100.3345
17.482	57.24	79.017
17.482	62.24	59.45
17.482	67.24	250.6585
17.482	72.24	93.4405
17.482	77.24	131.3432
17.482	82.24	158.977
17.482	87.24	107.4458
17.482	92.24	15.3808
17.482	97.24	152.6718
17.482	102.24	24.7434
17.482	107.24	84.5075
17.482	112.24	101.7954
17.482	117.24	69.6976
17.482	122.24	185.1557
17.482	127.24	90.6363
17.482	132.24	239.2881
17.482	137.24	245.1969
17.482	142.24	108.8975
17.482	147.24	123.587
17.482	152.24	128.0849
17.482	157.24	146.6196
17.482	162.24	144.0738
17.482	167.24	515.8951
17.482	172.24	64.0163
17.482	177.24	142.58
17.482	182.24	42.3547
17.482	187.24	195.1495
17.482	192.24	56.1252
17.482	197.24	65.51
17.482	202.24	361.8589
17.482	207.24	96.9116
17.482	212.24	90.2968
17.482	217.24	212.9557
17.482	222.24	35.7969
17.482	227.24	102.1125
17.482	232.24	125.7278
17.482	237.24	71.708
17.482	242.24	94.7607
17.482	247.24	417.5265
17.482	252.24	164.382
17.482	257.24	102.576
17.482	262.24	90.1108
17.482	267.24	53.0356
17.482	272.24	54.2472
17.482	277.24	176.7236
17.482	282.24	148.683
17.482	287.24	54.0847
17.482	292.24	243.7297
17.482	297.24	86.3412
17.482	302.24	127.87
17.482	307.24	62.3817
17.482	312.24	94.1325
17.482	317.24	86.551
17.482	322.24	204.2059
17.482	327.24	181.7333
17.482	332.24	108.5852
17.482	337.24	111.1464
17.482	342.24	172.4756
17.482	347.24	206.3665
17.482	352.24	60.9634
17.482	357.24	134.8546
18.492	2.252	285.5464
18.492	7.252	139.7596
18.492	12.252	243.2418
18.492	17.252	207.4918
18.492	22.252	124.1711
18.492	27.252	420.1818
18.492	32.252	137.448
18.492	37.252	110.4853
18.492	42.252	72.4961
18.492	47.252	56.3807
18.492	52.252	83.6073
18.492	57.252	85.2769
18.492	62.252	36.7404
18.492	67.252	59.6467
18.492	72.252	83.6527
18.492	77.252	100.5139
18.492	82.252	126.2894
18.492	87.252	41.707
18.492	92.252	48.0207
18.492	97.252	90.9303
18.492	102.252	178.7504
18.492	107.252	339.674
18.492	112.252	125.7679
18.492	117.252	94.4924
18.492	122.252	217.9197
18.492	127.252	68.8934
18.492	132.252	151.7251
18.492	137.252	152.5218
18.492	142.252	86.5732
18.492	147.252	183.4879
18.492	152.252	112.5093
18.492	157.252	144.3754
18.492	162.252	142.0239
18.492	167.252	708.2546
18.492	172.252	312.8437
18.492	177.252	213.3451
18.492	182.252	123.8942
18.492	187.252	570.9035
18.492	192.252	89.0992
18.492	197.252	149.2238
18.492	202.252	464.2465
18.492	207.252	127.7805
18.492	212.252	230.7583
18.492	217.252	416.1105
18.492	222.252	34.5082
18.492	227.252	84.1705
18.492	232.252	181.9177
18.492	237.252	71.3215
18.492	242.252	96.6279
18.492	247.252	89.4687
18.492	252.252	475.4655
18.492	257.252	166.7523
18.492	262.252	102.8005
18.492	267.252	61.5457
18.492	272.252	62.2765
18.492	277.252	67.3513
18.492	282.252	57.6937
18.492	287.252	80.0872
18.492	292.252	143.6649
18.492	297.252	62.1883
18.492	302.252	68.3291
18.492	307.252	149.7783
18.492	312.252	122.5806
18.492	317.252	99.5074
18.492	322.252	251.4938
18.492	327.252	109.9652
18.492	332.252	146.6934
18.492	337.252	125.381
18.492	342.252	210.2953
18.492	347.252	181.3815
18.492	352.252	104.7583
18.492	357.252	323.2595
23.984	2.189	316.9047
23.984	7.189	1346.6735
23.984	12.189	422.0341
23.984	17.189	111.7396
23.984	22.189	240.5464
23.984	27.189	183.8
23.984	32.189	333.2851
23.984	37.189	52.6928
23.984	42.189	68.6624
23.984	47.189	84.4828
23.984	52.189	45.5931
23.984	57.189	51.6776
23.984	62.189	116.496
23.984	67.189	112.249
23.984	72.189	86.305
23.984	77.189	319.0997
23.984	82.189	53.0756
23.984	87.189	113.9259
23.984	92.189	61.2299
23.984	97.189	58.3551
23.984	102.189	178.0419
23.984	107.189	218.8484
23.984	112.189	72.8744
23.984	117.189	70.5526
23.984	122.189	279.9266
23.984	127.189	28.2171
23.984	132.189	123.4181
23.984	137.189	70.3075
23.984	142.189	80.619
23.984	147.189	291.4797
23.984	152.189	127.2795
23.984	157.189	169.164
23.984	162.189	112.5094
23.984	167.189	386.842
23.984	172.189	511.2891
23.984	177.189	526.7263
23.984	182.189	256.6297
23.984	187.189	762.6367
23.984	192.189	139.0087
23.984	197.189	360.8842
23.984	202.189	425.517
23.984	207.189	150.9412
23.984	212.189	638.4725
23.984	217.189	792.4868
23.984	222.189	86.4961
23.984	227.189	89.7703
23.984	232.189	75.3356
23.984	237.189	42.702
23.984	242.189	74.5839
23.984	247.189	82.0035
23.984	252.189	562.2862
23.984	257.189	154.7861
23.984	262.189	312.8945
23.984	267.189	96.5855
23.984	272.189	118.559
23.984	277.189	85.3081
23.984	282.189	93.9465
23.984	287.189	61.1136
23.984	292.189	108.7042
23.984	297.189	89.3019
23.984	302.189	83.5182
23.984	307.189	141.8219
23.984	312.189	53.5913
23.984	317.189	132.1203
23.984	322.189	231.0481
23.984	327.189	97.3981
23.984	332.189	95.2583
23.984	337.189	825.996
23.984	342.189	402.849
23.984	347.189	605.9212
23.984	352.189	166.5515
23.984	357.189	448.0455
29.472	2.454	482.7006
29.472	7.454	1152.3531
29.472	12.454	610.0512
29.472	17.454	632.7691
29.472	22.454	510.4147
29.472	27.454	187.1978
29.472	32.454	311.1124
29.472	37.454	42.7229
29.472	42.454	141.6449
29.472	47.454	116.0884
29.472	52.454	53.1055
29.472	57.454	129.5478
29.472	62.454	100.1762
29.472	67.454	81.9904
29.472	72.454	101.4402
29.472	77.454	157.4144
29.472	82.454	45.4295
29.472	87.454	65.7728
29.472	92.454	57.5014
29.472	97.454	97.2557
29.472	102.454	112.7379
29.472	107.454	47.0767
29.472	112.454	63.6199
29.472	117.454	0
29.472	122.454	355.6093
29.472	127.454	32.0872
29.472	132.454	30.1284
29.472	137.454	71.15
29.472	142.454	89.1108
29.472	147.454	522.5079
29.472	152.454	186.877
29.472	157.454	239.5135
29.472	162.454	84.0743
29.472	167.454	108.8595
29.472	172.454	340.0347
29.472	177.454	567.9266
29.472	182.454	1227.4771
29.472	187.454	888.3271
29.472	192.454	149.7258
29.472	197.454	436.3431
29.472	202.454	162.3061
29.472	207.454	362.3609
29.472	212.454	422.7631
29.472	217.454	623.9513
29.472	222.454	163.6677
29.472	227.454	65.339
29.472	232.454	59.7318
29.472	237.454	155.2884
29.472	242.454	53.5229
29.472	247.454	52.7597
29.472	252.454	33.6122
29.472	257.454	126.4902
29.472	262.454	244.8219
29.472	267.454	65.8583
29.472	272.454	95.3896
29.472	277.454	94.7365
29.472	282.454	128.4544
29.472	287.454	85.5376
29.472	292.454	150.0303
29.472	297.454	99.4384
29.472	302.454	65.2992
29.472	307.454	90.7811
29.472	312.454	65.5381
29.472	317.454	174.9064
29.472	322.454	170.6075
29.472	327.454	152.387
29.472	332.454	42.995
29.472	337.454	890.5056
29.472	342.454	527.5408
29.472	347.454	279.0523
29.472	352.454	302.6394
29.472	357.454	545.0907
30.482	2.479	827.7754
30.482	7.479	305.0306
30.482	12.479	412.5223
30.482	17.479	1165.9395
30.482	22.479	457.7921
30.482	27.479	251.8837
30.482	32.479	181.4031
30.482	37.479	25.6889
30.482	42.479	173.8844
30.482	47.479	27.7098
30.482	52.479	48.7124
30.482	57.479	172.9546
30.482	62.479	147.1319
30.482	67.479	108.5022
30.482	72.479	109.9636
30.482	77.479	33.9797
30.482	82.479	61.7964
30.482	87.479	66.1906
30.482	92.479	79.562
30.482	97.479	91.4343
30.482	102.479	131.8802
30.482	107.479	176.7881
30.482	112.479	26.9083
30.482	117.479	93.4233
30.482	122.479	320.6006
30.482	127.479	83.7441
30.482	132.479	55.603
30.482	137.479	112.2164
30.482	142.479	104.8723
30.482	147.479	312.8491
30.482	152.479	98.5076
30.482	157.479	241.0587
30.482	162.479	279.3707
30.482	167.479	253.9297
30.482	172.479	410.9893
30.482	177.479	745.4255
30.482	182.479	1412.1593
30.482	187.479	892.3533
30.482	192.479	173.1058
30.482	197.479	281.1642
30.482	202.479	146.4384
30.482	207.479	609.8431
30.482	212.479	48.8497
30.482	217.479	261.4541
30.482	222.479	203.468
30.482	227.479	34.1311
30.482	232.479	34.885
30.482	237.479	125.474
30.482	242.479	169.4618
30.482	247.479	132.0654
30.482	252.479	50.3653
30.482	257.479	176.4935
30.482	262.479	138.1112
30.482	267.479	106.6323
30.482	272.479	98.8718
30.482	277.479	79.0695
30.482	282.479	81.5083
30.482	287.479	58.1217
30.482	292.479	213.0447
30.482	297.479	115.3046
30.482	302.479	185.1646
30.482	307.479	143.3766
30.482	312.479	62.7868
30.482	317.479	133.3861
30.482	322.479	350.4972
30.482	327.479	37.7665
30.482	332.479	92.4197
30.482	337.479	306.4148
30.482	342.479	526.0723
30.482	347.479	277.9642
30.482	352.479	287.7783
30.482	357.479	658.773
35.975	2.472	1002.523
35.975	7.472	471.6697
35.975	12.472	264.0284
35.975	17.472	529.0122
35.975	22.472	510.8385
35.975	27.472	143.6313
35.975	32.472	113.2953
35.975	37.472	33.7289
35.975	42.472	422.0433
35.975	47.472	69.1953
35.975	52.472	97.9073
35.975	57.472	97.6336
35.975	62.472	490.4683
35.975	67.472	98.7449
35.975	72.472	127.1552
35.975	77.472	39.8973
35.975	82.472	46.3941
35.975	87.472	83.4237
35.975	92.472	197.5214
35.975	97.472	134.9802
35.975	102.472	263.2343
35.975	107.472	192.4123
35.975	112.472	87.2405
35.975	117.472	70.8423
35.975	122.472	134.1324
35.975	127.472	71.2926
35.975	132.472	140.1662
35.975	137.472	197.0382
35.975	142.472	123.1969
35.975	147.472	105.6813
35.975	152.472	430.5228
35.975	157.472	238.8981
35.975	162.472	490.7824
35.975	167.472	468.5885
35.975	172.472	388.8325
35.975	177.472	458.399
35.975	182.472	580.3843
35.975	187.472	499.4425
35.975	192.472	171.4187
35.975	197.472	112.928
35.975	202.472	298.9459
35.975	207.472	473.9287
35.975	212.472	13.1202
35.975	217.472	201.822
35.975	222.472	86.2615
35.975	227.472	13.7877
35.975	232.472	70.6969
35.975	237.472	103.8044
35.975	242.472	82.4101
35.975	247.472	139.3443
35.975	252.472	103.7277
35.975	257.472	302.1661
35.975	262.472	225.2603
35.975	267.472	111.0447
35.975	272.472	173.2933
35.975	277.472	134.9166
35.975	282.472	78.0527
35.975	287.472	1.892
35.975	292.472	186.7871
35.975	297.472	115.5008
35.975	302.472	188.4379
35.975	307.472	257.0575
35.975	312.472	44.2382
35.975	317.472	28.5733
35.975	322.472	234.4302
35.975	327.472	163.4085
35.975	332.472	69.2835
35.975	337.472	107.1433
35.975	342.472	345.7458
35.975	347.472	431.2093
35.975	352.472	547.6318
35.975	357.472	1604.0241
41.459	2.851	169.2233
41.459	7.851	389.6751
41.459	12.851	114.9993
41.459	17.851	147.498
41.459	22.851	246.8911
41.459	27.851	64.2679
41.459	32.851	249.1264
41.459	37.851	131.821
41.459	42.851	569.8947
41.459	47.851	148.2928
41.459	52.851	44.4057
41.459	57.851	125.0524
41.459	62.851	881.8949
41.459	67.851	45.1577
41.459	72.851	168.722
41.459	77.851	67.2078
41.459	82.851	108.4662
41.459	87.851	157.6938
41.459	92.851	153.6369
41.459	97.851	218.8169
41.459	102.851	288.69
41.459	107.851	112.0658
41.459	112.851	131.9052
41.459	117.851	59.8162
41.459	122.851	52.7739
41.459	127.851	135.493
41.459	132.851	110.023
41.459	137.851	127.8253
41.459	142.851	127.6034
41.459	147.851	38.2427
41.459	152.851	212.0604
41.459	157.851	108.6427
41.459	162.851	60.7805
41.459	167.851	116.8127
41.459	172.851	272.4864
41.459	177.851	85.9467
41.459	182.851	194.6599
41.459	187.851	452.1754
41.459	192.851	270.8908
41.459	197.851	68.6758
41.459	202.851	141.3879
41.459	207.851	98.859
41.459	212.851	77.5156
41.459	217.851	287.5192
41.459	222.851	69.6043
41.459	227.851	109.8651
41.459	232.851	130.5325
41.459	237.851	261.1585
41.459	242.851	164.9581
41.459	247.851	158.4505
41.459	252.851	132.8132
41.459	257.851	128.7534
41.459	262.851	247.3028
41.459	267.851	124.3021
41.459	272.851	182.005
41.459	277.851	151.1102
41.459	282.851	78.5183
41.459	287.851	73.7795
41.459	292.851	129.7081
41.459	297.851	78.9109
41.459	302.851	225.4382
41.459	307.851	185.7782
41.459	312.851	81.2567
41.459	317.851	35.3776
41.459	322.851	180.935
41.459	327.851	106.3002
41.459	332.851	86.8808
41.459	337.851	220.746
41.459	342.851	62.2908
41.459	347.851	169.3791
41.459	352.851	294.3254
41.459	357.851	456.5773
42.469	2.896	185.2828
42.469	7.896	364.4443
42.469	12.896	95.7074
42.469	17.896	146.3167
42.469	22.896	193.7135
42.469	27.896	94.4027
42.469	32.896	369.4616
42.469	37.896	219.4132
42.469	42.896	411.8212
42.469	47.896	171.4643
42.469	52.896	120.5855
42.469	57.896	242.7484
42.469	62.896	61.0153
42.469	67.896	107.0675
42.469	72.896	99.9198
42.469	77.896	63.6904
42.469	82.896	126.659
42.469	87.896	163.1295
42.469	92.896	94.0148
42.469	97.896	250.6239
42.469	102.896	261.5882
42.469	107.896	122.4056
42.469	112.896	113.0749
42.469	117.896	90.4524
42.469	122.896	67.2238
42.469	127.896	124.1838
42.469	132.896	131.9886
42.469	137.896	59.8544
42.469	142.896	211.877
42.469	147.896	112.9253
42.469	152.896	239.0471
42.469	157.896	64.017
42.469	162.896	61.2945
42.469	167.896	109.9737
42.469	172.896	119.5965
42.469	177.896	181.9955
42.469	182.896	82.1258
42.469	187.896	132.7756
42.469	192.896	301.3005
42.469	197.896	83.9948
42.469	202.896	104.1958
42.469	207.896	146.898
42.469	212.896	62.7394
42.469	217.896	382.5079
42.469	222.896	76.3325
42.469	227.896	94.8538
42.469	232.896	127.3032
42.469	237.896	203.52
42.469	242.896	117.995
42.469	247.896	151.5642
42.469	252.896	304.4227
42.469	257.896	120.3169
42.469	262.896	178.6522
42.469	267.896	255.8971
42.469	272.896	235.1261
42.469	277.896	220.696
42.469	282.896	94.7296
42.469	287.896	124.4169
42.469	292.896	191.9844
42.469	297.896	91.4071
42.469	302.896	146.0958
42.469	307.896	156.8797
42.469	312.896	86.4421
42.469	317.896	94.8146
42.469	322.896	125.9033
42.469	327.896	39.529
42.469	332.896	156.8608
42.469	337.896	315.1815
42.469	342.896	173.9179
42.469	347.896	78.5044
42.469	352.896	215.2908
42.469	357.896	326.4231
47.961	2.987	129.5264
47.961	7.987	42.4668
47.961	12.987	70.1027
47.961	17.987	118.4804
47.961	22.987	36.4992
47.961	27.987	68.9988
47.961	32.987	190.5917
47.961	37.987	388.9864
47.961	42.987	232.3693
47.961	47.987	128.3414
47.961	52.987	155.3579
47.961	57.987	217.6415
47.961	62.987	133.0895
47.961	67.987	188.071
47.961	72.987	88.7306
47.961	77.987	103.7722
47.961	82.987	117.5231
47.961	87.987	249.7423
47.961	92.987	164.4815
47.961	97.987	190.5177
47.961	102.987	135.7043
47.961	107.987	83.1867
47.961	112.987	70.7056
47.961	117.987	88.3839
47.961	122.987	209.5575
47.961	127.987	137.6358
47.961	132.987	177.7338
47.961	137.987	105.4849
47.961	142.987	183.9326
47.961	147.987	327.4727
47.961	152.987	98.2849
47.961	157.987	90.2674
47.961	162.987	94.5337
47.961	167.987	108.3722
47.961	172.987	102.0736
47.961	177.987	148.6293
47.961	182.987	122.3604
47.961	187.987	58.2225
47.961	192.987	111.4303
47.961	197.987	45.8871
47.961	202.987	113.5153
47.961	207.987	118.1997
47.961	212.987	185.9494
47.961	217.987	256.164
47.961	222.987	95.1561
47.961	227.987	190.0902
47.961	232.987	104.5003
47.961	237.987	91.5807
47.961	242.987	86.3186
47.961	247.987	99.0974
47.961	252.987	261.5157
47.961	257.987	198.0149
47.961	262.987	265.5299
47.961	267.987	138.8894
47.961	272.987	305.7775
47.961	277.987	197.1961
47.961	282.987	194.1671
47.961	287.987	115.7232
47.961	292.987	178.0898
47.961	297.987	128.6984
47.961	302.987	120.7532
47.961	307.987	244.4633
47.961	312.987	111.7611
47.961	317.987	173.8754
47.961	322.987	181.2118
47.961	327.987	35.6015
47.961	332.987	195.1034
47.961	337.987	187.5877
47.961	342.987	133.7553
47.961	347.987	141.8925
47.961	352.987	39.0028
47.961	357.987	97.0471
53.441	3.588	48.2564
53.441	8.588	29.0961
53.441	13.588	87.0041
53.441	18.588	44.1249
53.441	23.588	49.4672
53.441	28.588	78.1453
53.441	33.588	56.112
53.441	38.588	294.4971
53.441	43.588	308.4934
53.441	48.588	147.5355
53.441	53.588	186.0701
53.441	58.588	308.866
53.441	63.588	167.4865
53.441	68.588	133.3627
53.441	73.588	121.3426
53.441	78.588	109.424
53.441	83.588	195.3386
53.441	88.588	311.3903
53.441	93.588	158.0731
53.441	98.588	224.3982
53.441	103.588	232.4945
53.441	108.588	213.3466
53.441	113.588	165.3908
53.441	118.588	147.3354
53.441	123.588	159.6057
53.441	128.588	281.1629
53.441	133.588	147.1304
53.441	138.588	210.4032
53.441	143.588	175.8652
53.441	148.588	297.093
53.441	153.588	247.8775
53.441	158.588	145.9514
53.441	163.588	59.603
53.441	168.588	1.9106
53.441	173.588	39.4703
53.441	178.588	91.0418
53.441	183.588	22.7567
53.441	188.588	32.4113
53.441	193.588	57.4583
53.441	198.588	109.3766
53.441	203.588	118.0445
53.441	208.588	118.5599
53.441	213.588	415.1465
53.441	218.588	270.1868
53.441	223.588	329.1605
53.441	228.588	284.7783
53.441	233.588	156.0621
53.441	238.588	84.2626
53.441	243.588	130.2264
53.441	248.588	126.9115
53.441	253.588	126.9332
53.441	258.588	119.3138
53.441	263.588	239.2626
53.441	268.588	195.7973
53.441	273.588	402.577
53.441	278.588	235.0539
53.441	283.588	164.4331
53.441	288.588	83.6167
53.441	293.588	259.6478
53.441	298.588	212.24
53.441	303.588	169.8611
53.441	308.588	201.0519
53.441	313.588	115.4621
53.441	318.588	85.281
53.441	323.588	118.3386
53.441	328.588	132.1734
53.441	333.588	258.48
53.441	338.588	204.5171
53.441	343.588	187.877
53.441	348.588	106.8637
53.441	353.588	24.9235
53.441	358.588	93.008
54.45	3.676	41.3596
54.45	8.676	73.7699
54.45	13.676	74.0576
54.45	18.676	58.5834
54.45	23.676	104.0941
54.45	28.676	111.77
54.45	33.676	65.3537
54.45	38.676	264.7505
54.45	43.676	193.5943
54.45	48.676	101.5512
54.45	53.676	246.9303
54.45	58.676	207.3055
54.45	63.676	131.9701
54.45	68.676	121.9907
54.45	73.676	128.9097
54.45	78.676	103.6485
54.45	83.676	194.4113
54.45	88.676	292.5133
54.45	93.676	189.5993
54.45	98.676	217.7263
54.45	103.676	214.7235
54.45	108.676	310.2368
54.45	113.676	645.251
54.45	118.676	157.0617
54.45	123.676	70.7263
54.45	128.676	385.0577
54.45	133.676	183.4126
54.45	138.676	227.7807
54.45	143.676	262.6025
54.45	148.676	327.4586
54.45	153.676	310.9493
54.45	158.676	270.9559
54.45	163.676	94.6487
54.45	168.676	90.2338
54.45	173.676	38.0572
54.45	178.676	174.1794
54.45	183.676	86.3721
54.45	188.676	150.6436
54.45	193.676	44.745
54.45	198.676	132.2284
54.45	203.676	87.7448
54.45	208.676	153.4678
54.45	213.676	379.4975
54.45	218.676	289.4529
54.45	223.676	310.9451
54.45	228.676	373.3086
54.45	233.676	187.585
54.45	238.676	106.1759
54.45	243.676	182.3205
54.45	248.676	126.9111
54.45	253.676	293.2524
54.45	258.676	164.9807
54.45	263.676	253.7247
54.45	268.676	248.1926
54.45	273.676	343.2978
54.45	278.676	358.0534
54.45	283.676	320.4707
54.45	288.676	116.9707
54.45	293.676	319.0707
54.45	298.676	279.4911
54.45	303.676	190.7918
54.45	308.676	247.4645
54.45	313.676	181.9715
54.45	318.676	223.7163
54.45	323.676	259.6943
54.45	328.676	75.1436
54.45	333.676	281.1613
54.45	338.676	330.9147
54.45	343.676	198.9891
54.45	348.676	76.8911
54.45	353.676	84.6378
54.45	358.676	66.2279
59.94	3.995	268.2581
59.94	8.995	124.8612
59.94	13.995	59.1256
59.94	18.995	107.1132
59.94	23.995	114.0363
59.94	28.995	256.2081
59.94	33.995	232.5768
59.94	38.995	366.9161
59.94	43.995	359.818
59.94	48.995	248.4692
59.94	53.995	158.2142
59.94	58.995	183.1356
59.94	63.995	154.8041
59.94	68.995	186.855
59.94	73.995	151.8141
59.94	78.995	148.6384
59.94	83.995	176.3264
59.94	88.995	239.7063
59.94	93.995	358.1
59.94	98.995	152.8605
59.94	103.995	103.3667
59.94	108.995	255.3686
59.94	113.995	670.6127
59.94	118.995	92.9452
59.94	123.995	173.0024
59.94	128.995	291.6655
59.94	133.995	320.549
59.94	138.995	281.9364
59.94	143.995	405.2013
59.94	148.995	228.5993
59.94	153.995	309.9891
59.94	158.995	304.6254
59.94	163.995	190.373
59.94	168.995	222.4721
59.94	173.995	92.3401
59.94	178.995	381.9935
59.94	183.995	118.3669
59.94	188.995	223.6991
59.94	193.995	215.6703
59.94	198.995	174.3088
59.94	203.995	133.9751
59.94	208.995	320.9259
59.94	213.995	232.3561
59.94	218.995	134.8112
59.94	223.995	181.6613
59.94	228.995	196.9821
59.94	233.995	203.9503
59.94	238.995	65.1974
59.94	243.995	170.5967
59.94	248.995	132.4705
59.94	253.995	351.6775
59.94	258.995	136.0032
59.94	263.995	545.4593
59.94	268.995	306.671
59.94	273.995	243.0422
59.94	278.995	335.1681
59.94	283.995	377.4588
59.94	288.995	146.271
59.94	293.995	390.0901
59.94	298.995	276.1874
59.94	303.995	107.3243
59.94	308.995	199.5553
59.94	313.995	119.4409
59.94	318.995	325.2483
59.94	323.995	338.8349
59.94	328.995	141.9169
59.94	333.995	305.1123
59.94	338.995	274.3524
59.94	343.995	146.0205
59.94	348.995	66.7843
59.94	353.995	113.5698
59.94	358.995	63.1001
65.407	0.138	118.1933
65.407	5.138	307.2757
65.407	10.138	185.9545
65.407	15.138	253.9754
65.407	20.138	203.4951
65.407	25.138	273.1433
65.407	30.138	392.3281
65.407	35.138	583.2509
65.407	40.138	468.1328
65.407	45.138	623.6246
65.407	50.138	389.8078
65.407	55.138	141.5766
65.407	60.138	279.4299
65.407	65.138	318.0961
65.407	70.138	263.7423
65.407	75.138	117.8211
65.407	80.138	200.0508
65.407	85.138	168.6963
65.407	90.138	111.04
65.407	95.138	244.3936
65.407	100.138	240.8978
65.407	105.138	422.1792
65.407	110.138	246.2797
65.407	115.138	158.2781
65.407	120.138	163.4407
65.407	125.138	114.8003
65.407	130.138	171.3272
65.407	135.138	305.9726
65.407	140.138	198.4624
65.407	145.138	229.057
65.407	150.138	491.3675
65.407	155.138	199.3465
65.407	160.138	208.9166
65.407	165.138	264.3259
65.407	170.138	230.8046
65.407	175.138	115.8172
65.407	180.138	96.6029
65.407	185.138	66.1034
65.407	190.138	160.3481
65.407	195.138	474.5265
65.407	200.138	288.0349
65.407	205.138	196.7123
65.407	210.138	349.1091
65.407	215.138	227.6122
65.407	220.138	235.6901
65.407	225.138	252.8737
65.407	230.138	314.0511
65.407	235.138	112.1304
65.407	240.138	379.26
65.407	245.138	184.9676
65.407	250.138	190.576
65.407	255.138	235.8243
65.407	260.138	344.2363
65.407	265.138	1285.6478
65.407	270.138	605.826
65.407	275.138	343.8848
65.407	280.138	127.7093
65.407	285.138	236.4986
65.407	290.138	151.7382
65.407	295.138	659.9529
65.407	300.138	137.0526
65.407	305.138	121.5185
65.407	310.138	180.9381
65.407	315.138	188.3159
65.407	320.138	426.4019
65.407	325.138	232.6756
65.407	330.138	321.5289
65.407	335.138	146.4149
65.407	340.138	186.3211
65.407	345.138	85.0107
65.407	350.138	275.4262
65.407	355.138	115.2327
66.414	0.345	106.8239
66.414	5.345	288.1535
66.414	10.345	293.3711
66.414	15.345	359.6384
66.414	20.345	251.2236
66.414	25.345	327.5359
66.414	30.345	365.8284
66.414	35.345	589.7872
66.414	40.345	233.6224
66.414	45.345	515.6359
66.414	50.345	373.318
66.414	55.345	157.6745
66.414	60.345	249.4372
66.414	65.345	271.3934
66.414	70.345	379.7277
66.414	75.345	173.376
66.414	80.345	304.8466
66.414	85.345	197.2274
66.414	90.345	128.974
66.414	95.345	153.5982
66.414	100.345	305.8154
66.414	105.345	556.2016
66.414	110.345	231.3626
66.414	115.345	96.4922
66.414	120.345	279.085
66.414	125.345	207.8321
66.414	130.345	183.3268
66.414	135.345	316.2312
66.414	140.345	164.8987
66.414	145.345	185.8457
66.414	150.345	353.7625
66.414	155.345	166.0543
66.414	160.345	220.3059
66.414	165.345	294.9648
66.414	170.345	297.6233
66.414	175.345	427.5662
66.414	180.345	215.374
66.414	185.345	126.7802
66.414	190.345	211.3416
66.414	195.345	649.0245
66.414	200.345	350.5392
66.414	205.345	402.2123
66.414	210.345	170.7267
66.414	215.345	131.7177
66.414	220.345	209.6761
66.414	225.345	205.8933
66.414	230.345	337.8169
66.414	235.345	102.8783
66.414	240.345	668.9149
66.414	245.345	205.1251
66.414	250.345	377.651
66.414	255.345	585.3435
66.414	260.345	513.7926
66.414	265.345	1026.8896
66.414	270.345	544.8629
66.414	275.345	258.1129
66.414	280.345	74.8048
66.414	285.345	268.7438
66.414	290.345	104.7865
66.414	295.345	315.9345
66.414	300.345	200.4587
66.414	305.345	131.2677
66.414	310.345	451.7224
66.414	315.345	317.2869
66.414	320.345	287.4563
66.414	325.345	361.4114
66.414	330.345	415.661
66.414	335.345	137.7369
66.414	340.345	189.6451
66.414	345.345	140.3337
66.414	350.345	329.0627
66.414	355.345	194.809
71.893	1.447	200.2097
71.893	6.447	115.1106
71.893	11.447	415.6518
71.893	16.447	327.2881
71.893	21.447	697.1155
71.893	26.447	189.1954
71.893	31.447	168.7406
71.893	36.447	136.5828
71.893	41.447	159.0604
71.893	46.447	332.3249
71.893	51.447	971.1824
71.893	56.447	190.2441
71.893	61.447	362.4108
71.893	66.447	212.3263
71.893	71.447	590.2838
71.893	76.447	376.0665
71.893	81.447	526.4531
71.893	86.447	269.3412
71.893	91.447	114.2099
71.893	96.447	354.8428
71.893	101.447	379.948
71.893	106.447	219.5077
71.893	111.447	394.837
71.893	116.447	378.8639
71.893	121.447	642.7863
71.893	126.447	551.9963
71.893	131.447	221.574
71.893	136.447	545.0131
71.893	141.447	472.4456
71.893	146.447	502.0924
71.893	151.447	177.5433
71.893	156.447	126.1972
71.893	161.447	128.1359
71.893	166.447	361.2703
71.893	171.447	416.8398
71.893	176.447	817.0888
71.893	181.447	197.8859
71.893	186.447	241.8888
71.893	191.447	525.84
71.893	196.447	1066.3741
71.893	201.447	383.9831
71.893	206.447	521.0168
71.893	211.447	232.5646
71.893	216.447	242.7498
71.893	221.447	360.2997
71.893	226.447	137.0919
71.893	231.447	172.9803
71.893	236.447	311.0887
71.893	241.447	469.5151
71.893	246.447	549.2733
71.893	251.447	793.7155
71.893	256.447	529.6816
71.893	261.447	582.9116
71.893	266.447	351.2727
71.893	271.447	459.5288
71.893	276.447	223.1753
71.893	281.447	143.651
71.893	286.447	262.4622
71.893	291.447	256.9483
71.893	296.447	409.8697
71.893	301.447	293.7747
71.893	306.447	174.8537
71.893	311.447	412.4683
71.893	316.447	225.1953
71.893	321.447	238.752
71.893	326.447	358.6704
71.893	331.447	322.4545
71.893	336.447	91.2825
71.893	341.447	266.0254
71.893	346.447	510.1549
71.893	351.447	293.3081
71.893	356.447	181.5709
77.316	4.773	592.8026
77.316	9.773	220.8563
77.316	14.773	348.1899
77.316	19.773	663.1749
77.316	24.773	836.5866
77.316	29.773	434.5905
77.316	34.773	305.1005
77.316	39.773	344.3995
77.316	44.773	789.683
77.316	49.773	628.3725
77.316	54.773	889.0238
77.316	59.773	440.0694
77.316	64.773	404.1839
77.316	69.773	521.345
77.316	74.773	389.2123
77.316	79.773	520.4312
77.316	84.773	714.8721
77.316	89.773	396.48
77.316	94.773	318.7958
77.316	99.773	819.3617
77.316	104.773	752.9163
77.316	109.773	418.2967
77.316	114.773	426.48
77.316	119.773	662.1333
77.316	124.773	711.5892
77.316	129.773	439.716
77.316	134.773	231.4859
77.316	139.773	356.8094
77.316	144.773	665.8389
77.316	149.773	955.5807
77.316	154.773	462.2363
77.316	159.773	384.8234
77.316	164.773	477.3262
77.316	169.773	638.6498
77.316	174.773	339.1764
77.316	179.773	783.8228
77.316	184.773	267.9737
77.316	189.773	368.7502
77.316	194.773	313.8596
77.316	199.773	967.3914
77.316	204.773	297.2513
77.316	209.773	723.23
77.316	214.773	441.9771
77.316	219.773	519.937
77.316	224.773	798.6796
77.316	229.773	567.5889
77.316	234.773	155.9946
77.316	239.773	248.841
77.316	244.773	467.0823
77.316	249.773	1036.9768
77.316	254.773	343.5655
77.316	259.773	1042.8889
77.316	264.773	557.0146
77.316	269.773	235.6008
77.316	274.773	834.5933
77.316	279.773	469.104
77.316	284.773	194.3172
77.316	289.773	289.6358
77.316	294.773	508.5907
77.316	299.773	1017.675
77.316	304.773	154.8066
77.316	309.773	338.5414
77.316	314.773	603.7963
77.316	319.773	176.0418
77.316	324.773	177.5943
77.316	329.773	127.7679
77.316	334.773	201.2247
77.316	339.773	202.3927
77.316	344.773	834.6872
77.316	349.773	474.3667
77.316	354.773	293.081
77.316	359.773	325.8557
78.312	0.602	526.2738
78.312	5.602	737.0362
78.312	10.602	218.2691
78.312	15.602	301.3533
78.312	20.602	733.2101
78.312	25.602	652.5826
78.312	30.602	979.5972
78.312	35.602	1051.2321
78.312	40.602	1153.8205
78.312	45.602	1851.0776
78.312	50.602	2049.425
78.312	55.602	1039.6312
78.312	60.602	484.1917
78.312	65.602	489.5976
78.312	70.602	581.9271
78.312	75.602	423.6481
78.312	80.602	516.4122
78.312	85.602	733.6533
78.312	90.602	284.0643
78.312	95.602	523.5308
78.312	100.602	1047.6029
78.312	105.602	840.9675
78.312	110.602	815.2841
78.312	115.602	538.9205
78.312	120.602	503.6993
78.312	125.602	490.8076
78.312	130.602	261.8893
78.312	135.602	256.462
78.312	140.602	250.7165
78.312	145.602	585.0582
78.312	150.602	600.5889
78.312	155.602	524.0528
78.312	160.602	636.0509
78.312	165.602	1058.6805
78.312	170.602	1556.3418
78.312	175.602	857.4301
78.312	180.602	453.0167
78.312	185.602	412.2416
78.312	190.602	373.7129
78.312	195.602	430.4198
78.312	200.602	636.3181
78.312	205.602	580.4166
78.312	210.602	1220.5728
78.312	215.602	783.2128
78.312	220.602	658.6581
78.312	225.602	1018.5373
78.312	230.602	1393.9993
78.312	235.602	838.6816
78.312	240.602	261.3715
78.312	245.602	384.2339
78.312	250.602	704.0247
78.312	255.602	494.8667
78.312	260.602	1512.4064
78.312	265.602	1049.8555
78.312	270.602	454.869
78.312	275.602	996.2052
78.312	280.602	927.4058
78.312	285.602	851.4624
78.312	290.602	439.9188
78.312	295.602	1180.5234
78.312	300.602	1105.0304
78.312	305.602	287.5483
78.312	310.602	291.7395
78.312	315.602	559.0433
78.312	320.602	385.6679
78.312	325.602	461.5297
78.312	330.602	553.7069
78.312	335.602	347.0247
78.312	340.602	424.2953
78.312	345.602	1107.1742
78.312	350.602	379.4907
78.312	355.602	338.7222
83.677	3.473	689.7233
83.677	8.473	754.86
83.677	13.473	649.9317
83.677	18.473	480.4757
83.677	23.473	521.5261
83.677	28.473	737.951
83.677	33.473	723.1655
83.677	38.473	1497.8413
83.677	43.473	1851.3296
83.677	48.473	1718.8242
83.677	53.473	1719.4371
83.677	58.473	1267.471
83.677	63.473	968.8627
83.677	68.473	999.0377
83.677	73.473	918.9787
83.677	78.473	802.7791
83.677	83.473	666.2315
83.677	88.473	486.5829
83.677	93.473	557.0193
83.677	98.473	375.2324
83.677	103.473	404.638
83.677	108.473	575.1816
83.677	113.473	743.2015
83.677	118.473	721.3338
83.677	123.473	470.6978
83.677	128.473	446.3134
83.677	133.473	441.0296
83.677	138.473	462.847
83.677	143.473	429.9925
83.677	148.473	406.1019
83.677	153.473	563.7444
83.677	158.473	414.8891
83.677	163.473	599.0902
83.677	168.473	1084.357
83.677	173.473	1378.3658
83.677	178.473	1204.0322
83.677	183.473	580.6006
83.677	188.473	437.6013
83.677	193.473	631.039
83.677	198.473	788.1044
83.677	203.473	761.2119
83.677	208.473	827.8765
83.677	213.473	946.4264
83.677	218.473	1528.6977
83.677	223.473	1112.2178
83.677	228.473	1071.8892
83.677	233.473	1554.1113
83.677	238.473	1385.5346
83.677	243.473	956.2277
83.677	248.473	471.3852
83.677	253.473	397.9066
83.677	258.473	634.8052
83.677	263.473	706.8835
83.677	268.473	961.4139
83.677	273.473	721.3403
83.677	278.473	520.9245
83.677	283.473	1034.9444
83.677	288.473	1219.1002
83.677	293.473	836.6813
83.677	298.473	666.522
83.677	303.473	774.4181
83.677	308.473	603.7915
83.677	313.473	331.6576
83.677	318.473	362.5208
83.677	323.473	553.3653
83.677	328.473	574.5326
83.677	333.473	665.0266
83.677	338.473	658.1102
83.677	343.473	581.6331
83.677	348.473	927.8697
83.677	353.473	1008.0926
83.677	358.473	726.3397
87.805	3.313	769.9716
87.805	8.313	701.6343
87.805	13.313	560.2286
87.805	18.313	612.3895
87.805	23.313	736.7256
87.805	28.313	780.9449
87.805	33.313	772.0227
87.805	38.313	624.6809
87.805	43.313	617.0989
87.805	48.313	616.284
87.805	53.313	630.7159
87.805	58.313	845.3786
87.805	63.313	1004.6
87.805	68.313	1085.9727
87.805	73.313	1277.7184
87.805	78.313	1481.1407
87.805	83.313	1677.343
87.805	88.313	1573.8065
87.805	93.313	1586.7987
87.805	98.313	1781.0959
87.805	103.313	1869.544
87.805	108.313	1855.999
87.805	113.313	1714.1329
87.805	118.313	1812.8706
87.805	123.313	1631.952
87.805	128.313	1767.3254
87.805	133.313	1730.1375
87.805	138.313	1780.4238
87.805	143.313	1519.3184
87.805	148.313	1248.9839
87.805	153.313	1048.6512
87.805	158.313	985.2311
87.805	163.313	940.8575
87.805	168.313	903.6258
87.805	173.313	1053.1322
87.805	178.313	1031.3071
87.805	183.313	1104.9314
87.805	188.313	1092.3466
87.805	193.313	904.7205
87.805	198.313	858.8152
87.805	203.313	725.0264
87.805	208.313	602.3968
87.805	213.313	614.613
87.805	218.313	721.7305
87.805	223.313	895.1487
87.805	228.313	895.873
87.805	233.313	771.6515
87.805	238.313	624.3048
87.805	243.313	546.2121
87.805	248.313	482.1337
87.805	253.313	517.9552
87.805	258.313	537.4472
87.805	263.313	494.3065
87.805	268.313	504.54
87.805	273.313	628.6511
87.805	278.313	702.7359
87.805	283.313	780.6679
87.805	288.313	977.2405
87.805	293.313	1084.0114
87.805	298.313	1169.7773
87.805	303.313	1217.2162
87.805	308.313	1309.4404
87.805	313.313	1142.2804
87.805	318.313	1022.8765
87.805	323.313	1021.9063
87.805	328.313	1063.742
87.805	333.313	902.2125
87.805	338.313	1036.6829
87.805	343.313	1340.3656
87.805	348.313	1479.5578
87.805	353.313	1323.1299
87.805	358.313	1052.4244
