>BT8; Created QKowari;
>grid: 
>backgr: 
-2.0
0	4.3	83.3821
0	9.3	206.3295
0	14.3	670.4282
0	19.3	532.5606
0	24.3	704.0419
0	29.3	436.4828
0	34.3	413.4347
0	39.3	456.7412
0	44.3	838.8771
0	49.3	1390.8117
0	54.3	478.2402
0	59.3	838.148
0	64.3	575.6875
0	69.3	459.9065
0	74.3	797.4362
0	79.3	456.4605
0	84.3	865.3716
0	89.3	911.3588
0	94.3	827.5661
0	99.3	521.3027
0	104.3	689.8569
0	109.3	748.0112
0	114.3	614.5455
0	119.3	350.192
0	124.3	734.412
0	129.3	837.8699
0	134.3	608.9267
0	139.3	1196.6065
0	144.3	1255.4505
0	149.3	740.3368
0	154.3	626.2913
0	159.3	668.9076
0	164.3	150.2481
0	169.3	93.1118
0	174.3	460.2416
0	179.3	126.3188
0	184.3	55.8257
0	189.3	136.7362
0	194.3	679.4757
0	199.3	395.9697
0	204.3	702.1429
0	209.3	346.1103
0	214.3	242.113
0	219.3	507.2695
0	224.3	703.4614
0	229.3	840.6795
0	234.3	454.7746
0	239.3	482.9944
0	244.3	526.2681
0	249.3	352.5411
0	254.3	728.533
0	259.3	513.2167
0	264.3	652.8296
0	269.3	561.8567
0	274.3	484.0338
0	279.3	397.7294
0	284.3	587.9776
0	289.3	569.2471
0	294.3	549.8426
0	299.3	345.6851
0	304.3	790.599
0	309.3	570.4785
0	314.3	583.7817
0	319.3	1104.5131
0	324.3	1227.7543
0	329.3	569.5611
0	334.3	773.8221
0	339.3	802.2047
0	344.3	240.542
0	349.3	59.5384
0	354.3	375.2496
0	359.3	153.2883
4.626	4.47	204.0231
4.626	9.47	259.4111
4.626	14.47	330.3547
4.626	19.47	361.9057
4.626	24.47	824.3518
4.626	29.47	347.7233
4.626	34.47	618.7332
4.626	39.47	615.0017
4.626	44.47	569.6564
4.626	49.47	725.1575
4.626	54.47	448.0533
4.626	59.47	550.9233
4.626	64.47	642.2865
4.626	69.47	635.3449
4.626	74.47	1032.4417
4.626	79.47	535.7871
4.626	84.47	1189.583
4.626	89.47	885.2665
4.626	94.47	1517.3983
4.626	99.47	515.1968
4.626	104.47	847.0632
4.626	109.47	631.2784
4.626	114.47	604.1717
4.626	119.47	719.7065
4.626	124.47	619.3252
4.626	129.47	858.5048
4.626	134.47	581.5185
4.626	139.47	902.3637
4.626	144.47	1309.6347
4.626	149.47	1034.6581
4.626	154.47	635.2761
4.626	159.47	908.7851
4.626	164.47	440.0818
4.626	169.47	139.6601
4.626	174.47	804.6832
4.626	179.47	1209.8968
4.626	184.47	124.365
4.626	189.47	874.2787
4.626	194.47	450.1295
4.626	199.47	372.9874
4.626	204.47	557.6009
4.626	209.47	586.9335
4.626	214.47	599.9425
4.626	219.47	916.0492
4.626	224.47	1042.4376
4.626	229.47	941.5271
4.626	234.47	419.1021
4.626	239.47	403.0866
4.626	244.47	688.532
4.626	249.47	536.0818
4.626	254.47	485.7035
4.626	259.47	712.6512
4.626	264.47	588.7426
4.626	269.47	615.3687
4.626	274.47	392.6288
4.626	279.47	612.4933
4.626	284.47	458.7692
4.626	289.47	569.0546
4.626	294.47	805.5027
4.626	299.47	448.1265
4.626	304.47	612.1453
4.626	309.47	803.0873
4.626	314.47	761.279
4.626	319.47	1132.9354
4.626	324.47	1335.301
4.626	329.47	612.6934
4.626	334.47	499.7436
4.626	339.47	369.9844
4.626	344.47	502.4766
4.626	349.47	154.5784
4.626	354.47	507.7612
4.626	359.47	273.8221
7.374	4.467	369.97075
7.374	9.467	403.53705
7.374	14.467	230.5172
7.374	19.467	335.36195
7.374	24.467	710.9477
7.374	29.467	385.1354
7.374	34.467	621.83845
7.374	39.467	778.7565
7.374	44.467	703.2347
7.374	49.467	633.33645
7.374	54.467	555.7207
7.374	59.467	555.39575
7.374	64.467	648.7472
7.374	69.467	669.92455
7.374	74.467	794.9254
7.374	79.467	321.6544
7.374	84.467	833.3841
7.374	89.467	649.7863
7.374	94.467	933.8299
7.374	99.467	452.80525
7.374	104.467	850.9384
7.374	109.467	664.80015
7.374	114.467	647.9232
7.374	119.467	825.8021
7.374	124.467	484.78135
7.374	129.467	798.226
7.374	134.467	597.9422
7.374	139.467	668.7881
7.374	144.467	1036.2952
7.374	149.467	954.9009
7.374	154.467	678.7725
7.374	159.467	880.58515
7.374	164.467	444.8151
7.374	169.467	238.1309
7.374	174.467	843.52375
7.374	179.467	1249.85305
7.374	184.467	255.8613
7.374	189.467	731.1946
7.374	194.467	336.12755
7.374	199.467	415.9683
7.374	204.467	381.8561
7.374	209.467	573.69345
7.374	214.467	750.27695
7.374	219.467	904.02305
7.374	224.467	890.6166
7.374	229.467	917.51435
7.374	234.467	427.4463
7.374	239.467	318.5589
7.374	244.467	545.53445
7.374	249.467	671.2967
7.374	254.467	438.9225
7.374	259.467	956.9021
7.374	264.467	595.38415
7.374	269.467	600.72695
7.374	274.467	333.95395
7.374	279.467	611.66875
7.374	284.467	506.5099
7.374	289.467	853.6945
7.374	294.467	710.5783
7.374	299.467	338.51415
7.374	304.467	585.57075
7.374	309.467	836.11715
7.374	314.467	720.31265
7.374	319.467	980.1474
7.374	324.467	1300.1332
7.374	329.467	667.2569
7.374	334.467	604.7276
7.374	339.467	353.63715
7.374	344.467	605.17025
7.374	349.467	290.1018
7.374	354.467	498.7481
7.374	359.467	262.4589
11.999	4.284	342.8142
11.999	9.284	290.4782
11.999	14.284	147.726
11.999	19.284	317.0512
11.999	24.284	503.2058
11.999	29.284	799.0213
11.999	34.284	865.1745
11.999	39.284	979.4196
11.999	44.284	1327.8623
11.999	49.284	470.5154
11.999	54.284	360.1945
11.999	59.284	400.3602
11.999	64.284	555.3126
11.999	69.284	805.8108
11.999	74.284	1158.7839
11.999	79.284	690.1965
11.999	84.284	879.722
11.999	89.284	560.8758
11.999	94.284	779.687
11.999	99.284	618.2045
11.999	104.284	1124.2669
11.999	109.284	908.4107
11.999	114.284	1065.9249
11.999	119.284	803.2701
11.999	124.284	512.4387
11.999	129.284	912.876
11.999	134.284	624.8791
11.999	139.284	956.308
11.999	144.284	446.5986
11.999	149.284	1602.4419
11.999	154.284	725.0312
11.999	159.284	1753.2387
11.999	164.284	617.9834
11.999	169.284	474.8102
11.999	174.284	417.1691
11.999	179.284	368.7847
11.999	184.284	643.4361
11.999	189.284	780.7212
11.999	194.284	252.6173
11.999	199.284	248.1476
11.999	204.284	477.1569
11.999	209.284	559.0777
11.999	214.284	702.0904
11.999	219.284	913.5889
11.999	224.284	394.3446
11.999	229.284	1060.9456
11.999	234.284	515.7265
11.999	239.284	395.7932
11.999	244.284	706.3856
11.999	249.284	650.4684
11.999	254.284	496.4518
11.999	259.284	639.3914
11.999	264.284	449.2835
11.999	269.284	871.5731
11.999	274.284	336.3771
11.999	279.284	432.2392
11.999	284.284	428.354
11.999	289.284	702.1415
11.999	294.284	522.8449
11.999	299.284	511.2151
11.999	304.284	439.0753
11.999	309.284	799.6213
11.999	314.284	752.5242
11.999	319.284	823.0204
11.999	324.284	1842.0435
11.999	329.284	1061.5131
11.999	334.284	874.4447
11.999	339.284	335.408
11.999	344.284	586.2721
11.999	349.284	1468.4274
11.999	354.284	500.7605
11.999	359.284	528.4586
16.625	4.449	623.6092
16.625	9.449	484.7568
16.625	14.449	406.3434
16.625	19.449	887.5136
16.625	24.449	554.7541
16.625	29.449	713.1312
16.625	34.449	970.6618
16.625	39.449	2006.8123
16.625	44.449	2138.1259
16.625	49.449	948.9421
16.625	54.449	446.8546
16.625	59.449	314.9687
16.625	64.449	489.4591
16.625	69.449	447.0897
16.625	74.449	1182.519
16.625	79.449	1322.8301
16.625	84.449	714.7354
16.625	89.449	547.6851
16.625	94.449	306.1464
16.625	99.449	1197.3288
16.625	104.449	588.1304
16.625	109.449	627.3079
16.625	114.449	824.7482
16.625	119.449	349.7642
16.625	124.449	734.6781
16.625	129.449	386.5053
16.625	134.449	736.0409
16.625	139.449	622.5651
16.625	144.449	2877.4829
16.625	149.449	1836.4254
16.625	154.449	1083.7334
16.625	159.449	761.5672
16.625	164.449	965.2685
16.625	169.449	1626.8354
16.625	174.449	141.9634
16.625	179.449	368.5227
16.625	184.449	737.0857
16.625	189.449	657.3486
16.625	194.449	393.4312
16.625	199.449	594.3948
16.625	204.449	773.1325
16.625	209.449	998.9726
16.625	214.449	786.7578
16.625	219.449	2545.8423
16.625	224.449	555.2167
16.625	229.449	808.3112
16.625	234.449	1028.1951
16.625	239.449	899.2862
16.625	244.449	725.594
16.625	249.449	732.0226
16.625	254.449	720.3633
16.625	259.449	258.3568
16.625	264.449	538.7287
16.625	269.449	664.3422
16.625	274.449	554.0647
16.625	279.449	363.6063
16.625	284.449	431.6875
16.625	289.449	661.1989
16.625	294.449	479.3219
16.625	299.449	458.0746
16.625	304.449	785.1963
16.625	309.449	597.0443
16.625	314.449	1222.0341
16.625	319.449	1599.4361
16.625	324.449	2030.1285
16.625	329.449	1284.3274
16.625	334.449	921.5783
16.625	339.449	699.199
16.625	344.449	490.3779
16.625	349.449	699.1583
16.625	354.449	391.6138
16.625	359.449	420.0941
19.373	4.44	594.0712
19.373	9.44	587.9765
19.373	14.44	371.0323
19.373	19.44	1045.2826
19.373	24.44	479.8372
19.373	29.44	1067.5303
19.373	34.44	966.574
19.373	39.44	2016.0894
19.373	44.44	1687.489
19.373	49.44	833.111
19.373	54.44	719.9008
19.373	59.44	291.6529
19.373	64.44	537.3161
19.373	69.44	453.8684
19.373	74.44	1082.8381
19.373	79.44	1456.9496
19.373	84.44	672.8936
19.373	89.44	487.4149
19.373	94.44	339.7466
19.373	99.44	1238.5695
19.373	104.44	544.2078
19.373	109.44	770.2596
19.373	114.44	663.9701
19.373	119.44	359.2602
19.373	124.44	603.7541
19.373	129.44	367.999
19.373	134.44	861.322
19.373	139.44	847.7784
19.373	144.44	3411.7436
19.373	149.44	2131.0978
19.373	154.44	1443.4483
19.373	159.44	807.2213
19.373	164.44	828.7794
19.373	169.44	1767.5658
19.373	174.44	273.3748
19.373	179.44	445.885
19.373	184.44	541.6315
19.373	189.44	837.525
19.373	194.44	581.7738
19.373	199.44	582.7236
19.373	204.44	1235.1512
19.373	209.44	1708.609
19.373	214.44	735.7786
19.373	219.44	2646.7057
19.373	224.44	528.4987
19.373	229.44	794.556
19.373	234.44	1009.2491
19.373	239.44	1216.8827
19.373	244.44	675.4347
19.373	249.44	752.1177
19.373	254.44	598.0281
19.373	259.44	277.6655
19.373	264.44	483.6673
19.373	269.44	430.6335
19.373	274.44	583.7617
19.373	279.44	286.9253
19.373	284.44	418.4417
19.373	289.44	493.4447
19.373	294.44	728.6213
19.373	299.44	332.6808
19.373	304.44	863.2405
19.373	309.44	577.2345
19.373	314.44	2452.4604
19.373	319.44	1101.9057
19.373	324.44	2662.5968
19.373	329.44	2198.1904
19.373	334.44	806.4527
19.373	339.44	1248.1538
19.373	344.44	623.1042
19.373	349.44	961.177
19.373	354.44	352.8705
19.373	359.44	613.5941
23.998	4.234	493.0968
23.998	9.234	2081.0658
23.998	14.234	1158.7382
23.998	19.234	1996.5629
23.998	24.234	904.9104
23.998	29.234	1748.8214
23.998	34.234	2092.1958
23.998	39.234	1918.0825
23.998	44.234	940.1461
23.998	49.234	676.6108
23.998	54.234	475.367
23.998	59.234	240.2105
23.998	64.234	382.0026
23.998	69.234	620.18
23.998	74.234	1202.8567
23.998	79.234	1230.7174
23.998	84.234	603.6576
23.998	89.234	440.5914
23.998	94.234	497.4574
23.998	99.234	844.81
23.998	104.234	468.8892
23.998	109.234	724.3787
23.998	114.234	1701.031
23.998	119.234	1066.7051
23.998	124.234	797.7501
23.998	129.234	521.5229
23.998	134.234	608.0576
23.998	139.234	1334.4751
23.998	144.234	2113.9421
23.998	149.234	1199.5173
23.998	154.234	2871.9542
23.998	159.234	1495.8779
23.998	164.234	742.2722
23.998	169.234	624.773
23.998	174.234	1155.3563
23.998	179.234	463.83
23.998	184.234	699.6355
23.998	189.234	582.4051
23.998	194.234	783.6261
23.998	199.234	564.8962
23.998	204.234	2057.7941
23.998	209.234	1993.8479
23.998	214.234	1985.4705
23.998	219.234	3138.151
23.998	224.234	728.3768
23.998	229.234	719.3468
23.998	234.234	760.3861
23.998	239.234	1284.688
23.998	244.234	674.5416
23.998	249.234	577.9078
23.998	254.234	490.8722
23.998	259.234	240.4469
23.998	264.234	327.1425
23.998	269.234	598.5074
23.998	274.234	927.5164
23.998	279.234	520.6909
23.998	284.234	514.3327
23.998	289.234	568.0314
23.998	294.234	584.5868
23.998	299.234	481.7006
23.998	304.234	571.3693
23.998	309.234	395.3058
23.998	314.234	1445.0074
23.998	319.234	890.6872
23.998	324.234	2932.9744
23.998	329.234	3117.6081
23.998	334.234	2002.172
23.998	339.234	2802.734
23.998	344.234	1650.0522
23.998	349.234	810.6349
23.998	354.234	724.6935
23.998	359.234	1040.4426
28.625	4.398	1274.9572
28.625	9.398	1788.6298
28.625	14.398	1479.2686
28.625	19.398	1370.4383
28.625	24.398	1957.2796
28.625	29.398	2268.0363
28.625	34.398	2400.1298
28.625	39.398	1293.7478
28.625	44.398	691.104
28.625	49.398	883.1772
28.625	54.398	1036.7346
28.625	59.398	433.8666
28.625	64.398	630.1482
28.625	69.398	405.8345
28.625	74.398	1063.6346
28.625	79.398	573.8013
28.625	84.398	565.7887
28.625	89.398	604.0234
28.625	94.398	549.6437
28.625	99.398	672.1301
28.625	104.398	468.6696
28.625	109.398	617.8243
28.625	114.398	1232.5009
28.625	119.398	317.9117
28.625	124.398	940.9168
28.625	129.398	1301.8901
28.625	134.398	372.886
28.625	139.398	956.6811
28.625	144.398	2818.8066
28.625	149.398	1137.1955
28.625	154.398	2568.8146
28.625	159.398	3399.6658
28.625	164.398	1510.5845
28.625	169.398	1334.1114
28.625	174.398	2614.4726
28.625	179.398	1240.6174
28.625	184.398	1132.0768
28.625	189.398	1227.7674
28.625	194.398	620.5785
28.625	199.398	733.381
28.625	204.398	1133.0889
28.625	209.398	1828.6663
28.625	214.398	1847.3763
28.625	219.398	1432.0716
28.625	224.398	483.7698
28.625	229.398	801.8992
28.625	234.398	1088.7484
28.625	239.398	484.8575
28.625	244.398	956.7005
28.625	249.398	853.7282
28.625	254.398	782.5848
28.625	259.398	296.1449
28.625	264.398	756.0678
28.625	269.398	322.9225
28.625	274.398	452.738
28.625	279.398	368.687
28.625	284.398	802.8857
28.625	289.398	1488.166
28.625	294.398	871.9518
28.625	299.398	531.2687
28.625	304.398	629.7525
28.625	309.398	794.1916
28.625	314.398	936.6903
28.625	319.398	1247.2182
28.625	324.398	2197.7829
28.625	329.398	1625.8434
28.625	334.398	716.4754
28.625	339.398	2074.6275
28.625	344.398	1359.6336
28.625	349.398	1151.7093
28.625	354.398	1553.4165
28.625	359.398	754.5954
31.373	4.381	2094.7786
31.373	9.381	1393.7877
31.373	14.381	1957.2601
31.373	19.381	1119.5009
31.373	24.381	1993.6055
31.373	29.381	2133.4485
31.373	34.381	2448.1441
31.373	39.381	1585.0029
31.373	44.381	602.313
31.373	49.381	830.72
31.373	54.381	904.7137
31.373	59.381	498.088
31.373	64.381	592.1682
31.373	69.381	1238.4055
31.373	74.381	935.1563
31.373	79.381	568.9205
31.373	84.381	721.6558
31.373	89.381	870.8037
31.373	94.381	540.1395
31.373	99.381	653.454
31.373	104.381	430.8169
31.373	109.381	497.1836
31.373	114.381	881.0383
31.373	119.381	349.4663
31.373	124.381	902.0979
31.373	129.381	2291.3642
31.373	134.381	407.7211
31.373	139.381	1432.1492
31.373	144.381	2118.8271
31.373	149.381	1143.2907
31.373	154.381	2477.7142
31.373	159.381	3227.7984
31.373	164.381	1726.2176
31.373	169.381	2319.3658
31.373	174.381	3331.8677
31.373	179.381	1486.2194
31.373	184.381	1464.4543
31.373	189.381	1120.3791
31.373	194.381	785.2334
31.373	199.381	1019.9897
31.373	204.381	1546.6106
31.373	209.381	1580.3865
31.373	214.381	1997.7743
31.373	219.381	918.3021
31.373	224.381	889.0376
31.373	229.381	762.2218
31.373	234.381	1068.8627
31.373	239.381	1154.6641
31.373	244.381	972.8903
31.373	249.381	985.4605
31.373	254.381	901.831
31.373	259.381	343.7602
31.373	264.381	817.8874
31.373	269.381	403.677
31.373	274.381	442.7029
31.373	279.381	265.6171
31.373	284.381	386.7516
31.373	289.381	692.7301
31.373	294.381	1200.0843
31.373	299.381	568.271
31.373	304.381	814.1435
31.373	309.381	716.2543
31.373	314.381	1068.1345
31.373	319.381	1138.7274
31.373	324.381	1419.0921
31.373	329.381	2078.3686
31.373	334.381	504.9233
31.373	339.381	1854.5269
31.373	344.381	1578.9173
31.373	349.381	1455.984
31.373	354.381	1717.4186
31.373	359.381	1089.3838
35.997	4.135	2182.4973
35.997	9.135	2455.3761
35.997	14.135	2379.1083
35.997	19.135	680.3951
35.997	24.135	1437.9887
35.997	29.135	1560.4196
35.997	34.135	2457.9399
35.997	39.135	1502.9685
35.997	44.135	345.0363
35.997	49.135	343.7363
35.997	54.135	554.9121
35.997	59.135	376.8356
35.997	64.135	714.2775
35.997	69.135	1758.55
35.997	74.135	1185.2271
35.997	79.135	1019.7941
35.997	84.135	571.147
35.997	89.135	867.657
35.997	94.135	398.7254
35.997	99.135	1441.7613
35.997	104.135	389.1044
35.997	109.135	696.3603
35.997	114.135	498.897
35.997	119.135	434.5041
35.997	124.135	538.8195
35.997	129.135	1476.4111
35.997	134.135	340.1964
35.997	139.135	1407.1221
35.997	144.135	1554.8755
35.997	149.135	1000.226
35.997	154.135	845.6517
35.997	159.135	1188.2185
35.997	164.135	1280.8606
35.997	169.135	1351.6156
35.997	174.135	1979.1104
35.997	179.135	2209.3553
35.997	184.135	1909.8766
35.997	189.135	2099.2533
35.997	194.135	890.2532
35.997	199.135	873.7444
35.997	204.135	1950.8146
35.997	209.135	1103.9906
35.997	214.135	730.4168
35.997	219.135	879.4006
35.997	224.135	1140.0269
35.997	229.135	709.3842
35.997	234.135	526.0899
35.997	239.135	1203.8981
35.997	244.135	1209.1005
35.997	249.135	556.8167
35.997	254.135	757.9368
35.997	259.135	586.5419
35.997	264.135	746.9952
35.997	269.135	510.181
35.997	274.135	938.8528
35.997	279.135	851.7248
35.997	284.135	318.3096
35.997	289.135	927.2746
35.997	294.135	828.9426
35.997	299.135	902.6636
35.997	304.135	442.0923
35.997	309.135	1198.4157
35.997	314.135	735.481
35.997	319.135	1000.8898
35.997	324.135	811.4283
35.997	329.135	1119.1761
35.997	334.135	896.3271
35.997	339.135	1273.5964
35.997	344.135	1585.3404
35.997	349.135	1948.4523
35.997	354.135	1092.9955
35.997	359.135	1950.9159
40.624	4.304	3072.5963
40.624	9.304	2375.9846
40.624	14.304	2406.7023
40.624	19.304	612.9455
40.624	24.304	1443.4532
40.624	29.304	797.9589
40.624	34.304	953.6897
40.624	39.304	1212.5971
40.624	44.304	408.2773
40.624	49.304	628.4857
40.624	54.304	333.8431
40.624	59.304	320.367
40.624	64.304	516.5024
40.624	69.304	1155.7333
40.624	74.304	574.5131
40.624	79.304	257.1909
40.624	84.304	779.7545
40.624	89.304	838.8412
40.624	94.304	1384.3669
40.624	99.304	1848.4246
40.624	104.304	787.5921
40.624	109.304	456.9102
40.624	114.304	592.5619
40.624	119.304	384.9518
40.624	124.304	800.132
40.624	129.304	490.4547
40.624	134.304	395.695
40.624	139.304	491.04
40.624	144.304	951.8077
40.624	149.304	508.6518
40.624	154.304	487.5978
40.624	159.304	638.0486
40.624	164.304	732.1086
40.624	169.304	2025.2436
40.624	174.304	1521.3864
40.624	179.304	2279.8913
40.624	184.304	1408.3653
40.624	189.304	1726.1776
40.624	194.304	981.786
40.624	199.304	588.6553
40.624	204.304	714.5483
40.624	209.304	666.0307
40.624	214.304	706.4172
40.624	219.304	597.9364
40.624	224.304	456.4219
40.624	229.304	423.0091
40.624	234.304	664.3074
40.624	239.304	464.5263
40.624	244.304	892.264
40.624	249.304	719.3713
40.624	254.304	1251.5729
40.624	259.304	1077.8043
40.624	264.304	1582.9276
40.624	269.304	900.3727
40.624	274.304	2009.7226
40.624	279.304	1086.8251
40.624	284.304	539.8362
40.624	289.304	951.4164
40.624	294.304	1146.0765
40.624	299.304	1070.0501
40.624	304.304	1043.3254
40.624	309.304	1090.6463
40.624	314.304	204.0176
40.624	319.304	951.8108
40.624	324.304	545.5674
40.624	329.304	867.1053
40.624	334.304	1009.443
40.624	339.304	1371.7135
40.624	344.304	2294.3725
40.624	349.304	1613.0249
40.624	354.304	1071.5376
40.624	359.304	829.1373
43.372	4.273	3204.1165
43.372	9.273	2317.8639
43.372	14.273	2797.3904
43.372	19.273	840.8026
43.372	24.273	873.8689
43.372	29.273	700.5638
43.372	34.273	1093.6049
43.372	39.273	865.1625
43.372	44.273	425.7855
43.372	49.273	887.431
43.372	54.273	321.5284
43.372	59.273	329.815
43.372	64.273	495.2459
43.372	69.273	861.7843
43.372	74.273	444.839
43.372	79.273	329.7626
43.372	84.273	896.949
43.372	89.273	845.0681
43.372	94.273	1592.1829
43.372	99.273	1211.7003
43.372	104.273	860.0691
43.372	109.273	445.092
43.372	114.273	685.8124
43.372	119.273	508.4328
43.372	124.273	798.182
43.372	129.273	307.2715
43.372	134.273	434.6774
43.372	139.273	898.7225
43.372	144.273	506.0055
43.372	149.273	471.5047
43.372	154.273	521.579
43.372	159.273	651.48
43.372	164.273	706.0561
43.372	169.273	1756.4209
43.372	174.273	1441.1782
43.372	179.273	2208.0989
43.372	184.273	1536.8101
43.372	189.273	1700.4055
43.372	194.273	953.9423
43.372	199.273	693.8118
43.372	204.273	809.7632
43.372	209.273	770.7392
43.372	214.273	651.9246
43.372	219.273	518.7665
43.372	224.273	1431.6384
43.372	229.273	392.6051
43.372	234.273	1166.6661
43.372	239.273	639.8717
43.372	244.273	587.451
43.372	249.273	637.0601
43.372	254.273	1252.9139
43.372	259.273	1449.5775
43.372	264.273	1119.1826
43.372	269.273	1098.6517
43.372	274.273	1316.3737
43.372	279.273	877.6668
43.372	284.273	431.326
43.372	289.273	1217.4001
43.372	294.273	1189.367
43.372	299.273	793.1646
43.372	304.273	1392.35
43.372	309.273	895.9939
43.372	314.273	301.4205
43.372	319.273	711.104
43.372	324.273	603.8956
43.372	329.273	919.5446
43.372	334.273	1105.5897
43.372	339.273	1028.8658
43.372	344.273	2387.2612
43.372	349.273	1582.757
43.372	354.273	1821.8729
43.372	359.273	1131.6357
47.995	3.954	1385.2811
47.995	8.954	1212.0992
47.995	13.954	2113.2903
47.995	18.954	964.4457
47.995	23.954	621.687
47.995	28.954	646.2118
47.995	33.954	2378.8217
47.995	38.954	851.281
47.995	43.954	424.1211
47.995	48.954	747.5434
47.995	53.954	761.1696
47.995	58.954	971.7158
47.995	63.954	566.4957
47.995	68.954	1103.0164
47.995	73.954	1055.1202
47.995	78.954	709.3965
47.995	83.954	1783.1131
47.995	88.954	1358.228
47.995	93.954	1290.7071
47.995	98.954	3474.0441
47.995	103.954	883.5878
47.995	108.954	1112.511
47.995	113.954	889.1008
47.995	118.954	438.6917
47.995	123.954	402.072
47.995	128.954	533.6602
47.995	133.954	511.4852
47.995	138.954	1487.8151
47.995	143.954	643.1661
47.995	148.954	823.1791
47.995	153.954	642.0447
47.995	158.954	1012.9889
47.995	163.954	826.2091
47.995	168.954	920.2804
47.995	173.954	1199.5607
47.995	178.954	925.253
47.995	183.954	1884.5387
47.995	188.954	966.565
47.995	193.954	1245.0057
47.995	198.954	463.9713
47.995	203.954	662.4028
47.995	208.954	490.113
47.995	213.954	484.1135
47.995	218.954	565.1819
47.995	223.954	1833.3935
47.995	228.954	528.0229
47.995	233.954	537.0692
47.995	238.954	1063.3662
47.995	243.954	305.3723
47.995	248.954	462.3866
47.995	253.954	981.9093
47.995	258.954	1187.1884
47.995	263.954	825.5638
47.995	268.954	1706.0072
47.995	273.954	1716.6236
47.995	278.954	1116.353
47.995	283.954	474.3387
47.995	288.954	1272.404
47.995	293.954	698.7629
47.995	298.954	591.4592
47.995	303.954	751.5062
47.995	308.954	919.9282
47.995	313.954	1068.2439
47.995	318.954	400.258
47.995	323.954	1093.8537
47.995	328.954	1178.4508
47.995	333.954	663.1436
47.995	338.954	623.7467
47.995	343.954	1180.2639
47.995	348.954	1488.7557
47.995	353.954	1509.7557
47.995	358.954	2005.6899
52.623	4.13	888.7727
52.623	9.13	721.9197
52.623	14.13	698.1489
52.623	19.13	830.4356
52.623	24.13	610.0454
52.623	29.13	639.7635
52.623	34.13	1249.6702
52.623	39.13	662.8052
52.623	44.13	912.1569
52.623	49.13	698.0864
52.623	54.13	424.6849
52.623	59.13	814.8222
52.623	64.13	1206.6211
52.623	69.13	1213.4721
52.623	74.13	2442.6558
52.623	79.13	1042.6717
52.623	84.13	1567.1477
52.623	89.13	1611.1938
52.623	94.13	2117.8924
52.623	99.13	2185.4747
52.623	104.13	1063.0007
52.623	109.13	1207.2466
52.623	114.13	655.8467
52.623	119.13	422.587
52.623	124.13	544.1204
52.623	129.13	1235.6045
52.623	134.13	1035.6314
52.623	139.13	1000.3015
52.623	144.13	343.6848
52.623	149.13	945.8799
52.623	154.13	386.965
52.623	159.13	626.031
52.623	164.13	637.952
52.623	169.13	507.7744
52.623	174.13	452.6959
52.623	179.13	836.4934
52.623	184.13	907.8887
52.623	189.13	725.6551
52.623	194.13	686.9367
52.623	199.13	681.4484
52.623	204.13	892.2981
52.623	209.13	677.6663
52.623	214.13	319.6575
52.623	219.13	484.6751
52.623	224.13	558.0845
52.623	229.13	884.732
52.623	234.13	372.7215
52.623	239.13	943.7524
52.623	244.13	283.8852
52.623	249.13	729.6965
52.623	254.13	1046.1151
52.623	259.13	1919.5715
52.623	264.13	1562.6809
52.623	269.13	2959.6379
52.623	274.13	2629.4936
52.623	279.13	1572.8543
52.623	284.13	1003.1684
52.623	289.13	1346.8473
52.623	294.13	1066.8252
52.623	299.13	2592.7001
52.623	304.13	461.1253
52.623	309.13	1361.0731
52.623	314.13	1134.2697
52.623	319.13	655.5094
52.623	324.13	633.0598
52.623	329.13	1321.234
52.623	334.13	785.2059
52.623	339.13	859.3886
52.623	344.13	1134.4861
52.623	349.13	1345.2876
52.623	354.13	1539.0092
52.623	359.13	813.9002
55.371	4.07	958.9369
55.371	9.07	866.7544
55.371	14.07	727.9837
55.371	19.07	848.732
55.371	24.07	687.2559
55.371	29.07	631.6054
55.371	34.07	829.7798
55.371	39.07	818.268
55.371	44.07	1281.6743
55.371	49.07	1040.5902
55.371	54.07	564.5892
55.371	59.07	593.0381
55.371	64.07	1397.0219
55.371	69.07	798.3291
55.371	74.07	2047.772
55.371	79.07	1273.7745
55.371	84.07	1910.8642
55.371	89.07	2458.8471
55.371	94.07	2148.9136
55.371	99.07	1975.9226
55.371	104.07	1218.0692
55.371	109.07	1361.807
55.371	114.07	902.8815
55.371	119.07	544.2856
55.371	124.07	767.3192
55.371	129.07	1050.7875
55.371	134.07	1028.1191
55.371	139.07	832.2934
55.371	144.07	440.3737
55.371	149.07	1046.5025
55.371	154.07	426.6484
55.371	159.07	693.8432
55.371	164.07	379.1283
55.371	169.07	434.1916
55.371	174.07	526.469
55.371	179.07	677.9522
55.371	184.07	786.4719
55.371	189.07	642.5928
55.371	194.07	823.2049
55.371	199.07	713.6803
55.371	204.07	664.8123
55.371	209.07	928.6957
55.371	214.07	344.7219
55.371	219.07	461.7318
55.371	224.07	634.4331
55.371	229.07	1391.4268
55.371	234.07	312.516
55.371	239.07	849.5525
55.371	244.07	324.6617
55.371	249.07	971.2667
55.371	254.07	1115.7131
55.371	259.07	2257.227
55.371	264.07	1568.635
55.371	269.07	3212.2175
55.371	274.07	2136.6779
55.371	279.07	1559.1557
55.371	284.07	1441.089
55.371	289.07	1469.9769
55.371	294.07	1089.5842
55.371	299.07	2559.0665
55.371	304.07	462.4307
55.371	309.07	1269.8974
55.371	314.07	615.4304
55.371	319.07	602.1612
55.371	324.07	673.9315
55.371	329.07	991.2731
55.371	334.07	1039.7167
55.371	339.07	935.4267
55.371	344.07	912.6365
55.371	349.07	1014.14
55.371	354.07	1821.909
55.371	359.07	807.8172
59.993	3.6	584.2673
59.993	8.6	485.9225
59.993	13.6	291.04
59.993	18.6	478.1887
59.993	23.6	552.0879
59.993	28.6	544.9734
59.993	33.6	490.673
59.993	38.6	525.4746
59.993	43.6	747.4156
59.993	48.6	779.0995
59.993	53.6	1084.9724
59.993	58.6	979.8115
59.993	63.6	842.9465
59.993	68.6	736.0535
59.993	73.6	932.6856
59.993	78.6	1729.7425
59.993	83.6	3473.2297
59.993	88.6	2511.0184
59.993	93.6	4026.9626
59.993	98.6	2608.0323
59.993	103.6	2148.724
59.993	108.6	1566.0207
59.993	113.6	1709.1861
59.993	118.6	613.9726
59.993	123.6	813.9625
59.993	128.6	1556.5607
59.993	133.6	520.5329
59.993	138.6	412.5765
59.993	143.6	712.2872
59.993	148.6	740.9288
59.993	153.6	1424.3902
59.993	158.6	535.4941
59.993	163.6	222.8821
59.993	168.6	428.4583
59.993	173.6	776.3847
59.993	178.6	320.2956
59.993	183.6	283.2943
59.993	188.6	1233.556
59.993	193.6	529.7767
59.993	198.6	347.2879
59.993	203.6	596.1871
59.993	208.6	1115.8349
59.993	213.6	433.299
59.993	218.6	530.0575
59.993	223.6	991.7815
59.993	228.6	1423.8701
59.993	233.6	252.0934
59.993	238.6	964.6089
59.993	243.6	670.9018
59.993	248.6	1580.649
59.993	253.6	2327.2827
59.993	258.6	3145.3124
59.993	263.6	2046.6523
59.993	268.6	2336.7861
59.993	273.6	2819.5578
59.993	278.6	2725.4524
59.993	283.6	3038.4094
59.993	288.6	1314.0436
59.993	293.6	901.2924
59.993	298.6	928.08
59.993	303.6	1102.2334
59.993	308.6	1522.4082
59.993	313.6	396.3553
59.993	318.6	272.1386
59.993	323.6	792.1802
59.993	328.6	709.1781
59.993	333.6	537.2134
59.993	338.6	260.479
59.993	343.6	517.5123
59.993	348.6	541.8929
59.993	353.6	868.6593
59.993	358.6	653.3847
64.621	3.768	431.8815
64.621	8.768	264.4454
64.621	13.768	234.2205
64.621	18.768	359.5226
64.621	23.768	203.5511
64.621	28.768	602.5372
64.621	33.768	518.1869
64.621	38.768	633.604
64.621	43.768	320.8328
64.621	48.768	722.4634
64.621	53.768	1285.6083
64.621	58.768	1261.3857
64.621	63.768	2759.5436
64.621	68.768	1254.6702
64.621	73.768	1055.6031
64.621	78.768	1551.4956
64.621	83.768	1892.9668
64.621	88.768	2353.2973
64.621	93.768	3057.8629
64.621	98.768	2774.6207
64.621	103.768	1528.9504
64.621	108.768	2738.5391
64.621	113.768	2971.3144
64.621	118.768	557.7202
64.621	123.768	1109.7889
64.621	128.768	950.475
64.621	133.768	762.4465
64.621	138.768	325.3131
64.621	143.768	574.7867
64.621	148.768	1933.6024
64.621	153.768	517.351
64.621	158.768	438.7819
64.621	163.768	791.5012
64.621	168.768	579.6203
64.621	173.768	372.9916
64.621	178.768	443.5578
64.621	183.768	416.3932
64.621	188.768	696.8299
64.621	193.768	527.6953
64.621	198.768	793.0104
64.621	203.768	475.0947
64.621	208.768	715.3686
64.621	213.768	2005.6285
64.621	218.768	765.8826
64.621	223.768	604.5002
64.621	228.768	245.624
64.621	233.768	794.9744
64.621	238.768	886.4506
64.621	243.768	814.6772
64.621	248.768	1121.1329
64.621	253.768	1137.1117
64.621	258.768	4130.0663
64.621	263.768	1647.6724
64.621	268.768	2069.8864
64.621	273.768	6295.0467
64.621	278.768	3037.8202
64.621	283.768	3204.7988
64.621	288.768	2008.9513
64.621	293.768	2134.8535
64.621	298.768	1502.8008
64.621	303.768	479.8637
64.621	308.768	908.2977
64.621	313.768	358.8277
64.621	318.768	769.7084
64.621	323.768	564.4392
64.621	328.768	295.9006
64.621	333.768	196.6825
64.621	338.768	201.587
64.621	343.768	420.3494
64.621	348.768	723.403
64.621	353.768	576.1701
64.621	358.768	365.7255
67.368	3.627	376.9408
67.368	8.627	262.8781
67.368	13.627	198.2859
67.368	18.627	343.2048
67.368	23.627	181.1583
67.368	28.627	525.0555
67.368	33.627	645.0103
67.368	38.627	523.4983
67.368	43.627	329.3096
67.368	48.627	1000.6383
67.368	53.627	902.4497
67.368	58.627	1149.0228
67.368	63.627	2882.1307
67.368	68.627	1228.346
67.368	73.627	1352.3555
67.368	78.627	1424.1371
67.368	83.627	1586.9021
67.368	88.627	2092.9745
67.368	93.627	3036.7609
67.368	98.627	2266.1893
67.368	103.627	1832.1262
67.368	108.627	2522.8252
67.368	113.627	3031.3446
67.368	118.627	594.7114
67.368	123.627	1212.4865
67.368	128.627	850.6937
67.368	133.627	733.8533
67.368	138.627	336.3924
67.368	143.627	498.6207
67.368	148.627	1957.5224
67.368	153.627	501.1418
67.368	158.627	451.8409
67.368	163.627	701.3781
67.368	168.627	538.3444
67.368	173.627	498.4514
67.368	178.627	523.5219
67.368	183.627	604.347
67.368	188.627	686.9776
67.368	193.627	668.3166
67.368	198.627	743.665
67.368	203.627	355.8489
67.368	208.627	577.0234
67.368	213.627	2222.5578
67.368	218.627	1001.2281
67.368	223.627	653.2455
67.368	228.627	324.072
67.368	233.627	836.4061
67.368	238.627	883.1456
67.368	243.627	1101.9399
67.368	248.627	876.1618
67.368	253.627	756.9705
67.368	258.627	3548.518
67.368	263.627	1763.6514
67.368	268.627	1902.9286
67.368	273.627	5690.9637
67.368	278.627	2623.7812
67.368	283.627	2772.2135
67.368	288.627	2305.9296
67.368	293.627	2147.3108
67.368	298.627	1029.3796
67.368	303.627	336.76
67.368	308.627	756.0033
67.368	313.627	389.3118
67.368	318.627	819.8738
67.368	323.627	444.1608
67.368	328.627	489.4101
67.368	333.627	243.8006
67.368	338.627	229.7076
67.368	343.627	362.6807
67.368	348.627	724.7034
67.368	353.627	801.8089
67.368	358.627	237.8146
71.987	2.736	548.6225
71.987	7.736	650.7484
71.987	12.736	285.0171
71.987	17.736	199.6692
71.987	22.736	237.7989
71.987	27.736	330.9348
71.987	32.736	203.9174
71.987	37.736	452.777
71.987	42.736	270.8772
71.987	47.736	608.5736
71.987	52.736	378.6471
71.987	57.736	793.0109
71.987	62.736	953.4458
71.987	67.736	1269.0063
71.987	72.736	1783.6517
71.987	77.736	970.2954
71.987	82.736	1347.738
71.987	87.736	952.4472
71.987	92.736	2767.6465
71.987	97.736	2122.7282
71.987	102.736	2646.5198
71.987	107.736	1528.418
71.987	112.736	1523.4997
71.987	117.736	573.1955
71.987	122.736	991.6178
71.987	127.736	702.135
71.987	132.736	540.9167
71.987	137.736	451.5568
71.987	142.736	205.2284
71.987	147.736	558.1858
71.987	152.736	510.655
71.987	157.736	466.6123
71.987	162.736	652.7907
71.987	167.736	667.0583
71.987	172.736	702.9089
71.987	177.736	997.9556
71.987	182.736	1228.6896
71.987	187.736	1162.4935
71.987	192.736	611.9562
71.987	197.736	273.3607
71.987	202.736	160.4412
71.987	207.736	289.5991
71.987	212.736	737.5743
71.987	217.736	847.4531
71.987	222.736	510.3994
71.987	227.736	417.3065
71.987	232.736	678.5789
71.987	237.736	683.2673
71.987	242.736	2388.3034
71.987	247.736	1749.7354
71.987	252.736	3055.0251
71.987	257.736	1740.9377
71.987	262.736	2546.9757
71.987	267.736	2300.0075
71.987	272.736	2228.9769
71.987	277.736	2462.7309
71.987	282.736	1722.1265
71.987	287.736	1302.6672
71.987	292.736	1702.721
71.987	297.736	816.0837
71.987	302.736	449.3915
71.987	307.736	569.2618
71.987	312.736	353.0136
71.987	317.736	277.4643
71.987	322.736	1014.2484
71.987	327.736	1190.0354
71.987	332.736	498.9093
71.987	337.736	576.7792
71.987	342.736	220.4247
71.987	347.736	287.7051
71.987	352.736	2202.2265
71.987	357.736	539.7586
76.616	2.718	302.1882
76.616	7.718	973.8294
76.616	12.718	745.0806
76.616	17.718	269.3239
76.616	22.718	435.0106
76.616	27.718	479.5741
76.616	32.718	203.2142
76.616	37.718	321.5501
76.616	42.718	870.4606
76.616	47.718	980.9805
76.616	52.718	1149.0564
76.616	57.718	1817.5992
76.616	62.718	799.7748
76.616	67.718	1149.7859
76.616	72.718	999.4964
76.616	77.718	1030.7556
76.616	82.718	792.8245
76.616	87.718	661.1529
76.616	92.718	1353.6151
76.616	97.718	2308.4148
76.616	102.718	1689.3219
76.616	107.718	1889.1891
76.616	112.718	1720.9445
76.616	117.718	1000.7234
76.616	122.718	444.4009
76.616	127.718	432.1555
76.616	132.718	543.938
76.616	137.718	739.1809
76.616	142.718	532.6584
76.616	147.718	830.3283
76.616	152.718	625.2203
76.616	157.718	320.3493
76.616	162.718	1014.54
76.616	167.718	1011.8398
76.616	172.718	1510.8321
76.616	177.718	1361.1611
76.616	182.718	915.3129
76.616	187.718	515.2259
76.616	192.718	247.7524
76.616	197.718	275.1429
76.616	202.718	153.4319
76.616	207.718	181.9197
76.616	212.718	251.7393
76.616	217.718	316.7951
76.616	222.718	299.382
76.616	227.718	275.4953
76.616	232.718	473.6506
76.616	237.718	716.2251
76.616	242.718	1684.5409
76.616	247.718	1762.4412
76.616	252.718	2667.9237
76.616	257.718	1312.089
76.616	262.718	1066.1795
76.616	267.718	1034.5936
76.616	272.718	1082.254
76.616	277.718	1938.5679
76.616	282.718	1872.3
76.616	287.718	1542.5391
76.616	292.718	2100.7347
76.616	297.718	2047.0711
76.616	302.718	645.2437
76.616	307.718	754.8183
76.616	312.718	659.1633
76.616	317.718	474.8731
76.616	322.718	538.7145
76.616	327.718	716.1743
76.616	332.718	887.1425
76.616	337.718	1588.636
76.616	342.718	864.8798
76.616	347.718	571.2285
76.616	352.718	565.6363
76.616	357.718	239.912
79.361	2.138	270.2427
79.361	7.138	670.9017
79.361	12.138	594.1018
79.361	17.138	395.2402
79.361	22.138	432.5487
79.361	27.138	464.0332
79.361	32.138	311.0973
79.361	37.138	618.0449
79.361	42.138	1011.7508
79.361	47.138	1322.155
79.361	52.138	1335.7372
79.361	57.138	1879.2776
79.361	62.138	825.3046
79.361	67.138	854.9819
79.361	72.138	876.2415
79.361	77.138	991.1418
79.361	82.138	770.4751
79.361	87.138	851.8746
79.361	92.138	1304.6124
79.361	97.138	1627.2035
79.361	102.138	1569.2754
79.361	107.138	1971.8882
79.361	112.138	1974.2043
79.361	117.138	1556.8764
79.361	122.138	522.8739
79.361	127.138	560.8863
79.361	132.138	527.9634
79.361	137.138	985.3865
79.361	142.138	754.4452
79.361	147.138	1595.8553
79.361	152.138	1081.7203
79.361	157.138	451.2645
79.361	162.138	1727.4247
79.361	167.138	1412.931
79.361	172.138	1476.9247
79.361	177.138	1206.9589
79.361	182.138	727.6332
79.361	187.138	424.9075
79.361	192.138	287.9257
79.361	197.138	301.3873
79.361	202.138	245.343
79.361	207.138	329.7282
79.361	212.138	343.9983
79.361	217.138	397.353
79.361	222.138	396.801
79.361	227.138	351.7378
79.361	232.138	695.0829
79.361	237.138	1159.3954
79.361	242.138	1686.3941
79.361	247.138	1227.8249
79.361	252.138	1890.597
79.361	257.138	1588.3444
79.361	262.138	1230.6794
79.361	267.138	918.0602
79.361	272.138	858.9108
79.361	277.138	1171.2049
79.361	282.138	1732.5813
79.361	287.138	1585.8286
79.361	292.138	1718.9192
79.361	297.138	1305.0632
79.361	302.138	523.1652
79.361	307.138	776.6417
79.361	312.138	584.6203
79.361	317.138	482.3501
79.361	322.138	475.0046
79.361	327.138	568.2832
79.361	332.138	979.6916
79.361	337.138	1528.0785
79.361	342.138	1291.498
79.361	347.138	788.8372
79.361	352.138	484.4216
79.361	357.138	236.068
83.959	3.333	384.953
83.959	8.333	523.6326
83.959	13.333	603.745
83.959	18.333	545.1563
83.959	23.333	648.3254
83.959	28.333	559.3849
83.959	33.333	574.5753
83.959	38.333	738.1995
83.959	43.333	750.0258
83.959	48.333	808.7372
83.959	53.333	886.8812
83.959	58.333	617.611
83.959	63.333	550.2051
83.959	68.333	651.5834
83.959	73.333	752.0879
83.959	78.333	885.081
83.959	83.333	1167.3157
83.959	88.333	1128.9191
83.959	93.333	1308.5748
83.959	98.333	1481.4934
83.959	103.333	1174.7998
83.959	108.333	1546.2899
83.959	113.333	1435.6468
83.959	118.333	1258.1457
83.959	123.333	1704.0775
83.959	128.333	1913.2566
83.959	133.333	2523.2104
83.959	138.333	2985.4829
83.959	143.333	2791.2179
83.959	148.333	2085.3671
83.959	153.333	2019.3364
83.959	158.333	3378.0132
83.959	163.333	2672.2112
83.959	168.333	2076.4454
83.959	173.333	1712.2059
83.959	178.333	1172.631
83.959	183.333	819.6595
83.959	188.333	646.0636
83.959	193.333	642.3091
83.959	198.333	778.4297
83.959	203.333	826.5892
83.959	208.333	697.0235
83.959	213.333	632.6254
83.959	218.333	437.3341
83.959	223.333	638.4933
83.959	228.333	1157.5942
83.959	233.333	1588.1965
83.959	238.333	1405.0925
83.959	243.333	1105.8345
83.959	248.333	1813.401
83.959	253.333	2323.2217
83.959	258.333	1937.8859
83.959	263.333	1484.2353
83.959	268.333	963.7366
83.959	273.333	902.7086
83.959	278.333	900.1036
83.959	283.333	1121.5897
83.959	288.333	867.7403
83.959	293.333	521.272
83.959	298.333	668.2804
83.959	303.333	633.071
83.959	308.333	579.5291
83.959	313.333	558.5784
83.959	318.333	606.0299
83.959	323.333	553.0842
83.959	328.333	605.3669
83.959	333.333	818.4564
83.959	338.333	961.6946
83.959	343.333	522.8457
83.959	348.333	355.2266
83.959	353.333	311.983
83.959	358.333	310.5413
88.528	1.029	2725.9607
88.528	6.029	3035.4844
88.528	11.029	3037.2991
88.528	16.029	3406.7269
88.528	21.029	3411.0956
88.528	26.029	3354.263
88.528	31.029	3331.389
88.528	36.029	3192.5836
88.528	41.029	3248.5645
88.528	46.029	3203.1834
88.528	51.029	3238.1768
88.528	56.029	3133.566
88.528	61.029	3008.354
88.528	66.029	2979.2772
88.528	71.029	3135.4808
88.528	76.029	3017.2983
88.528	81.029	2767.0124
88.528	86.029	2446.0094
88.528	91.029	2203.9184
88.528	96.029	2206.9243
88.528	101.029	2139.4478
88.528	106.029	2160.5115
88.528	111.029	2500.131
88.528	116.029	3127.0165
88.528	121.029	3752.4179
88.528	126.029	3976.4121
88.528	131.029	4188.5791
88.528	136.029	4320.3722
88.528	141.029	4158.7629
88.528	146.029	4132.8825
88.528	151.029	3767.3499
88.528	156.029	3264.0523
88.528	161.029	2871.7334
88.528	166.029	2598.6505
88.528	171.029	2465.0975
88.528	176.029	2220.1165
88.528	181.029	1909.667
88.528	186.029	1632.3002
88.528	191.029	1511.02
88.528	196.029	1600.5089
88.528	201.029	1780.9993
88.528	206.029	1944.7099
88.528	211.029	2046.2976
88.528	216.029	2116.5615
88.528	221.029	2209.5834
88.528	226.029	2204.2851
88.528	231.029	2195.6717
88.528	236.029	2137.1087
88.528	241.029	2193.656
88.528	246.029	2151.7041
88.528	251.029	1876.3979
88.528	256.029	1658.8879
88.528	261.029	1653.7826
88.528	266.029	1493.8577
88.528	271.029	1473.5426
88.528	276.029	1388.4472
88.528	281.029	1343.3833
88.528	286.029	1236.3158
88.528	291.029	1385.9072
88.528	296.029	1394.1951
88.528	301.029	1374.6161
88.528	306.029	1440.1596
88.528	311.029	1364.1305
88.528	316.029	1446.7221
88.528	321.029	1508.3537
88.528	326.029	1675.1239
88.528	331.029	1923.5135
88.528	336.029	2251.1411
88.528	341.029	2301.9143
88.528	346.029	2573.3398
88.528	351.029	2575.5767
88.528	356.029	2630.8889
