>BT8; Created QKowari;
>grid: 
>backgr: 
-2.0
0	0.3	30.3639
0	5.3	0
0	10.3	136.2389
0	15.3	117.084
0	20.3	22.0204
0	25.3	0
0	30.3	184.1773
0	35.3	176.5444
0	40.3	352.423
0	45.3	108.248
0	50.3	197.2822
0	55.3	63.2764
0	60.3	1091.2404
0	65.3	831.8709
0	70.3	530.2752
0	75.3	118.5259
0	80.3	475.647
0	85.3	1854.5956
0	90.3	1209.8998
0	95.3	1011.973
0	100.3	1267.5796
0	105.3	209.9619
0	110.3	712.1206
0	115.3	223.793
0	120.3	141.3782
0	125.3	377.0505
0	130.3	588.622
0	135.3	110.5469
0	140.3	179.5093
0	145.3	188.4803
0	150.3	559.9735
0	155.3	45.2338
0	160.3	55.9411
0	165.3	52.4201
0	170.3	0
0	175.3	53.5135
0	180.3	32.9065
0	185.3	0
0	190.3	238.5832
0	195.3	91.5634
0	200.3	24.5027
0	205.3	23.1906
0	210.3	159.409
0	215.3	204.883
0	220.3	290.4788
0	225.3	317.3586
0	230.3	135.2284
0	235.3	102.8725
0	240.3	491.7629
0	245.3	1190.1647
0	250.3	611.2698
0	255.3	130.0464
0	260.3	320.6633
0	265.3	886.6938
0	270.3	660.9818
0	275.3	1381.565
0	280.3	416.848
0	285.3	253.6057
0	290.3	793.6481
0	295.3	135.6445
0	300.3	139.1411
0	305.3	282.6319
0	310.3	862.2679
0	315.3	132.0677
0	320.3	111.3934
0	325.3	141.9011
0	330.3	241.2815
0	335.3	179.1046
0	340.3	0
0	345.3	26.8568
0	350.3	0.7074
0	355.3	5.7143
4.97	0.459	30.4635
4.97	5.459	0
4.97	10.459	484.5376
4.97	15.459	0
4.97	20.459	13.353
4.97	25.459	60.4219
4.97	30.459	659.5397
4.97	35.459	129.3145
4.97	40.459	236.8156
4.97	45.459	147.1106
4.97	50.459	14.0443
4.97	55.459	78.3699
4.97	60.459	78.3461
4.97	65.459	603.313
4.97	70.459	1361.9779
4.97	75.459	155.3393
4.97	80.459	1239.1195
4.97	85.459	572.87
4.97	90.459	307.5645
4.97	95.459	1479.7051
4.97	100.459	128.598
4.97	105.459	1153.4639
4.97	110.459	923.7045
4.97	115.459	638.7139
4.97	120.459	912.4696
4.97	125.459	118.7101
4.97	130.459	590.8059
4.97	135.459	616.3707
4.97	140.459	186.41
4.97	145.459	204.7135
4.97	150.459	427.9659
4.97	155.459	933.6615
4.97	160.459	34.1666
4.97	165.459	68.6316
4.97	170.459	11.5381
4.97	175.459	0
4.97	180.459	61.1996
4.97	185.459	8.7759
4.97	190.459	124.9062
4.97	195.459	0
4.97	200.459	0
4.97	205.459	0
4.97	210.459	301.8579
4.97	215.459	707.9263
4.97	220.459	342.1864
4.97	225.459	158.6475
4.97	230.459	170.3811
4.97	235.459	57.1123
4.97	240.459	789.3678
4.97	245.459	167.5165
4.97	250.459	821.7907
4.97	255.459	58.3783
4.97	260.459	415.9966
4.97	265.459	1262.116
4.97	270.459	1398.808
4.97	275.459	1097.8564
4.97	280.459	2406.7585
4.97	285.459	233.4003
4.97	290.459	258.2634
4.97	295.459	1510.4294
4.97	300.459	2054.1833
4.97	305.459	138.3023
4.97	310.459	331.2153
4.97	315.459	199.8982
4.97	320.459	236.475
4.97	325.459	159.8791
4.97	330.459	262.0733
4.97	335.459	398.0302
4.97	340.459	7.7138
4.97	345.459	15.8778
4.97	350.459	21.0844
4.97	355.459	3.5688
7.03	0.461	60.1404
7.03	5.461	31.33975
7.03	10.461	354.2825
7.03	15.461	0
7.03	20.461	30.55775
7.03	25.461	318.0595
7.03	30.461	631.1901
7.03	35.461	81.70825
7.03	40.461	263.5964
7.03	45.461	252.81335
7.03	50.461	15.3662
7.03	55.461	49.68995
7.03	60.461	75.6293
7.03	65.461	99.7045
7.03	70.461	758.0458
7.03	75.461	97.76295
7.03	80.461	547.4443
7.03	85.461	469.962
7.03	90.461	502.91695
7.03	95.461	3877.66465
7.03	100.461	107.4445
7.03	105.461	762.4119
7.03	110.461	756.4958
7.03	115.461	501.94925
7.03	120.461	1233.9977
7.03	125.461	79.4832
7.03	130.461	381.37765
7.03	135.461	517.1283
7.03	140.461	87.95255
7.03	145.461	663.9291
7.03	150.461	1050.156
7.03	155.461	1033.27845
7.03	160.461	143.80925
7.03	165.461	29.90425
7.03	170.461	18.13055
7.03	175.461	47.6723
7.03	180.461	97.4765
7.03	185.461	53.0926
7.03	190.461	59.8638
7.03	195.461	0.1743
7.03	200.461	23.96935
7.03	205.461	12.6759
7.03	210.461	352.46975
7.03	215.461	1003.4791
7.03	220.461	239.0656
7.03	225.461	127.3857
7.03	230.461	52.41135
7.03	235.461	99.73225
7.03	240.461	242.8896
7.03	245.461	349.06655
7.03	250.461	1362.4811
7.03	255.461	13.8516
7.03	260.461	987.19015
7.03	265.461	253.90885
7.03	270.461	405.07355
7.03	275.461	670.80685
7.03	280.461	1281.19405
7.03	285.461	177.50355
7.03	290.461	169.152
7.03	295.461	2792.5221
7.03	300.461	1116.31675
7.03	305.461	42.8524
7.03	310.461	286.81925
7.03	315.461	326.94155
7.03	320.461	100.1696
7.03	325.461	355.48445
7.03	330.461	157.3327
7.03	335.461	413.9158
7.03	340.461	32.01835
7.03	345.461	43.5131
7.03	350.461	25.55095
7.03	355.461	28.54765
12	0.307	16.4506
12	5.307	8.1815
12	10.307	34.2604
12	15.307	0
12	20.307	369.5
12	25.307	276.0431
12	30.307	159.6055
12	35.307	21.0338
12	40.307	1223.4412
12	45.307	330.7023
12	50.307	87.102
12	55.307	98.2001
12	60.307	36.8379
12	65.307	107.0933
12	70.307	197.7216
12	75.307	243.451
12	80.307	375.7865
12	85.307	1068.0042
12	90.307	329.6626
12	95.307	4239.2896
12	100.307	364.5972
12	105.307	59.1286
12	110.307	760.4785
12	115.307	169.2798
12	120.307	316.1677
12	125.307	135.8326
12	130.307	198.6295
12	135.307	235.1634
12	140.307	33.8298
12	145.307	815.6546
12	150.307	1092.7197
12	155.307	225.1736
12	160.307	101.5135
12	165.307	30.2533
12	170.307	78.4374
12	175.307	788.4716
12	180.307	20.0857
12	185.307	216.1587
12	190.307	24.763
12	195.307	0
12	200.307	117.6637
12	205.307	234.8682
12	210.307	204.8365
12	215.307	20.962
12	220.307	233.6396
12	225.307	409.7821
12	230.307	189.2517
12	235.307	113.3628
12	240.307	157.1449
12	245.307	684.2303
12	250.307	569.3065
12	255.307	0
12	260.307	1462.7829
12	265.307	54.4178
12	270.307	652.2162
12	275.307	142.3594
12	280.307	258.5138
12	285.307	140.7189
12	290.307	77.271
12	295.307	1410.1408
12	300.307	84.9092
12	305.307	14.1768
12	310.307	2220.9336
12	315.307	165.7123
12	320.307	50.3388
12	325.307	262.7328
12	330.307	505.8867
12	335.307	667.4902
12	340.307	105.6017
12	345.307	271.3279
12	350.307	53.7263
12	355.307	32.4355
16.969	0.478	117.3511
16.969	5.478	11.3735
16.969	10.478	99.608
16.969	15.478	183.7555
16.969	20.478	394.1256
16.969	25.478	84.398
16.969	30.478	128.0759
16.969	35.478	72.4561
16.969	40.478	967.2697
16.969	45.478	79.9426
16.969	50.478	99.8842
16.969	55.478	57.3345
16.969	60.478	92.9611
16.969	65.478	86.8371
16.969	70.478	265.6255
16.969	75.478	267.6395
16.969	80.478	212.5921
16.969	85.478	761.9233
16.969	90.478	67.826
16.969	95.478	267.6514
16.969	100.478	1565.186
16.969	105.478	34.2135
16.969	110.478	140.2635
16.969	115.478	129.5925
16.969	120.478	341.9005
16.969	125.478	141.9017
16.969	130.478	122.7526
16.969	135.478	1516.3883
16.969	140.478	65.3235
16.969	145.478	135.122
16.969	150.478	127.8536
16.969	155.478	1183.157
16.969	160.478	39.32
16.969	165.478	258.5425
16.969	170.478	0
16.969	175.478	164.9392
16.969	180.478	185.7077
16.969	185.478	40.1148
16.969	190.478	134.0687
16.969	195.478	7.2431
16.969	200.478	103.6397
16.969	205.478	94.0409
16.969	210.478	14.6231
16.969	215.478	48.8187
16.969	220.478	240.1403
16.969	225.478	165.6793
16.969	230.478	352.4293
16.969	235.478	6.4447
16.969	240.478	19.6954
16.969	245.478	470.1551
16.969	250.478	58.2993
16.969	255.478	0
16.969	260.478	441.5561
16.969	265.478	30.7318
16.969	270.478	1074.1226
16.969	275.478	101.1097
16.969	280.478	105.8517
16.969	285.478	309.8275
16.969	290.478	201.7735
16.969	295.478	302.5024
16.969	300.478	8.5855
16.969	305.478	21.6484
16.969	310.478	2114.6008
16.969	315.478	43.2202
16.969	320.478	95.7016
16.969	325.478	456.5913
16.969	330.478	624.4168
16.969	335.478	426.7525
16.969	340.478	104.9266
16.969	345.478	689.1513
16.969	350.478	82.8296
16.969	355.478	0
19.03	0.484	167.0213
19.03	5.484	81.5409
19.03	10.484	164.8286
19.03	15.484	264.8696
19.03	20.484	384.098
19.03	25.484	119.4459
19.03	30.484	660.448
19.03	35.484	235.338
19.03	40.484	582.9472
19.03	45.484	69.9419
19.03	50.484	191.4405
19.03	55.484	124.4036
19.03	60.484	75.9546
19.03	65.484	41.1744
19.03	70.484	58.9738
19.03	75.484	184.5261
19.03	80.484	0
19.03	85.484	886.9598
19.03	90.484	105.8951
19.03	95.484	107.5583
19.03	100.484	1255.6286
19.03	105.484	468.1318
19.03	110.484	82.7432
19.03	115.484	126.1878
19.03	120.484	277.623
19.03	125.484	43.1943
19.03	130.484	32.7867
19.03	135.484	1493.044
19.03	140.484	24.2384
19.03	145.484	140.6883
19.03	150.484	124.1621
19.03	155.484	1150.5221
19.03	160.484	201.0053
19.03	165.484	344.5895
19.03	170.484	71.866
19.03	175.484	169.5976
19.03	180.484	288.7265
19.03	185.484	18.7282
19.03	190.484	75.6357
19.03	195.484	22.979
19.03	200.484	126.9259
19.03	205.484	159.0617
19.03	210.484	81.9588
19.03	215.484	142.9449
19.03	220.484	184.1135
19.03	225.484	105.0069
19.03	230.484	311.4681
19.03	235.484	8.8327
19.03	240.484	17.5831
19.03	245.484	203.2733
19.03	250.484	85.503
19.03	255.484	16.3525
19.03	260.484	250.5342
19.03	265.484	20.0576
19.03	270.484	672.6272
19.03	275.484	188.24
19.03	280.484	320.9996
19.03	285.484	316.0997
19.03	290.484	64.8872
19.03	295.484	149.5513
19.03	300.484	0
19.03	305.484	1.798
19.03	310.484	852.3129
19.03	315.484	69.5206
19.03	320.484	213.3475
19.03	325.484	340.6087
19.03	330.484	495.4573
19.03	335.484	192.0411
19.03	340.484	45.8071
19.03	345.484	403.663
19.03	350.484	145.2299
19.03	355.484	10.8045
24	0.328	334.8944
24	5.328	161.5846
24	10.328	292.7578
24	15.328	267.1362
24	20.328	229.7992
24	25.328	77.3954
24	30.328	635.6675
24	35.328	261.9471
24	40.328	54.4584
24	45.328	5.056
24	50.328	128.6291
24	55.328	177.4965
24	60.328	100.5208
24	65.328	72.043
24	70.328	314.4617
24	75.328	69.6488
24	80.328	37.4657
24	85.328	967.5
24	90.328	124.9047
24	95.328	115.8513
24	100.328	140.7121
24	105.328	1313.7881
24	110.328	54.7856
24	115.328	156.1279
24	120.328	41.3291
24	125.328	24.6168
24	130.328	48.1179
24	135.328	33.9223
24	140.328	141.6488
24	145.328	62.6898
24	150.328	74.7629
24	155.328	180.526
24	160.328	83.2341
24	165.328	45.0223
24	170.328	272.5905
24	175.328	271.1749
24	180.328	229.5279
24	185.328	367.0985
24	190.328	79.0119
24	195.328	0
24	200.328	456.6788
24	205.328	253.9337
24	210.328	331.9021
24	215.328	54.4173
24	220.328	71.8296
24	225.328	81.8658
24	230.328	36.7513
24	235.328	54.5616
24	240.328	29.7317
24	245.328	160.2318
24	250.328	58.1205
24	255.328	29.1175
24	260.328	83.4166
24	265.328	113.4744
24	270.328	337.7682
24	275.328	160.9717
24	280.328	651.5436
24	285.328	192.1897
24	290.328	23.5991
24	295.328	15.4354
24	300.328	174.4539
24	305.328	51.5859
24	310.328	113.1721
24	315.328	89.7115
24	320.328	225.3661
24	325.328	85.268
24	330.328	404.2734
24	335.328	247.9737
24	340.328	320.7243
24	345.328	41.3169
24	350.328	115.188
24	355.328	62.2938
28.969	0.523	143.7758
28.969	5.523	281.8827
28.969	10.523	104.5916
28.969	15.523	382.5409
28.969	20.523	427.7492
28.969	25.523	97.772
28.969	30.523	123.2218
28.969	35.523	52.8892
28.969	40.523	9.6286
28.969	45.523	0
28.969	50.523	2.8494
28.969	55.523	20.66
28.969	60.523	97.709
28.969	65.523	213.3273
28.969	70.523	97.9971
28.969	75.523	73.455
28.969	80.523	51.8387
28.969	85.523	242.7204
28.969	90.523	70.9292
28.969	95.523	92.6803
28.969	100.523	114.4753
28.969	105.523	489.3182
28.969	110.523	3.8147
28.969	115.523	241.9935
28.969	120.523	0
28.969	125.523	91.8937
28.969	130.523	90.0612
28.969	135.523	19.5432
28.969	140.523	101.5328
28.969	145.523	26.2871
28.969	150.523	213.3244
28.969	155.523	18.2741
28.969	160.523	21.9381
28.969	165.523	71.584
28.969	170.523	465.8613
28.969	175.523	243.4308
28.969	180.523	417.5113
28.969	185.523	503.6235
28.969	190.523	190.6378
28.969	195.523	95.337
28.969	200.523	208.0864
28.969	205.523	86.6665
28.969	210.523	140.0633
28.969	215.523	0
28.969	220.523	27.0229
28.969	225.523	17.0092
28.969	230.523	0
28.969	235.523	31.387
28.969	240.523	87.8147
28.969	245.523	61.7181
28.969	250.523	193.6214
28.969	255.523	74.8552
28.969	260.523	301.6012
28.969	265.523	420.1153
28.969	270.523	218.2679
28.969	275.523	76.813
28.969	280.523	41.5828
28.969	285.523	764.2953
28.969	290.523	43.0977
28.969	295.523	30.4842
28.969	300.523	236.0865
28.969	305.523	17.1358
28.969	310.523	85.4583
28.969	315.523	21.3452
28.969	320.523	242.0763
28.969	325.523	159.1814
28.969	330.523	23.2463
28.969	335.523	45.3125
28.969	340.523	335.0476
28.969	345.523	208.4165
28.969	350.523	272.045
28.969	355.523	78.3491
31.029	0.534	210.0365
31.029	5.534	480.4442
31.029	10.534	280.5298
31.029	15.534	486.9156
31.029	20.534	277.6845
31.029	25.534	96.7999
31.029	30.534	75.8722
31.029	35.534	41.1781
31.029	40.534	0
31.029	45.534	0
31.029	50.534	27.2125
31.029	55.534	54.768
31.029	60.534	82.0636
31.029	65.534	234.8106
31.029	70.534	123.7722
31.029	75.534	45.9189
31.029	80.534	50.6857
31.029	85.534	159.7582
31.029	90.534	171.1458
31.029	95.534	67.492
31.029	100.534	108.5682
31.029	105.534	160.6986
31.029	110.534	56.1325
31.029	115.534	129.4002
31.029	120.534	0.4353
31.029	125.534	33.0135
31.029	130.534	109.4777
31.029	135.534	14.2257
31.029	140.534	69.7903
31.029	145.534	0
31.029	150.534	257.6003
31.029	155.534	32.6943
31.029	160.534	64.164
31.029	165.534	94.6659
31.029	170.534	259.2887
31.029	175.534	162.5778
31.029	180.534	593.5103
31.029	185.534	256.3694
31.029	190.534	305.5911
31.029	195.534	139.0304
31.029	200.534	243.3411
31.029	205.534	46.5609
31.029	210.534	90.7141
31.029	215.534	7.1898
31.029	220.534	11.4047
31.029	225.534	0
31.029	230.534	8.4862
31.029	235.534	2.6371
31.029	240.534	46.0303
31.029	245.534	116.2555
31.029	250.534	208.0936
31.029	255.534	55.0699
31.029	260.534	220.7047
31.029	265.534	589.9077
31.029	270.534	305.7397
31.029	275.534	98.7063
31.029	280.534	60.4787
31.029	285.534	798.6154
31.029	290.534	79.4888
31.029	295.534	27.9954
31.029	300.534	337.3794
31.029	305.534	18.1324
31.029	310.534	37.0598
31.029	315.534	72.597
31.029	320.534	292.766
31.029	325.534	150.9514
31.029	330.534	32.0688
31.029	335.534	111.5891
31.029	340.534	317.0004
31.029	345.534	215.1847
31.029	350.534	233.2473
31.029	355.534	159.5304
35.999	0.371	181.5749
35.999	5.371	249.6947
35.999	10.371	370.7502
35.999	15.371	347.8321
35.999	20.371	213.8195
35.999	25.371	128.2027
35.999	30.371	30.2819
35.999	35.371	57.1061
35.999	40.371	0
35.999	45.371	9.8146
35.999	50.371	1.2877
35.999	55.371	11.8864
35.999	60.371	22.7016
35.999	65.371	216.136
35.999	70.371	26.6429
35.999	75.371	168.8517
35.999	80.371	85.2417
35.999	85.371	72.7791
35.999	90.371	154.3602
35.999	95.371	102.6675
35.999	100.371	296.0025
35.999	105.371	219.5733
35.999	110.371	76.387
35.999	115.371	125.988
35.999	120.371	57.2972
35.999	125.371	43.2589
35.999	130.371	14.4651
35.999	135.371	22.7987
35.999	140.371	52.8602
35.999	145.371	11.9998
35.999	150.371	26.1924
35.999	155.371	38.3783
35.999	160.371	32.1438
35.999	165.371	56.7768
35.999	170.371	168.4736
35.999	175.371	513.8678
35.999	180.371	347.5799
35.999	185.371	213.9626
35.999	190.371	166.3445
35.999	195.371	75.369
35.999	200.371	111.9503
35.999	205.371	30.6849
35.999	210.371	0
35.999	215.371	0
35.999	220.371	5.0699
35.999	225.371	33.8217
35.999	230.371	0
35.999	235.371	0
35.999	240.371	0
35.999	245.371	107.0796
35.999	250.371	173.7012
35.999	255.371	40.1794
35.999	260.371	126.1828
35.999	265.371	491.5064
35.999	270.371	356.1614
35.999	275.371	322.7738
35.999	280.371	190.8678
35.999	285.371	94.4925
35.999	290.371	149.3608
35.999	295.371	57.784
35.999	300.371	215.147
35.999	305.371	35.929
35.999	310.371	71.9466
35.999	315.371	127.7931
35.999	320.371	221.561
35.999	325.371	8.0408
35.999	330.371	28.221
35.999	335.371	227.9697
35.999	340.371	57.5721
35.999	345.371	170.8629
35.999	350.371	222.6972
35.999	355.371	163.3249
40.968	0.605	45.6851
40.968	5.605	76.1164
40.968	10.605	119.4459
40.968	15.605	40.983
40.968	20.605	84.2239
40.968	25.605	3.7746
40.968	30.605	9.9751
40.968	35.605	129.3024
40.968	40.605	55.4216
40.968	45.605	0
40.968	50.605	13.2924
40.968	55.605	0
40.968	60.605	2.045
40.968	65.605	107.1926
40.968	70.605	37.9449
40.968	75.605	51.6132
40.968	80.605	72.9539
40.968	85.605	129.9025
40.968	90.605	157.3061
40.968	95.605	395.2307
40.968	100.605	216.1036
40.968	105.605	244.0649
40.968	110.605	86.5168
40.968	115.605	30.7688
40.968	120.605	20.4772
40.968	125.605	0
40.968	130.605	0
40.968	135.605	66.5172
40.968	140.605	58.5034
40.968	145.605	80.2647
40.968	150.605	27.8156
40.968	155.605	97.6727
40.968	160.605	132.4612
40.968	165.605	91.1213
40.968	170.605	122.8008
40.968	175.605	204.3692
40.968	180.605	120.7427
40.968	185.605	137.9674
40.968	190.605	55.2493
40.968	195.605	65.398
40.968	200.605	49.678
40.968	205.605	33.9774
40.968	210.605	2.316
40.968	215.605	32.3706
40.968	220.605	5.9229
40.968	225.605	0
40.968	230.605	22.1127
40.968	235.605	0
40.968	240.605	5.0508
40.968	245.605	149.8765
40.968	250.605	87.2537
40.968	255.605	86.253
40.968	260.605	246.2604
40.968	265.605	413.5763
40.968	270.605	197.9432
40.968	275.605	151.194
40.968	280.605	213.4108
40.968	285.605	50.2385
40.968	290.605	507.8026
40.968	295.605	103.572
40.968	300.605	42.8784
40.968	305.605	103.94
40.968	310.605	139.4429
40.968	315.605	0
40.968	320.605	183.3737
40.968	325.605	51.4038
40.968	330.605	0
40.968	335.605	39.0595
40.968	340.605	68.3839
40.968	345.605	52.3229
40.968	350.605	53.9879
40.968	355.605	76.1938
43.029	0.625	70.7008
43.029	5.625	124.6161
43.029	10.625	223.6551
43.029	15.625	39.2686
43.029	20.625	122.1963
43.029	25.625	0
43.029	30.625	0
43.029	35.625	140.691
43.029	40.625	101.7719
43.029	45.625	39.8905
43.029	50.625	15.5818
43.029	55.625	12.5602
43.029	60.625	38.6513
43.029	65.625	96.3371
43.029	70.625	174.1006
43.029	75.625	35.6947
43.029	80.625	70.2292
43.029	85.625	300.5953
43.029	90.625	252.8334
43.029	95.625	392.4905
43.029	100.625	359.2724
43.029	105.625	62.068
43.029	110.625	126.3119
43.029	115.625	61.8461
43.029	120.625	22.3819
43.029	125.625	0
43.029	130.625	25.6233
43.029	135.625	130.2844
43.029	140.625	11.1696
43.029	145.625	28.5325
43.029	150.625	9.5173
43.029	155.625	47.0652
43.029	160.625	166.6338
43.029	165.625	84.7779
43.029	170.625	150.6819
43.029	175.625	184.8468
43.029	180.625	91.3719
43.029	185.625	128.4749
43.029	190.625	5.6495
43.029	195.625	142.8408
43.029	200.625	29.4552
43.029	205.625	26.876
43.029	210.625	23.1558
43.029	215.625	0
43.029	220.625	14.2367
43.029	225.625	63.9973
43.029	230.625	35.9858
43.029	235.625	28.5334
43.029	240.625	35.8694
43.029	245.625	160.2274
43.029	250.625	39.4577
43.029	255.625	130.0748
43.029	260.625	188.3373
43.029	265.625	179.7081
43.029	270.625	134.3011
43.029	275.625	65.4242
43.029	280.625	240.7687
43.029	285.625	58.0701
43.029	290.625	378.8589
43.029	295.625	54.0284
43.029	300.625	47.717
43.029	305.625	72.6336
43.029	310.625	120.1618
43.029	315.625	16.5819
43.029	320.625	117.144
43.029	325.625	37.5897
43.029	330.625	93.9041
43.029	335.625	47.9452
43.029	340.625	99.0154
43.029	345.625	30.8045
43.029	350.625	46.2902
43.029	355.625	100.9957
47.999	0.448	50.9977
47.999	5.448	112.1943
47.999	10.448	54.2357
47.999	15.448	13.9482
47.999	20.448	103.4749
47.999	25.448	42.5629
47.999	30.448	54.4281
47.999	35.448	65.7396
47.999	40.448	18.3189
47.999	45.448	25.4381
47.999	50.448	56.1267
47.999	55.448	111.5419
47.999	60.448	127.8465
47.999	65.448	120.9217
47.999	70.448	256.1542
47.999	75.448	120.2181
47.999	80.448	91.7349
47.999	85.448	363.3508
47.999	90.448	410.6422
47.999	95.448	369.4909
47.999	100.448	415.9436
47.999	105.448	133.1254
47.999	110.448	173.8309
47.999	115.448	144.0891
47.999	120.448	51.458
47.999	125.448	79.39
47.999	130.448	0
47.999	135.448	164.1572
47.999	140.448	91.5481
47.999	145.448	27.9601
47.999	150.448	67.122
47.999	155.448	12.0743
47.999	160.448	22.7736
47.999	165.448	39.336
47.999	170.448	17.3972
47.999	175.448	57.1486
47.999	180.448	53.0252
47.999	185.448	55.7782
47.999	190.448	13.086
47.999	195.448	14.5242
47.999	200.448	2.2126
47.999	205.448	55.3232
47.999	210.448	24.8798
47.999	215.448	10.2525
47.999	220.448	0
47.999	225.448	42.1189
47.999	230.448	15.7003
47.999	235.448	62.7682
47.999	240.448	79.5715
47.999	245.448	36.9095
47.999	250.448	69.0111
47.999	255.448	85.3675
47.999	260.448	164.4558
47.999	265.448	136.2379
47.999	270.448	423.7967
47.999	275.448	96.4594
47.999	280.448	130.4039
47.999	285.448	150.8433
47.999	290.448	129.6961
47.999	295.448	121.1739
47.999	300.448	53.8387
47.999	305.448	52.0393
47.999	310.448	88.8962
47.999	315.448	10.5345
47.999	320.448	0
47.999	325.448	186.5261
47.999	330.448	149.6424
47.999	335.448	111.6492
47.999	340.448	80.2107
47.999	345.448	121.637
47.999	350.448	49.3218
47.999	355.448	76.5185
52.967	0.759	22.6612
52.967	5.759	13.9896
52.967	10.759	0
52.967	15.759	0
52.967	20.759	32.6706
52.967	25.759	51.2049
52.967	30.759	22.6652
52.967	35.759	39.8885
52.967	40.759	10.3369
52.967	45.759	0
52.967	50.759	100.5756
52.967	55.759	28.8339
52.967	60.759	44.3888
52.967	65.759	94.7962
52.967	70.759	95.0621
52.967	75.759	232.0008
52.967	80.759	316.5456
52.967	85.759	143.0977
52.967	90.759	290.5595
52.967	95.759	321.1665
52.967	100.759	204.7821
52.967	105.759	136.8836
52.967	110.759	126.0251
52.967	115.759	141.1579
52.967	120.759	57.7593
52.967	125.759	188.7363
52.967	130.759	68.2781
52.967	135.759	89.7391
52.967	140.759	55.7069
52.967	145.759	168.7693
52.967	150.759	24.954
52.967	155.759	15.3167
52.967	160.759	0
52.967	165.759	0
52.967	170.759	16.293
52.967	175.759	20.3519
52.967	180.759	0
52.967	185.759	37.3857
52.967	190.759	0
52.967	195.759	0
52.967	200.759	9.4868
52.967	205.759	56.7034
52.967	210.759	136.172
52.967	215.759	0
52.967	220.759	43.8507
52.967	225.759	8.3144
52.967	230.759	55.348
52.967	235.759	58.1902
52.967	240.759	77.5167
52.967	245.759	49.5165
52.967	250.759	105.2213
52.967	255.759	136.4011
52.967	260.759	215.7254
52.967	265.759	264.0441
52.967	270.759	422.8497
52.967	275.759	273.7353
52.967	280.759	291.2719
52.967	285.759	152.7568
52.967	290.759	116.4326
52.967	295.759	117.5543
52.967	300.759	63.6249
52.967	305.759	38.2208
52.967	310.759	89.0551
52.967	315.759	7.1854
52.967	320.759	83.3861
52.967	325.759	74.6328
52.967	330.759	28.9745
52.967	335.759	52.2791
52.967	340.759	0
52.967	345.759	127.973
52.967	350.759	16.2389
52.967	355.759	0
55.028	0.798	0
55.028	5.798	100.7727
55.028	10.798	8.6971
55.028	15.798	49.4097
55.028	20.798	32.7294
55.028	25.798	16.6457
55.028	30.798	2.2489
55.028	35.798	14.6965
55.028	40.798	40.7461
55.028	45.798	56.9356
55.028	50.798	106.0576
55.028	55.798	33.014
55.028	60.798	83.7701
55.028	65.798	79.5996
55.028	70.798	150.408
55.028	75.798	306.2321
55.028	80.798	685.3896
55.028	85.798	245.5515
55.028	90.798	302.8143
55.028	95.798	395.7664
55.028	100.798	213.433
55.028	105.798	198.054
55.028	110.798	144.156
55.028	115.798	216.8368
55.028	120.798	91.8526
55.028	125.798	138.5188
55.028	130.798	31.6457
55.028	135.798	60.9422
55.028	140.798	72.1564
55.028	145.798	209.8956
55.028	150.798	33.907
55.028	155.798	35.7407
55.028	160.798	30.5357
55.028	165.798	16.0055
55.028	170.798	19.9493
55.028	175.798	14.3475
55.028	180.798	0
55.028	185.798	0
55.028	190.798	20.4861
55.028	195.798	0
55.028	200.798	20.4163
55.028	205.798	60.9172
55.028	210.798	173.5253
55.028	215.798	28.7769
55.028	220.798	60.61
55.028	225.798	36.1723
55.028	230.798	73.8927
55.028	235.798	28.9372
55.028	240.798	75.8028
55.028	245.798	57.0722
55.028	250.798	148.4811
55.028	255.798	259.1825
55.028	260.798	260.8791
55.028	265.798	261.542
55.028	270.798	383.0143
55.028	275.798	313.7496
55.028	280.798	326.6916
55.028	285.798	183.5235
55.028	290.798	206.0353
55.028	295.798	116.759
55.028	300.798	71.0468
55.028	305.798	55.4103
55.028	310.798	78.1956
55.028	315.798	28.2591
55.028	320.798	78.3857
55.028	325.798	85.2666
55.028	330.798	8.1118
55.028	335.798	92.8147
55.028	340.798	7.6759
55.028	345.798	138.3382
55.028	350.798	0
55.028	355.798	15.9881
59.999	0.6	8.3334
59.999	5.6	52.3248
59.999	10.6	2.835
59.999	15.6	17.4534
59.999	20.6	11.9999
59.999	25.6	10.394
59.999	30.6	1.2002
59.999	35.6	27.7876
59.999	40.6	38.6132
59.999	45.6	26.0426
59.999	50.6	110.4927
59.999	55.6	198.7253
59.999	60.6	135.8638
59.999	65.6	104.2596
59.999	70.6	195.6383
59.999	75.6	240.8629
59.999	80.6	583.8645
59.999	85.6	428.1954
59.999	90.6	356.5626
59.999	95.6	544.8539
59.999	100.6	350.26
59.999	105.6	350.2121
59.999	110.6	203.5943
59.999	115.6	139.4499
59.999	120.6	87.8946
59.999	125.6	88.0986
59.999	130.6	80.2479
59.999	135.6	68.5535
59.999	140.6	71.4497
59.999	145.6	37.613
59.999	150.6	57.4675
59.999	155.6	54.2795
59.999	160.6	16.8681
59.999	165.6	12.2282
59.999	170.6	34.5924
59.999	175.6	58.7426
59.999	180.6	17.865
59.999	185.6	36.7463
59.999	190.6	27.6503
59.999	195.6	12.2714
59.999	200.6	22.8649
59.999	205.6	80.4727
59.999	210.6	104.234
59.999	215.6	29.456
59.999	220.6	51.77
59.999	225.6	60.6265
59.999	230.6	102.9562
59.999	235.6	68.0028
59.999	240.6	129.4624
59.999	245.6	217.0896
59.999	250.6	103.4017
59.999	255.6	247.2092
59.999	260.6	419.3091
59.999	265.6	346.1081
59.999	270.6	317.656
59.999	275.6	312.9736
59.999	280.6	309.0847
59.999	285.6	197.0236
59.999	290.6	243.5864
59.999	295.6	102.4942
59.999	300.6	143.1626
59.999	305.6	82.9415
59.999	310.6	52.3778
59.999	315.6	39.7663
59.999	320.6	91.4059
59.999	325.6	38.2333
59.999	330.6	48.2827
59.999	335.6	30.2669
59.999	340.6	10.7757
59.999	345.6	44.8032
59.999	350.6	11.2311
59.999	355.6	39.2554
64.966	1.08	12.7547
64.966	6.08	0
64.966	11.08	14.4203
64.966	16.08	18.6566
64.966	21.08	9.6945
64.966	26.08	4.9264
64.966	31.08	18.4195
64.966	36.08	9.9627
64.966	41.08	32.3025
64.966	46.08	72.2427
64.966	51.08	54.6306
64.966	56.08	122.5889
64.966	61.08	132.0564
64.966	66.08	229.301
64.966	71.08	149.9929
64.966	76.08	98.4123
64.966	81.08	317.4442
64.966	86.08	303.639
64.966	91.08	454.9115
64.966	96.08	643.7591
64.966	101.08	256.9826
64.966	106.08	265.1059
64.966	111.08	170.9003
64.966	116.08	151.6971
64.966	121.08	172.1326
64.966	126.08	82.5592
64.966	131.08	83.1769
64.966	136.08	79.9337
64.966	141.08	124.126
64.966	146.08	70.9628
64.966	151.08	75.3342
64.966	156.08	57.81
64.966	161.08	69.2166
64.966	166.08	37.9628
64.966	171.08	47.6941
64.966	176.08	72.113
64.966	181.08	97.1167
64.966	186.08	3.5031
64.966	191.08	22.4862
64.966	196.08	20.1219
64.966	201.08	29.2695
64.966	206.08	49.3552
64.966	211.08	74.9192
64.966	216.08	201.8146
64.966	221.08	37.9907
64.966	226.08	43.9991
64.966	231.08	42.4346
64.966	236.08	134.1158
64.966	241.08	122.5408
64.966	246.08	111.4425
64.966	251.08	124.7859
64.966	256.08	189.8668
64.966	261.08	441.967
64.966	266.08	216.5395
64.966	271.08	429.1277
64.966	276.08	610.1727
64.966	281.08	656.9386
64.966	286.08	381.7638
64.966	291.08	188.0112
64.966	296.08	220.7449
64.966	301.08	100.159
64.966	306.08	61.2404
64.966	311.08	71.4375
64.966	316.08	46.294
64.966	321.08	50.0539
64.966	326.08	90.9944
64.966	331.08	3.44
64.966	336.08	11.9107
64.966	341.08	9.6203
64.966	346.08	18.0063
64.966	351.08	50.0246
64.966	356.08	23.3262
67.026	1.171	40.0564
67.026	6.171	0
67.026	11.171	41.3851
67.026	16.171	48.3839
67.026	21.171	31.0352
67.026	26.171	45.2792
67.026	31.171	70.4268
67.026	36.171	12.2416
67.026	41.171	45.4171
67.026	46.171	57.5386
67.026	51.171	90.9223
67.026	56.171	99.3307
67.026	61.171	154.6303
67.026	66.171	154.509
67.026	71.171	226.9631
67.026	76.171	110.4679
67.026	81.171	321.3555
67.026	86.171	261.8572
67.026	91.171	343.7551
67.026	96.171	693.9455
67.026	101.171	409.5396
67.026	106.171	300.5443
67.026	111.171	221.9299
67.026	116.171	162.4224
67.026	121.171	191.0564
67.026	126.171	189.5725
67.026	131.171	83.409
67.026	136.171	48.7899
67.026	141.171	91.7206
67.026	146.171	67.7592
67.026	151.171	76.8413
67.026	156.171	105.6117
67.026	161.171	24.2204
67.026	166.171	28.0477
67.026	171.171	53.9972
67.026	176.171	79.0409
67.026	181.171	109.1986
67.026	186.171	86.6636
67.026	191.171	89.9516
67.026	196.171	54.9993
67.026	201.171	26.0643
67.026	206.171	30.0617
67.026	211.171	126.0585
67.026	216.171	212.4797
67.026	221.171	38.9499
67.026	226.171	80.2223
67.026	231.171	60.4564
67.026	236.171	137.6954
67.026	241.171	106.2743
67.026	246.171	125.1849
67.026	251.171	243.0486
67.026	256.171	231.4721
67.026	261.171	445.9554
67.026	266.171	309.6155
67.026	271.171	383.2274
67.026	276.171	551.4868
67.026	281.171	697.2816
67.026	286.171	523.8339
67.026	291.171	280.8032
67.026	296.171	189.9527
67.026	301.171	62.8707
67.026	306.171	55.5591
67.026	311.171	190.0102
67.026	316.171	44.4202
67.026	321.171	62.0397
67.026	326.171	74.9572
67.026	331.171	39.9927
67.026	336.171	5.7887
67.026	341.171	10.2951
67.026	346.171	37.2379
67.026	351.171	30.3505
67.026	356.171	68.826
71.998	0.971	75.2476
71.998	5.971	316.0528
71.998	10.971	52.9506
71.998	15.971	61.1357
71.998	20.971	69.6913
71.998	25.971	60.188
71.998	30.971	24.8791
71.998	35.971	47.9044
71.998	40.971	51.1511
71.998	45.971	123.5123
71.998	50.971	91.3406
71.998	55.971	92.7164
71.998	60.971	196.3692
71.998	65.971	238.6207
71.998	70.971	224.883
71.998	75.971	153.7232
71.998	80.971	186.0735
71.998	85.971	105.3436
71.998	90.971	254.2508
71.998	95.971	448.3585
71.998	100.971	411.2904
71.998	105.971	223.1538
71.998	110.971	205.8639
71.998	115.971	149.7828
71.998	120.971	141.6957
71.998	125.971	189.2975
71.998	130.971	97.7751
71.998	135.971	85.5349
71.998	140.971	133.6673
71.998	145.971	97.6729
71.998	150.971	88.7015
71.998	155.971	168.6312
71.998	160.971	89.592
71.998	165.971	100.5178
71.998	170.971	146.826
71.998	175.971	155.5597
71.998	180.971	173.8376
71.998	185.971	117.3573
71.998	190.971	60.9198
71.998	195.971	47.2336
71.998	200.971	50.3296
71.998	205.971	49.7505
71.998	210.971	128.4683
71.998	215.971	103.6884
71.998	220.971	96.1006
71.998	225.971	83.1308
71.998	230.971	75.4841
71.998	235.971	138.9195
71.998	240.971	167.2287
71.998	245.971	220.3502
71.998	250.971	590.3839
71.998	255.971	187.7597
71.998	260.971	366.0109
71.998	265.971	307.0217
71.998	270.971	407.2664
71.998	275.971	296.6984
71.998	280.971	521.6264
71.998	285.971	492.6551
71.998	290.971	401.6864
71.998	295.971	264.6664
71.998	300.971	182.8379
71.998	305.971	165.2042
71.998	310.971	158.9653
71.998	315.971	43.0645
71.998	320.971	44.4113
71.998	325.971	139.7491
71.998	330.971	75.5525
71.998	335.971	59.4528
71.998	340.971	41.8945
71.998	345.971	73.4817
71.998	350.971	96.2454
71.998	355.971	167.4789
76.962	2.027	26.2895
76.962	7.027	76.7038
76.962	12.027	137.2824
76.962	17.027	39.2238
76.962	22.027	88.5635
76.962	27.027	128.8425
76.962	32.027	54.5419
76.962	37.027	107.15
76.962	42.027	140.6158
76.962	47.027	171.9093
76.962	52.027	214.7834
76.962	57.027	198.9777
76.962	62.027	129.5593
76.962	67.027	321.7362
76.962	72.027	352.7239
76.962	77.027	200.7579
76.962	82.027	139.9565
76.962	87.027	200.4487
76.962	92.027	79.6263
76.962	97.027	275.4922
76.962	102.027	281.0593
76.962	107.027	341.0646
76.962	112.027	246.1368
76.962	117.027	159.6704
76.962	122.027	95.169
76.962	127.027	126.6319
76.962	132.027	125.4354
76.962	137.027	125.6221
76.962	142.027	117.4796
76.962	147.027	82.3101
76.962	152.027	179.7044
76.962	157.027	210.8581
76.962	162.027	154.5925
76.962	167.027	99.1176
76.962	172.027	84.2071
76.962	177.027	140.8159
76.962	182.027	287.8083
76.962	187.027	100.2091
76.962	192.027	104.9695
76.962	197.027	59.0624
76.962	202.027	69.1035
76.962	207.027	49.8539
76.962	212.027	73.0214
76.962	217.027	81.7791
76.962	222.027	122.3139
76.962	227.027	103.2647
76.962	232.027	120.2046
76.962	237.027	153.1194
76.962	242.027	161.3122
76.962	247.027	203.552
76.962	252.027	245.2313
76.962	257.027	311.2737
76.962	262.027	126.0874
76.962	267.027	131.2265
76.962	272.027	206.082
76.962	277.027	243.0556
76.962	282.027	301.1524
76.962	287.027	487.4974
76.962	292.027	248.0036
76.962	297.027	260.168
76.962	302.027	226.3432
76.962	307.027	212.2396
76.962	312.027	125.9016
76.962	317.027	143.1147
76.962	322.027	112.4247
76.962	327.027	126.4381
76.962	332.027	86.1286
76.962	337.027	68.3225
76.962	342.027	115.7007
76.962	347.027	124.6227
76.962	352.027	79.9302
76.962	357.027	66.3029
79.021	2.401	66.8814
79.021	7.401	85.5138
79.021	12.401	123.996
79.021	17.401	63.3973
79.021	22.401	131.1749
79.021	27.401	142.1765
79.021	32.401	85.511
79.021	37.401	115.5418
79.021	42.401	224.0593
79.021	47.401	218.7062
79.021	52.401	262.9109
79.021	57.401	191.122
79.021	62.401	154.9702
79.021	67.401	321.4614
79.021	72.401	249.6923
79.021	77.401	221.1491
79.021	82.401	238.7894
79.021	87.401	282.057
79.021	92.401	162.3162
79.021	97.401	261.0131
79.021	102.401	251.7105
79.021	107.401	371.175
79.021	112.401	284.6716
79.021	117.401	166.7635
79.021	122.401	154.6729
79.021	127.401	102.7078
79.021	132.401	136.6754
79.021	137.401	143.149
79.021	142.401	140.1516
79.021	147.401	165.3843
79.021	152.401	266.6588
79.021	157.401	269.1976
79.021	162.401	149.4041
79.021	167.401	119.7603
79.021	172.401	101.4236
79.021	177.401	166.4143
79.021	182.401	251.547
79.021	187.401	82.4112
79.021	192.401	94.2335
79.021	197.401	77.963
79.021	202.401	97.6829
79.021	207.401	84.3617
79.021	212.401	67.8845
79.021	217.401	157.8257
79.021	222.401	191.9384
79.021	227.401	200.9977
79.021	232.401	181.9417
79.021	237.401	215.1113
79.021	242.401	278.0137
79.021	247.401	228.4746
79.021	252.401	228.8859
79.021	257.401	346.7389
79.021	262.401	184.2857
79.021	267.401	158.1121
79.021	272.401	175.3204
79.021	277.401	206.1133
79.021	282.401	243.502
79.021	287.401	529.722
79.021	292.401	293.8532
79.021	297.401	206.1995
79.021	302.401	103.0114
79.021	307.401	123.5145
79.021	312.401	133.0894
79.021	317.401	174.4182
79.021	322.401	100.3168
79.021	327.401	118.5504
79.021	332.401	134.6946
79.021	337.401	105.8564
79.021	342.401	189.1925
79.021	347.401	107.3186
79.021	352.401	33.8721
79.021	357.401	32.9887
83.993	2.868	109.3214
83.993	7.868	141.8039
83.993	12.868	128.3724
83.993	17.868	191.774
83.993	22.868	194.7266
83.993	27.868	159.664
83.993	32.868	92.1148
83.993	37.868	107.5327
83.993	42.868	99.1204
83.993	47.868	189.5427
83.993	52.868	156.3448
83.993	57.868	180.6433
83.993	62.868	112.1978
83.993	67.868	180.8428
83.993	72.868	170.5367
83.993	77.868	159.2153
83.993	82.868	308.9539
83.993	87.868	299.3
83.993	92.868	242.2804
83.993	97.868	175.9116
83.993	102.868	220.0035
83.993	107.868	241.0975
83.993	112.868	281.0274
83.993	117.868	193.1641
83.993	122.868	251.105
83.993	127.868	156.2176
83.993	132.868	193.913
83.993	137.868	258.8004
83.993	142.868	299.9076
83.993	147.868	264.0111
83.993	152.868	312.312
83.993	157.868	318.8668
83.993	162.868	236.9302
83.993	167.868	208.0049
83.993	172.868	191.1669
83.993	177.868	177.5219
83.993	182.868	167.783
83.993	187.868	216.0241
83.993	192.868	231.0293
83.993	197.868	204.6743
83.993	202.868	152.4843
83.993	207.868	164.4064
83.993	212.868	197.1616
83.993	217.868	183.9081
83.993	222.868	230.8201
83.993	227.868	103.5869
83.993	232.868	125.3793
83.993	237.868	212.2292
83.993	242.868	268.1195
83.993	247.868	270.7296
83.993	252.868	264.3961
83.993	257.868	288.9979
83.993	262.868	278.8047
83.993	267.868	243.2295
83.993	272.868	250.9876
83.993	277.868	213.0925
83.993	282.868	241.572
83.993	287.868	217.2598
83.993	292.868	165.1303
83.993	297.868	128.3289
83.993	302.868	150.7528
83.993	307.868	208.2456
83.993	312.868	218.9722
83.993	317.868	289.9592
83.993	322.868	341.3461
83.993	327.868	258.6446
83.993	332.868	224.7378
83.993	337.868	188.9383
83.993	342.868	163.1153
83.993	347.868	120.0869
83.993	352.868	42.9202
83.993	357.868	102.9374
88.873	1.07	512.8635
88.873	6.07	501.6255
88.873	11.07	434.9356
88.873	16.07	332.7332
88.873	21.07	284.3147
88.873	26.07	247.6172
88.873	31.07	228.2962
88.873	36.07	270.148
88.873	41.07	257.1605
88.873	46.07	267.1238
88.873	51.07	252.0052
88.873	56.07	251.9984
88.873	61.07	278.1387
88.873	66.07	227.4775
88.873	71.07	356.8035
88.873	76.07	364.5955
88.873	81.07	413.2667
88.873	86.07	401.5293
88.873	91.07	464.6092
88.873	96.07	641.202
88.873	101.07	597.8116
88.873	106.07	728.2152
88.873	111.07	633.1746
88.873	116.07	625.6311
88.873	121.07	500.589
88.873	126.07	457.8424
88.873	131.07	399.6599
88.873	136.07	362.6969
88.873	141.07	394.7898
88.873	146.07	331.5352
88.873	151.07	351.4067
88.873	156.07	359.6148
88.873	161.07	390.0427
88.873	166.07	487.7444
88.873	171.07	471.68
88.873	176.07	454.8683
88.873	181.07	535.2408
88.873	186.07	488.9238
88.873	191.07	367.5748
88.873	196.07	372.9665
88.873	201.07	294.8722
88.873	206.07	238.0485
88.873	211.07	270.8602
88.873	216.07	212.1612
88.873	221.07	238.6537
88.873	226.07	227.0845
88.873	231.07	260.794
88.873	236.07	223.5804
88.873	241.07	264.1565
88.873	246.07	236.2369
88.873	251.07	321.8899
88.873	256.07	364.4761
88.873	261.07	386.9783
88.873	266.07	362.9038
88.873	271.07	432.7767
88.873	276.07	528.0868
88.873	281.07	645.3361
88.873	286.07	728.4003
88.873	291.07	691.1821
88.873	296.07	713.0436
88.873	301.07	632.8296
88.873	306.07	533.9472
88.873	311.07	437.0595
88.873	316.07	322.3931
88.873	321.07	311.5704
88.873	326.07	351.8234
88.873	331.07	299.4007
88.873	336.07	328.5365
88.873	341.07	350.8958
88.873	346.07	449.9903
88.873	351.07	527.1045
88.873	356.07	511.0983
