>BT8; Created QKowari;
>grid: 
>backgr: 
0.0
0	0.75	5.5178
0	5.75	0
0	10.75	8.2571
0	15.75	10.1413
0	20.75	0
0	25.75	3.9605
0	30.75	0
0	35.75	0.0475
0	40.75	33.2118
0	45.75	0
0	50.75	13.5695
0	55.75	3.5457
0	60.75	11.7735
0	65.75	0
0	70.75	12.7038
0	75.75	12.6236
0	80.75	0
0	85.75	1.9507
0	90.75	25.7383
0	95.75	10.6791
0	100.75	0
0	105.75	0
0	110.75	10.4608
0	115.75	0
0	120.75	5.4361
0	125.75	0
0	130.75	6.0961
0	135.75	0
0	140.75	2.4917
0	145.75	17.1503
0	150.75	7.2206
0	155.75	0
0	160.75	20.4055
0	165.75	2.8647
0	170.75	7.5434
0	175.75	0
0	180.75	0.3898
0	185.75	0
0	190.75	0.3636
0	195.75	16.9658
0	200.75	0
0	205.75	4.4348
0	210.75	7.6986
0	215.75	6.8039
0	220.75	9.6581
0	225.75	0
0	230.75	14.8815
0	235.75	22.1121
0	240.75	0
0	245.75	10.2272
0	250.75	0
0	255.75	0
0	260.75	15.8764
0	265.75	0
0	270.75	0
0	275.75	0
0	280.75	25.8424
0	285.75	0
0	290.75	0
0	295.75	16.7873
0	300.75	3.8164
0	305.75	8.035
0	310.75	7.7899
0	315.75	0.449
0	320.75	0
0	325.75	21.066
0	330.75	20.8356
0	335.75	13.5128
0	340.75	12.817
0	345.75	8.9499
0	350.75	2.326
0	355.75	0
4.627	0.866	0.06255
4.627	5.866	3.833
4.627	10.866	2.2199
4.627	15.866	25.65355
4.627	20.866	6.05255
4.627	25.866	14.0832
4.627	30.866	1.41115
4.627	35.866	8.75995
4.627	40.866	18.93215
4.627	45.866	4.26445
4.627	50.866	0.99505
4.627	55.866	15.03215
4.627	60.866	9.1993
4.627	65.866	9.3226
4.627	70.866	19.7323
4.627	75.866	5.9884
4.627	80.866	8.1799
4.627	85.866	2.32035
4.627	90.866	16.49285
4.627	95.866	0
4.627	100.866	9.54055
4.627	105.866	10.8912
4.627	110.866	17.67015
4.627	115.866	0
4.627	120.866	14.99485
4.627	125.866	5.52645
4.627	130.866	5.27795
4.627	135.866	10.25195
4.627	140.866	4.48345
4.627	145.866	0
4.627	150.866	0
4.627	155.866	11.6455
4.627	160.866	8.1104
4.627	165.866	11.1971
4.627	170.866	10.15515
4.627	175.866	0
4.627	180.866	9.43515
4.627	185.866	6.3986
4.627	190.866	20.9771
4.627	195.866	6.27225
4.627	200.866	15.5247
4.627	205.866	16.951
4.627	210.866	14.5171
4.627	215.866	18.4383
4.627	220.866	1.01275
4.627	225.866	13.08005
4.627	230.866	12.24145
4.627	235.866	5.2948
4.627	240.866	9.5825
4.627	245.866	7.1767
4.627	250.866	6.3924
4.627	255.866	11.51795
4.627	260.866	3.77735
4.627	265.866	2.67865
4.627	270.866	9.2779
4.627	275.866	2.7983
4.627	280.866	17.3374
4.627	285.866	8.53785
4.627	290.866	0.3778
4.627	295.866	9.76945
4.627	300.866	0
4.627	305.866	12.2277
4.627	310.866	7.7257
4.627	315.866	5.1701
4.627	320.866	0
4.627	325.866	20.72365
4.627	330.866	13.977
4.627	335.866	17.2448
4.627	340.866	2.1181
4.627	345.866	0
4.627	350.866	18.4368
4.627	355.866	0
10.371	0.878	3.2295
10.371	5.878	8.043
10.371	10.878	13.5869
10.371	15.878	0
10.371	20.878	19.4797
10.371	25.878	0
10.371	30.878	0
10.371	35.878	3.2252
10.371	40.878	0
10.371	45.878	2.2432
10.371	50.878	10.2343
10.371	55.878	2.1819
10.371	60.878	0.3528
10.371	65.878	0
10.371	70.878	0.5859
10.371	75.878	0
10.371	80.878	0
10.371	85.878	0
10.371	90.878	0
10.371	95.878	8.0937
10.371	100.878	2.7429
10.371	105.878	17.1005
10.371	110.878	0
10.371	115.878	16.0576
10.371	120.878	17.2115
10.371	125.878	0
10.371	130.878	14.1044
10.371	135.878	16.0999
10.371	140.878	44.6849
10.371	145.878	9.967
10.371	150.878	12.5102
10.371	155.878	9.3009
10.371	160.878	0
10.371	165.878	9.8699
10.371	170.878	0
10.371	175.878	11.969
10.371	180.878	2.1095
10.371	185.878	17.0413
10.371	190.878	18.3399
10.371	195.878	3.8823
10.371	200.878	1.8393
10.371	205.878	0
10.371	210.878	10.169
10.371	215.878	0
10.371	220.878	7.0536
10.371	225.878	0
10.371	230.878	0
10.371	235.878	10.8731
10.371	240.878	12.9678
10.371	245.878	11.4694
10.371	250.878	3.1617
10.371	255.878	14.0755
10.371	260.878	33.5118
10.371	265.878	27.2092
10.371	270.878	0
10.371	275.878	0
10.371	280.878	7.4483
10.371	285.878	3.679
10.371	290.878	0
10.371	295.878	24.7979
10.371	300.878	4.2146
10.371	305.878	40.8263
10.371	310.878	12.4814
10.371	315.878	0.0069
10.371	320.878	9.5885
10.371	325.878	12.4232
10.371	330.878	21.1736
10.371	335.878	0
10.371	340.878	23.771
10.371	345.878	0
10.371	350.878	19.0946
10.371	355.878	0
14.999	0.776	2.7951
14.999	5.776	10.9646
14.999	10.776	5.6432
14.999	15.776	11.3685
14.999	20.776	4.4441
14.999	25.776	11.5492
14.999	30.776	23.1039
14.999	35.776	11.9178
14.999	40.776	0
14.999	45.776	9.8243
14.999	50.776	0
14.999	55.776	18.3465
14.999	60.776	6.3448
14.999	65.776	19.0276
14.999	70.776	12.6359
14.999	75.776	15.9576
14.999	80.776	0
14.999	85.776	6.1202
14.999	90.776	0
14.999	95.776	0
14.999	100.776	6.3718
14.999	105.776	0
14.999	110.776	20.7597
14.999	115.776	0
14.999	120.776	8.7684
14.999	125.776	0
14.999	130.776	0
14.999	135.776	11.7165
14.999	140.776	15.3278
14.999	145.776	0
14.999	150.776	7.0699
14.999	155.776	4.3474
14.999	160.776	10.7479
14.999	165.776	13.2574
14.999	170.776	2.1055
14.999	175.776	5.6795
14.999	180.776	15.4388
14.999	185.776	10.5067
14.999	190.776	8.0691
14.999	195.776	0
14.999	200.776	11.1337
14.999	205.776	5.1671
14.999	210.776	0
14.999	215.776	6.3566
14.999	220.776	0
14.999	225.776	16.7096
14.999	230.776	2.0293
14.999	235.776	18.4977
14.999	240.776	21.0568
14.999	245.776	20.1509
14.999	250.776	3.0669
14.999	255.776	0
14.999	260.776	0
14.999	265.776	0
14.999	270.776	8.6779
14.999	275.776	0
14.999	280.776	24.7604
14.999	285.776	2.4581
14.999	290.776	0.3802
14.999	295.776	9.622
14.999	300.776	5.5806
14.999	305.776	9.5236
14.999	310.776	5.0421
14.999	315.776	0
14.999	320.776	0
14.999	325.776	26.8304
14.999	330.776	0.8787
14.999	335.776	0
14.999	340.776	0
14.999	345.776	24.8725
14.999	350.776	0
14.999	355.776	0
19.625	0.916	0
19.625	5.916	0.7007
19.625	10.916	6.098
19.625	15.916	0
19.625	20.916	3.7581
19.625	25.916	11.2717
19.625	30.916	0
19.625	35.916	1.0173
19.625	40.916	0
19.625	45.916	20.4936
19.625	50.916	0
19.625	55.916	18.5101
19.625	60.916	1.0407
19.625	65.916	12.4855
19.625	70.916	8.7026
19.625	75.916	16.7721
19.625	80.916	9.3558
19.625	85.916	7.2687
19.625	90.916	0
19.625	95.916	14.1408
19.625	100.916	0
19.625	105.916	19.8152
19.625	110.916	0
19.625	115.916	4.4531
19.625	120.916	8.7173
19.625	125.916	0
19.625	130.916	9.3373
19.625	135.916	6.8305
19.625	140.916	8.9219
19.625	145.916	21.9583
19.625	150.916	1.5853
19.625	155.916	0
19.625	160.916	25.6208
19.625	165.916	17.0725
19.625	170.916	21.7955
19.625	175.916	0.7909
19.625	180.916	0
19.625	185.916	0
19.625	190.916	0
19.625	195.916	4.6169
19.625	200.916	8.7721
19.625	205.916	0.8111
19.625	210.916	13.0694
19.625	215.916	0.4445
19.625	220.916	17.535
19.625	225.916	9.1671
19.625	230.916	0
19.625	235.916	17.0298
19.625	240.916	0
19.625	245.916	0
19.625	250.916	3.0894
19.625	255.916	0
19.625	260.916	4.2487
19.625	265.916	9.2734
19.625	270.916	0
19.625	275.916	0
19.625	280.916	2.3839
19.625	285.916	4.8834
19.625	290.916	7.2849
19.625	295.916	15.3077
19.625	300.916	22.8716
19.625	305.916	0
19.625	310.916	0
19.625	315.916	4.5107
19.625	320.916	0
19.625	325.916	11.4574
19.625	330.916	22.6054
19.625	335.916	14.7345
19.625	340.916	9.231
19.625	345.916	0
19.625	350.916	11.4569
19.625	355.916	13.412
25.369	0.955	14.3561
25.369	5.955	16.403
25.369	10.955	0
25.369	15.955	0
25.369	20.955	25.2367
25.369	25.955	4.004
25.369	30.955	0
25.369	35.955	17.6209
25.369	40.955	12.4311
25.369	45.955	1.9995
25.369	50.955	24.3217
25.369	55.955	15.4936
25.369	60.955	11.1093
25.369	65.955	35.2472
25.369	70.955	23.6677
25.369	75.955	11.4831
25.369	80.955	28.7588
25.369	85.955	12.2646
25.369	90.955	17.9009
25.369	95.955	3.6749
25.369	100.955	31.8003
25.369	105.955	0
25.369	110.955	3.7126
25.369	115.955	15.5492
25.369	120.955	38.0602
25.369	125.955	8.9705
25.369	130.955	8.4508
25.369	135.955	0
25.369	140.955	17.8439
25.369	145.955	11.2423
25.369	150.955	1.0664
25.369	155.955	12.5522
25.369	160.955	38.0351
25.369	165.955	3.4463
25.369	170.955	26.6739
25.369	175.955	20.2544
25.369	180.955	18.0151
25.369	185.955	3.5968
25.369	190.955	5.9918
25.369	195.955	0
25.369	200.955	4.4489
25.369	205.955	2.6374
25.369	210.955	0
25.369	215.955	12.6396
25.369	220.955	1.566
25.369	225.955	0
25.369	230.955	11.768
25.369	235.955	9.527
25.369	240.955	0
25.369	245.955	7.6407
25.369	250.955	16.6929
25.369	255.955	4.9351
25.369	260.955	0
25.369	265.955	15.8929
25.369	270.955	0
25.369	275.955	6.0787
25.369	280.955	6.7327
25.369	285.955	17.008
25.369	290.955	18.4448
25.369	295.955	5.1406
25.369	300.955	0
25.369	305.955	1.8738
25.369	310.955	1.708
25.369	315.955	0
25.369	320.955	14.0199
25.369	325.955	8.3086
25.369	330.955	0
25.369	335.955	1.0798
25.369	340.955	7.5572
25.369	345.955	0
25.369	350.955	9.4241
25.369	355.955	0
29.997	0.866	0
29.997	5.866	54.5816
29.997	10.866	23.543
29.997	15.866	34.3245
29.997	20.866	3.0225
29.997	25.866	0
29.997	30.866	9.1066
29.997	35.866	13.0095
29.997	40.866	0.2363
29.997	45.866	0
29.997	50.866	13.4545
29.997	55.866	14.9978
29.997	60.866	22.6272
29.997	65.866	0
29.997	70.866	0
29.997	75.866	20.2598
29.997	80.866	2.079
29.997	85.866	21.643
29.997	90.866	0
29.997	95.866	19.0461
29.997	100.866	0.7694
29.997	105.866	9.9494
29.997	110.866	5.5517
29.997	115.866	1.6823
29.997	120.866	0
29.997	125.866	17.902
29.997	130.866	14.0035
29.997	135.866	16.9111
29.997	140.866	0
29.997	145.866	19.3057
29.997	150.866	25.7308
29.997	155.866	0
29.997	160.866	17.015
29.997	165.866	19.9214
29.997	170.866	3.1138
29.997	175.866	12.9266
29.997	180.866	7.1083
29.997	185.866	16.2332
29.997	190.866	14.3237
29.997	195.866	10.8412
29.997	200.866	0
29.997	205.866	16.699
29.997	210.866	0
29.997	215.866	7.1332
29.997	220.866	15.2045
29.997	225.866	19.0887
29.997	230.866	15.881
29.997	235.866	4.4198
29.997	240.866	26.4422
29.997	245.866	21.726
29.997	250.866	0
29.997	255.866	16.7126
29.997	260.866	5.88
29.997	265.866	4.5374
29.997	270.866	7.9684
29.997	275.866	3.4165
29.997	280.866	9.008
29.997	285.866	16.2586
29.997	290.866	26.5634
29.997	295.866	0
29.997	300.866	16.0267
29.997	305.866	1.0985
29.997	310.866	15.4331
29.997	315.866	14.6403
29.997	320.866	5.4757
29.997	325.866	4.7454
29.997	330.866	31.0609
29.997	335.866	26.5456
29.997	340.866	16.8946
29.997	345.866	0
29.997	350.866	0
29.997	355.866	25.7625
34.623	1.049	0
34.623	6.049	9.7973
34.623	11.049	20.4412
34.623	16.049	11.9978
34.623	21.049	0.4551
34.623	26.049	6.0487
34.623	31.049	19.9093
34.623	36.049	0
34.623	41.049	9.3764
34.623	46.049	19.5429
34.623	51.049	8.9365
34.623	56.049	0
34.623	61.049	6.608
34.623	66.049	8.1688
34.623	71.049	3.5964
34.623	76.049	6.4238
34.623	81.049	8.5904
34.623	86.049	0
34.623	91.049	30.5207
34.623	96.049	28.7305
34.623	101.049	0
34.623	106.049	6.6612
34.623	111.049	8.555
34.623	116.049	0
34.623	121.049	11.1046
34.623	126.049	4.264
34.623	131.049	14.0206
34.623	136.049	0
34.623	141.049	0
34.623	146.049	0
34.623	151.049	4.8504
34.623	156.049	16.4628
34.623	161.049	0
34.623	166.049	4.9024
34.623	171.049	5.4339
34.623	176.049	14.4394
34.623	181.049	6.0823
34.623	186.049	7.5117
34.623	191.049	11.9706
34.623	196.049	0
34.623	201.049	2.2271
34.623	206.049	5.6456
34.623	211.049	0
34.623	216.049	15.2574
34.623	221.049	2.5919
34.623	226.049	20.1317
34.623	231.049	3.1649
34.623	236.049	0
34.623	241.049	25.2736
34.623	246.049	6.6203
34.623	251.049	3.8396
34.623	256.049	0
34.623	261.049	0
34.623	266.049	14.5578
34.623	271.049	10.4885
34.623	276.049	0
34.623	281.049	16.4966
34.623	286.049	0
34.623	291.049	10.4875
34.623	296.049	0
34.623	301.049	19.5315
34.623	306.049	16.9882
34.623	311.049	16.1857
34.623	316.049	0
34.623	321.049	14.9425
34.623	326.049	21.5985
34.623	331.049	0
34.623	336.049	4.7896
34.623	341.049	14.3995
34.623	346.049	0
34.623	351.049	19.1369
34.623	356.049	6.9947
40.367	1.133	6.5041
40.367	6.133	10.8866
40.367	11.133	11.2367
40.367	16.133	34.4455
40.367	21.133	5.7423
40.367	26.133	28.1945
40.367	31.133	3.1481
40.367	36.133	9.5035
40.367	41.133	0
40.367	46.133	27.7397
40.367	51.133	0
40.367	56.133	0
40.367	61.133	0.024
40.367	66.133	8.4328
40.367	71.133	1.1323
40.367	76.133	6.6449
40.367	81.133	0
40.367	86.133	0
40.367	91.133	23.6515
40.367	96.133	14.3337
40.367	101.133	17.4596
40.367	106.133	23.7631
40.367	111.133	21.1911
40.367	116.133	3.8779
40.367	121.133	5.2589
40.367	126.133	0
40.367	131.133	21.7237
40.367	136.133	6.8948
40.367	141.133	0
40.367	146.133	0
40.367	151.133	0
40.367	156.133	4.5886
40.367	161.133	14.3195
40.367	166.133	4.7922
40.367	171.133	0
40.367	176.133	23.3237
40.367	181.133	0
40.367	186.133	8.2186
40.367	191.133	3.6621
40.367	196.133	15.6743
40.367	201.133	2.7441
40.367	206.133	17.9958
40.367	211.133	31.1549
40.367	216.133	1.0438
40.367	221.133	3.2587
40.367	226.133	1.7351
40.367	231.133	10.2457
40.367	236.133	0
40.367	241.133	0
40.367	246.133	29.0179
40.367	251.133	0
40.367	256.133	0
40.367	261.133	0
40.367	266.133	0
40.367	271.133	0
40.367	276.133	0
40.367	281.133	15.7253
40.367	286.133	1.3253
40.367	291.133	0.8633
40.367	296.133	0
40.367	301.133	6.5074
40.367	306.133	39.3973
40.367	311.133	1.3865
40.367	316.133	40.3222
40.367	321.133	0.4459
40.367	326.133	3.5295
40.367	331.133	20.2655
40.367	336.133	0
40.367	341.133	9.865
40.367	346.133	10.9351
40.367	351.133	0
40.367	356.133	4.3687
44.995	1.061	0
44.995	6.061	8.0555
44.995	11.061	0
44.995	16.061	6.5411
44.995	21.061	1.2602
44.995	26.061	4.8715
44.995	31.061	9.117
44.995	36.061	23.2831
44.995	41.061	13.6924
44.995	46.061	4.3399
44.995	51.061	22.4226
44.995	56.061	0
44.995	61.061	11.159
44.995	66.061	11.5967
44.995	71.061	0
44.995	76.061	0
44.995	81.061	7.0509
44.995	86.061	20.9888
44.995	91.061	6.741
44.995	96.061	36.2666
44.995	101.061	0
44.995	106.061	14.4072
44.995	111.061	8.6242
44.995	116.061	2.8477
44.995	121.061	18.8206
44.995	126.061	24.9624
44.995	131.061	0.9364
44.995	136.061	30.3738
44.995	141.061	19.1069
44.995	146.061	0
44.995	151.061	13.4549
44.995	156.061	10.0077
44.995	161.061	14.5064
44.995	166.061	0
44.995	171.061	8.8523
44.995	176.061	19.1202
44.995	181.061	14.7311
44.995	186.061	5.4205
44.995	191.061	6.4158
44.995	196.061	27.1932
44.995	201.061	12.4642
44.995	206.061	10.998
44.995	211.061	12.5842
44.995	216.061	0
44.995	221.061	14.9421
44.995	226.061	0.5879
44.995	231.061	0
44.995	236.061	14.269
44.995	241.061	2.0479
44.995	246.061	14.3419
44.995	251.061	10.9211
44.995	256.061	0
44.995	261.061	15.4737
44.995	266.061	13.4064
44.995	271.061	10.6131
44.995	276.061	0
44.995	281.061	0.7977
44.995	286.061	12.7415
44.995	291.061	0
44.995	296.061	26.0333
44.995	301.061	13.1041
44.995	306.061	15.4016
44.995	311.061	0
44.995	316.061	0
44.995	321.061	7.4877
44.995	326.061	1.5354
44.995	331.061	13.1972
44.995	336.061	0
44.995	341.061	0
44.995	346.061	22.1147
44.995	351.061	0
44.995	356.061	0
49.62	1.332	0
49.62	6.332	0
49.62	11.332	0
49.62	16.332	4.4804
49.62	21.332	7.5019
49.62	26.332	0
49.62	31.332	22.3069
49.62	36.332	16.1783
49.62	41.332	14.6506
49.62	46.332	0
49.62	51.332	15.802
49.62	56.332	19.0191
49.62	61.332	11.2028
49.62	66.332	3.3926
49.62	71.332	0
49.62	76.332	11.686
49.62	81.332	27.8474
49.62	86.332	0
49.62	91.332	5.0602
49.62	96.332	0
49.62	101.332	0
49.62	106.332	12.4964
49.62	111.332	8.7578
49.62	116.332	14.9194
49.62	121.332	0
49.62	126.332	0.2745
49.62	131.332	0
49.62	136.332	12.4794
49.62	141.332	0
49.62	146.332	0
49.62	151.332	14.6597
49.62	156.332	8.0686
49.62	161.332	9.8596
49.62	166.332	3.132
49.62	171.332	22.3847
49.62	176.332	22.7916
49.62	181.332	0
49.62	186.332	0
49.62	191.332	2.3455
49.62	196.332	0.0408
49.62	201.332	0
49.62	206.332	0
49.62	211.332	0
49.62	216.332	15.2317
49.62	221.332	0
49.62	226.332	0
49.62	231.332	0
49.62	236.332	15.0228
49.62	241.332	18.402
49.62	246.332	6.9572
49.62	251.332	1.3874
49.62	256.332	4.8026
49.62	261.332	23.5534
49.62	266.332	0
49.62	271.332	0
49.62	276.332	6.9711
49.62	281.332	0
49.62	286.332	12.3968
49.62	291.332	11.9137
49.62	296.332	49.6266
49.62	301.332	1.6707
49.62	306.332	8.4852
49.62	311.332	17.2688
49.62	316.332	0
49.62	321.332	21.2157
49.62	326.332	32.6533
49.62	331.332	0
49.62	336.332	5.5333
49.62	341.332	8.4726
49.62	346.332	0
49.62	351.332	21.3821
49.62	356.332	0
55.363	1.519	25.3109
55.363	6.519	20.9292
55.363	11.519	20.8822
55.363	16.519	8.7604
55.363	21.519	3.1589
55.363	26.519	16.3833
55.363	31.519	11.7803
55.363	36.519	8.9534
55.363	41.519	0
55.363	46.519	10.0398
55.363	51.519	0
55.363	56.519	14.8772
55.363	61.519	30.9628
55.363	66.519	19.5756
55.363	71.519	5.4015
55.363	76.519	8.657
55.363	81.519	6.5308
55.363	86.519	16.8499
55.363	91.519	0
55.363	96.519	7.6227
55.363	101.519	17.8167
55.363	106.519	8.3683
55.363	111.519	7.0871
55.363	116.519	13.177
55.363	121.519	18.7222
55.363	126.519	4.6944
55.363	131.519	0
55.363	136.519	0
55.363	141.519	2.6944
55.363	146.519	11.8628
55.363	151.519	3.5401
55.363	156.519	0
55.363	161.519	0
55.363	166.519	0.5978
55.363	171.519	17.6772
55.363	176.519	7.2979
55.363	181.519	14.2496
55.363	186.519	40.6919
55.363	191.519	24.3659
55.363	196.519	5.4306
55.363	201.519	23.6867
55.363	206.519	34.5776
55.363	211.519	18.4076
55.363	216.519	0.8138
55.363	221.519	7.2066
55.363	226.519	3.2887
55.363	231.519	4.1387
55.363	236.519	14.5545
55.363	241.519	32.7261
55.363	246.519	7.3669
55.363	251.519	12.2674
55.363	256.519	0.3642
55.363	261.519	0
55.363	266.519	19.4633
55.363	271.519	8.5856
55.363	276.519	19.3084
55.363	281.519	36.0051
55.363	286.519	0
55.363	291.519	6.5113
55.363	296.519	5.7987
55.363	301.519	22.6239
55.363	306.519	4.8215
55.363	311.519	6.7893
55.363	316.519	4.737
55.363	321.519	31.7418
55.363	326.519	1.956
55.363	331.519	17.7243
55.363	336.519	15.0095
55.363	341.519	16.9043
55.363	346.519	0
55.363	351.519	5.4686
55.363	356.519	22.5605
59.991	1.5	0
59.991	6.5	5.3923
59.991	11.5	1.3581
59.991	16.5	13.0337
59.991	21.5	15.4723
59.991	26.5	14.1126
59.991	31.5	5.5151
59.991	36.5	28.6226
59.991	41.5	2.7023
59.991	46.5	7.2898
59.991	51.5	0
59.991	56.5	0
59.991	61.5	0
59.991	66.5	0
59.991	71.5	22.3831
59.991	76.5	26.0137
59.991	81.5	1.6456
59.991	86.5	0
59.991	91.5	16.0147
59.991	96.5	29.5675
59.991	101.5	0
59.991	106.5	21.7318
59.991	111.5	14.7964
59.991	116.5	18.3
59.991	121.5	0
59.991	126.5	15.9337
59.991	131.5	10.5369
59.991	136.5	7.429
59.991	141.5	24.3051
59.991	146.5	18.0807
59.991	151.5	15.3585
59.991	156.5	0
59.991	161.5	17.5787
59.991	166.5	19.4313
59.991	171.5	0
59.991	176.5	0
59.991	181.5	0.3997
59.991	186.5	2.1059
59.991	191.5	0
59.991	196.5	0
59.991	201.5	3.5991
59.991	206.5	0
59.991	211.5	3.2676
59.991	216.5	21.0394
59.991	221.5	20.2238
59.991	226.5	26.2938
59.991	231.5	3.8218
59.991	236.5	0
59.991	241.5	0
59.991	246.5	20.4105
59.991	251.5	12.3529
59.991	256.5	28.2107
59.991	261.5	5.5161
59.991	266.5	0
59.991	271.5	32.8151
59.991	276.5	0
59.991	281.5	0
59.991	286.5	8.491
59.991	291.5	15.8365
59.991	296.5	6.2329
59.991	301.5	11.7268
59.991	306.5	8.5284
59.991	311.5	18.4833
59.991	316.5	3.5545
59.991	321.5	21.2638
59.991	326.5	9.8081
59.991	331.5	27.2089
59.991	336.5	16.7783
59.991	341.5	0
59.991	346.5	10.5172
59.991	351.5	0.3953
59.991	356.5	4.1955
64.614	2.014	0
64.614	7.014	29.9294
64.614	12.014	9.984
64.614	17.014	16.1412
64.614	22.014	14.4534
64.614	27.014	0
64.614	32.014	0
64.614	37.014	1.9126
64.614	42.014	0
64.614	47.014	1.828
64.614	52.014	5.3288
64.614	57.014	13.5797
64.614	62.014	19.0859
64.614	67.014	23.0264
64.614	72.014	2.516
64.614	77.014	13.6646
64.614	82.014	0.2494
64.614	87.014	11.0866
64.614	92.014	0
64.614	97.014	9.9152
64.614	102.014	3.014
64.614	107.014	17.6972
64.614	112.014	3.7005
64.614	117.014	10.37
64.614	122.014	0
64.614	127.014	13.0472
64.614	132.014	17.4601
64.614	137.014	3.3937
64.614	142.014	9.4701
64.614	147.014	0
64.614	152.014	3.5808
64.614	157.014	9.0556
64.614	162.014	25.0539
64.614	167.014	0
64.614	172.014	0
64.614	177.014	11.2971
64.614	182.014	7.7456
64.614	187.014	0
64.614	192.014	2.6628
64.614	197.014	0
64.614	202.014	0
64.614	207.014	21.5962
64.614	212.014	10.5144
64.614	217.014	3.6549
64.614	222.014	8.0692
64.614	227.014	4.0612
64.614	232.014	3.9489
64.614	237.014	6.3365
64.614	242.014	5.3791
64.614	247.014	0
64.614	252.014	0
64.614	257.014	7.254
64.614	262.014	0.595
64.614	267.014	8.1875
64.614	272.014	6.7491
64.614	277.014	1.9257
64.614	282.014	8.4273
64.614	287.014	0
64.614	292.014	0
64.614	297.014	9.5636
64.614	302.014	0
64.614	307.014	7.8353
64.614	312.014	8.2928
64.614	317.014	0
64.614	322.014	0
64.614	327.014	0
64.614	332.014	19.3771
64.614	337.014	6.7971
64.614	342.014	0
64.614	347.014	0
64.614	352.014	0
64.614	357.014	15.278
70.354	2.568	0
70.354	7.568	8.6371
70.354	12.568	0
70.354	17.568	9.2791
70.354	22.568	0
70.354	27.568	10.3128
70.354	32.568	34.478
70.354	37.568	8.1741
70.354	42.568	1.918
70.354	47.568	5.9573
70.354	52.568	19.7505
70.354	57.568	20.7099
70.354	62.568	18.0667
70.354	67.568	14.9594
70.354	72.568	2.3091
70.354	77.568	0.9657
70.354	82.568	16.5742
70.354	87.568	2.0345
70.354	92.568	6.8241
70.354	97.568	9.5739
70.354	102.568	22.3895
70.354	107.568	4.1822
70.354	112.568	13.1065
70.354	117.568	11.9437
70.354	122.568	1.8554
70.354	127.568	0
70.354	132.568	6.0095
70.354	137.568	0
70.354	142.568	2.507
70.354	147.568	0.6782
70.354	152.568	0
70.354	157.568	9.7162
70.354	162.568	11.1459
70.354	167.568	4.2348
70.354	172.568	2.3502
70.354	177.568	0
70.354	182.568	11.2853
70.354	187.568	18.7972
70.354	192.568	22.6906
70.354	197.568	0
70.354	202.568	0
70.354	207.568	0
70.354	212.568	16.114
70.354	217.568	10.3307
70.354	222.568	7.4608
70.354	227.568	10.5857
70.354	232.568	5.0575
70.354	237.568	9.0121
70.354	242.568	0
70.354	247.568	17.4097
70.354	252.568	0
70.354	257.568	0
70.354	262.568	0
70.354	267.568	0
70.354	272.568	0
70.354	277.568	0
70.354	282.568	8.1243
70.354	287.568	5.4037
70.354	292.568	8.1678
70.354	297.568	2.5615
70.354	302.568	6.7549
70.354	307.568	6.2496
70.354	312.568	4.5521
70.354	317.568	22.8274
70.354	322.568	0
70.354	327.568	0
70.354	332.568	11.2727
70.354	337.568	5.9622
70.354	342.568	0
70.354	347.568	23.0708
70.354	352.568	0
70.354	357.568	0
74.982	2.895	19.0951
74.982	7.895	15.1305
74.982	12.895	7.0525
74.982	17.895	0
74.982	22.895	32.0472
74.982	27.895	7.7201
74.982	32.895	16.8152
74.982	37.895	4.6237
74.982	42.895	13.6075
74.982	47.895	10.7024
74.982	52.895	2.4376
74.982	57.895	0
74.982	62.895	15.061
74.982	67.895	13.5584
74.982	72.895	5.0361
74.982	77.895	0
74.982	82.895	0
74.982	87.895	5.947
74.982	92.895	8.5002
74.982	97.895	0
74.982	102.895	2.1253
74.982	107.895	4.7298
74.982	112.895	14.164
74.982	117.895	0
74.982	122.895	0.4862
74.982	127.895	7.1522
74.982	132.895	7.9951
74.982	137.895	27.4037
74.982	142.895	0
74.982	147.895	6.2935
74.982	152.895	0
74.982	157.895	4.3067
74.982	162.895	0
74.982	167.895	32.2895
74.982	172.895	11.3178
74.982	177.895	8.0538
74.982	182.895	15.6873
74.982	187.895	22.6334
74.982	192.895	0
74.982	197.895	15.7639
74.982	202.895	0
74.982	207.895	14.3337
74.982	212.895	0.0848
74.982	217.895	5.2928
74.982	222.895	9.0962
74.982	227.895	3.0939
74.982	232.895	0
74.982	237.895	0
74.982	242.895	1.1777
74.982	247.895	12.5457
74.982	252.895	11.4673
74.982	257.895	31.4221
74.982	262.895	18.1227
74.982	267.895	0
74.982	272.895	11.9367
74.982	277.895	9.3771
74.982	282.895	0
74.982	287.895	9.5772
74.982	292.895	21.1898
74.982	297.895	10.4057
74.982	302.895	4.3831
74.982	307.895	8.0356
74.982	312.895	1.4832
74.982	317.895	0
74.982	322.895	15.8739
74.982	327.895	26.0172
74.982	332.895	0
74.982	337.895	14.1865
74.982	342.895	15.9092
74.982	347.895	8.5136
74.982	352.895	12.5755
74.982	357.895	10.3903
79.592	4.784	17.012
79.592	9.784	0
79.592	14.784	0
79.592	19.784	43.5187
79.592	24.784	7.6076
79.592	29.784	21.5937
79.592	34.784	2.8893
79.592	39.784	0
79.592	44.784	0
79.592	49.784	12.0499
79.592	54.784	12.916
79.592	59.784	8.7919
79.592	64.784	3.8341
79.592	69.784	12.5254
79.592	74.784	0
79.592	79.784	17.5901
79.592	84.784	8.1856
79.592	89.784	14.1674
79.592	94.784	0
79.592	99.784	1.6695
79.592	104.784	13.2648
79.592	109.784	0
79.592	114.784	8.0231
79.592	119.784	9.8144
79.592	124.784	0
79.592	129.784	8.3568
79.592	134.784	10.6963
79.592	139.784	2.8694
79.592	144.784	3.3042
79.592	149.784	0
79.592	154.784	17.3223
79.592	159.784	11.6778
79.592	164.784	0
79.592	169.784	0
79.592	174.784	0
79.592	179.784	19.2261
79.592	184.784	0
79.592	189.784	12.6315
79.592	194.784	24.2655
79.592	199.784	19.548
79.592	204.784	0
79.592	209.784	4.4888
79.592	214.784	0
79.592	219.784	12.9226
79.592	224.784	0
79.592	229.784	0
79.592	234.784	0
79.592	239.784	5.8342
79.592	244.784	23.5687
79.592	249.784	0
79.592	254.784	5.2313
79.592	259.784	0
79.592	264.784	1.3154
79.592	269.784	11.2055
79.592	274.784	0
79.592	279.784	13.1408
79.592	284.784	13.687
79.592	289.784	7.7165
79.592	294.784	10.8107
79.592	299.784	0.9824
79.592	304.784	17.5975
79.592	309.784	0
79.592	314.784	7.5987
79.592	319.784	0
79.592	324.784	0
79.592	329.784	7.7117
79.592	334.784	6.704
79.592	339.784	0
79.592	344.784	20.7516
79.592	349.784	0.4277
79.592	354.784	0
79.592	359.784	11.2641
85.293	0	1.10015
85.293	5	3.8583
85.293	10	14.1548
85.293	15	13.26765
85.293	20	6.4467
85.293	25	11.44125
85.293	30	2.77515
85.293	35	9.93975
85.293	40	15.52515
85.293	45	21.57425
85.293	50	0
85.293	55	8.5371
85.293	60	6.79635
85.293	65	19.1915
85.293	70	13.772
85.293	75	7.6068
85.293	80	5.61625
85.293	85	2.546
85.293	90	1.13885
85.293	95	10.83355
85.293	100	7.0082
85.293	105	5.12985
85.293	110	2.8373
85.293	115	5.30985
85.293	120	3.4099
85.293	125	8.0315
85.293	130	1.24975
85.293	135	2.39975
85.293	140	0
85.293	145	19.468
85.293	150	0
85.293	155	11.9907
85.293	160	10.03965
85.293	165	7.11405
85.293	170	9.07475
85.293	175	18.03625
85.293	180	1.04085
85.293	185	2.71885
85.293	190	3.5559
85.293	195	7.6334
85.293	200	0
85.293	205	5.3764
85.293	210	8.6869
85.293	215	8.82365
85.293	220	1.9355
85.293	225	12.98045
85.293	230	1.06455
85.293	235	2.63615
85.293	240	7.8958
85.293	245	6.81605
85.293	250	5.42955
85.293	255	0
85.293	260	0
85.293	265	2.7279
85.293	270	4.1448
85.293	275	1.7661
85.293	280	13.3448
85.293	285	15.96345
85.293	290	23.52585
85.293	295	2.01865
85.293	300	23.97205
85.293	305	0
85.293	310	0
85.293	315	1.98835
85.293	320	2.424
85.293	325	2.4013
85.293	330	19.8284
85.293	335	7.4439
85.293	340	4.5394
85.293	345	7.14535
85.293	350	8.8824
85.293	355	11.104
89.25	5	0
89.25	10	0
89.25	15	0
89.25	20	0
89.25	25	0
89.25	30	0
89.25	35	0
89.25	40	0
89.25	45	5.4215
89.25	50	12.547
89.25	55	7.4215
89.25	60	23.9154
89.25	65	11.703
89.25	70	9.4378
89.25	75	11.2482
89.25	80	0
89.25	85	27.499
89.25	90	0
89.25	95	7.9291
89.25	100	0.8753
89.25	105	2.2553
89.25	110	5.0784
89.25	115	0.9443
89.25	120	0
89.25	125	20.4962
89.25	130	0
89.25	135	3.7555
89.25	140	14.7215
89.25	145	0.1829
89.25	150	5.2695
89.25	155	3.5681
89.25	160	1.396
89.25	165	0
89.25	170	12.1361
89.25	175	21.6411
89.25	180	0
89.25	185	3.683
89.25	190	3.5883
89.25	195	2.6336
89.25	200	0
89.25	205	7.5488
89.25	210	0
89.25	215	0
89.25	220	22.2301
89.25	225	19.4317
89.25	230	17.3508
89.25	235	18.94
89.25	240	6.906
89.25	245	5.9443
89.25	250	0
89.25	255	6.1187
89.25	260	7.482
89.25	265	11.4029
89.25	270	1.8975
89.25	275	19.2268
89.25	280	0
89.25	285	0
89.25	290	1.6428
89.25	295	0
89.25	300	0
89.25	305	2.1903
89.25	310	6.2319
89.25	315	0
89.25	320	0
89.25	325	4.3741
89.25	330	14.6115
89.25	335	0
89.25	340	0
89.25	345	0
89.25	350	8.047
89.25	355	0.818
89.25	360	5.6493
