>BT8; Created QKowari;
>grid: 
>backgr: 
-2.0
0	2.1	2133.0344
0	7.1	2718.5076
0	12.1	464.8442
0	17.1	948.1824
0	22.1	2278.6864
0	27.1	492.2715
0	32.1	184.2949
0	37.1	141.2461
0	42.1	67.5898
0	47.1	31.2154
0	52.1	129.8389
0	57.1	30.5244
0	62.1	26.1248
0	67.1	46.6716
0	72.1	45.0752
0	77.1	60.8943
0	82.1	158.6218
0	87.1	73.8363
0	92.1	897.7621
0	97.1	257.2328
0	102.1	153.271
0	107.1	62.5722
0	112.1	56.7966
0	117.1	22.7863
0	122.1	18.6525
0	127.1	126.5513
0	132.1	536.3765
0	137.1	275.0365
0	142.1	165.6595
0	147.1	366.1023
0	152.1	199.8912
0	157.1	587.4201
0	162.1	290.8209
0	167.1	670.0664
0	172.1	634.1099
0	177.1	454.6037
0	182.1	4649.0599
0	187.1	2809.9119
0	192.1	316.5986
0	197.1	997.9114
0	202.1	1620.2122
0	207.1	473.9944
0	212.1	206.669
0	217.1	121.0395
0	222.1	61.2508
0	227.1	26.504
0	232.1	92.8208
0	237.1	40.9208
0	242.1	31.3588
0	247.1	39.3203
0	252.1	44.1191
0	257.1	52.79
0	262.1	122.1985
0	267.1	64.2848
0	272.1	534.7912
0	277.1	169.1563
0	282.1	187.2985
0	287.1	56.8894
0	292.1	20.6455
0	297.1	19.9782
0	302.1	26.6206
0	307.1	120.0596
0	312.1	423.5767
0	317.1	215.1268
0	322.1	115.7102
0	327.1	409.8086
0	332.1	310.8173
0	337.1	542.87
0	342.1	305.6762
0	347.1	587.2172
0	352.1	479.8303
0	357.1	550.0471
5.145	2.224	1211.3355
5.145	7.224	1184.4564
5.145	12.224	246.38695
5.145	17.224	1774.03985
5.145	22.224	231.74675
5.145	27.224	409.74055
5.145	32.224	445.93215
5.145	37.224	344.28055
5.145	42.224	42.9375
5.145	47.224	40.09245
5.145	52.224	43.3594
5.145	57.224	62.07385
5.145	62.224	4.02525
5.145	67.224	676.5557
5.145	72.224	46.3976
5.145	77.224	42.49035
5.145	82.224	78.15085
5.145	87.224	89.2685
5.145	92.224	466.49545
5.145	97.224	62.08555
5.145	102.224	118.02795
5.145	107.224	38.18935
5.145	112.224	83.87635
5.145	117.224	220.638
5.145	122.224	89.49065
5.145	127.224	37.3664
5.145	132.224	16.13515
5.145	137.224	55.8827
5.145	142.224	57.728
5.145	147.224	436.04385
5.145	152.224	613.39635
5.145	157.224	1036.19995
5.145	162.224	278.06995
5.145	167.224	757.2433
5.145	172.224	724.85865
5.145	177.224	576.91975
5.145	182.224	660.8553
5.145	187.224	332.80315
5.145	192.224	291.3554
5.145	197.224	134.4778
5.145	202.224	139.3502
5.145	207.224	133.45325
5.145	212.224	65.67615
5.145	217.224	132.69435
5.145	222.224	152.35125
5.145	227.224	50.36095
5.145	232.224	108.4031
5.145	237.224	57.40325
5.145	242.224	109.318
5.145	247.224	19.74185
5.145	252.224	160.21615
5.145	257.224	75.53225
5.145	262.224	56.03195
5.145	267.224	107.80985
5.145	272.224	511.5423
5.145	277.224	77.82925
5.145	282.224	175.9608
5.145	287.224	64.0113
5.145	292.224	318.37455
5.145	297.224	55.06855
5.145	302.224	77.88055
5.145	307.224	38.03345
5.145	312.224	261.13985
5.145	317.224	457.215
5.145	322.224	220.7521
5.145	327.224	174.1671
5.145	332.224	423.9622
5.145	337.224	215.5986
5.145	342.224	135.2173
5.145	347.224	786.56365
5.145	352.224	1661.1323
5.145	357.224	472.20585
9.838	2.194	329.5224
9.838	7.194	230.8615
9.838	12.194	370.7445
9.838	17.194	200.0746
9.838	22.194	81.6818
9.838	27.194	137.7485
9.838	32.194	213.6731
9.838	37.194	367.5156
9.838	42.194	266.3373
9.838	47.194	155.9401
9.838	52.194	221.5037
9.838	57.194	133.9697
9.838	62.194	88.9806
9.838	67.194	1047.9383
9.838	72.194	82.485
9.838	77.194	200.6265
9.838	82.194	156.4528
9.838	87.194	87.8373
9.838	92.194	189.3289
9.838	97.194	71.2843
9.838	102.194	53.7705
9.838	107.194	95.4633
9.838	112.194	234.5626
9.838	117.194	107.8457
9.838	122.194	115.0861
9.838	127.194	83.6981
9.838	132.194	370.3039
9.838	137.194	111.4303
9.838	142.194	54.9608
9.838	147.194	127.3061
9.838	152.194	87.9087
9.838	157.194	478.4973
9.838	162.194	250.662
9.838	167.194	63.1527
9.838	172.194	173.1503
9.838	177.194	100.5838
9.838	182.194	100.207
9.838	187.194	309.6562
9.838	192.194	575.7666
9.838	197.194	238.804
9.838	202.194	164.2307
9.838	207.194	50.3429
9.838	212.194	82.9771
9.838	217.194	68.8109
9.838	222.194	97.5039
9.838	227.194	50.5345
9.838	232.194	96.3174
9.838	237.194	106.141
9.838	242.194	38.9301
9.838	247.194	27.9064
9.838	252.194	82.9851
9.838	257.194	26.4738
9.838	262.194	44.8842
9.838	267.194	141.0301
9.838	272.194	125.5938
9.838	277.194	501.8896
9.838	282.194	198.4278
9.838	287.194	126.9064
9.838	292.194	124.4902
9.838	297.194	118.0476
9.838	302.194	36.4222
9.838	307.194	65.4522
9.838	312.194	127.6601
9.838	317.194	200.3406
9.838	322.194	406.9181
9.838	327.194	116.8491
9.838	332.194	104.3529
9.838	337.194	200.1521
9.838	342.194	448.3869
9.838	347.194	56.2737
9.838	352.194	484.8426
9.838	357.194	305.4036
14.98	1.998	94.8864
14.98	6.998	174.3256
14.98	11.998	133.204
14.98	16.998	199.0226
14.98	21.998	51.0551
14.98	26.998	678.4454
14.98	31.998	498.2961
14.98	36.998	157.1333
14.98	41.998	46.9498
14.98	46.998	58.1915
14.98	51.998	226.7422
14.98	56.998	96.762
14.98	61.998	544.0338
14.98	66.998	163.9352
14.98	71.998	49.1925
14.98	76.998	379.6811
14.98	81.998	42.6231
14.98	86.998	110.0463
14.98	91.998	231.8653
14.98	96.998	54.7952
14.98	101.998	74.386
14.98	106.998	217.4258
14.98	111.998	369.7353
14.98	116.998	138.3913
14.98	121.998	68.6517
14.98	126.998	77.3767
14.98	131.998	75.0165
14.98	136.998	502.72
14.98	141.998	221.683
14.98	146.998	283.3362
14.98	151.998	45.0135
14.98	156.998	108.192
14.98	161.998	89.2514
14.98	166.998	274.086
14.98	171.998	105.1887
14.98	176.998	325.8363
14.98	181.998	110.5357
14.98	186.998	344.8984
14.98	191.998	58.5457
14.98	196.998	64.9646
14.98	201.998	243.9934
14.98	206.998	56.5797
14.98	211.998	88.1079
14.98	216.998	56.1887
14.98	221.998	124.1528
14.98	226.998	769.708
14.98	231.998	42.377
14.98	236.998	56.603
14.98	241.998	153.5086
14.98	246.998	72.5742
14.98	251.998	118.0926
14.98	256.998	54.4314
14.98	261.998	103.3755
14.98	266.998	119.4318
14.98	271.998	245.5814
14.98	276.998	168.9907
14.98	281.998	182.0434
14.98	286.998	213.805
14.98	291.998	154.803
14.98	296.998	165.8065
14.98	301.998	61.1262
14.98	306.998	76.0903
14.98	311.998	77.4213
14.98	316.998	148.6379
14.98	321.998	70.9321
14.98	326.998	182.9061
14.98	331.998	90.1811
14.98	336.998	155.9451
14.98	341.998	234.2187
14.98	346.998	104.5796
14.98	351.998	87.3875
14.98	356.998	95.1576
20.126	2.055	84.2393
20.126	7.055	162.816
20.126	12.055	156.811
20.126	17.055	85.5065
20.126	22.055	4.5279
20.126	27.055	202.0829
20.126	32.055	49.2413
20.126	37.055	52.2995
20.126	42.055	200.6485
20.126	47.055	177.7998
20.126	52.055	285.3788
20.126	57.055	621.076
20.126	62.055	348.5667
20.126	67.055	110.9394
20.126	72.055	379.7845
20.126	77.055	342.6925
20.126	82.055	61.8462
20.126	87.055	328.1752
20.126	92.055	256.976
20.126	97.055	92.145
20.126	102.055	68.413
20.126	107.055	240.802
20.126	112.055	64.7454
20.126	117.055	201.3846
20.126	122.055	69.9072
20.126	127.055	206.9281
20.126	132.055	300.1328
20.126	137.055	613.0572
20.126	142.055	115.6736
20.126	147.055	177.1561
20.126	152.055	86.746
20.126	157.055	30.3788
20.126	162.055	68.2307
20.126	167.055	53.0202
20.126	172.055	73.4421
20.126	177.055	39.7083
20.126	182.055	53.4019
20.126	187.055	22.7178
20.126	192.055	51.9964
20.126	197.055	44.9637
20.126	202.055	88.442
20.126	207.055	49.3352
20.126	212.055	161.0353
20.126	217.055	93.16
20.126	222.055	85.8918
20.126	227.055	81.4092
20.126	232.055	118.5965
20.126	237.055	135.6973
20.126	242.055	121.9217
20.126	247.055	19.6871
20.126	252.055	87.8435
20.126	257.055	51.4951
20.126	262.055	333.8291
20.126	267.055	241.1655
20.126	272.055	361.928
20.126	277.055	281.0339
20.126	282.055	91.4682
20.126	287.055	88.9636
20.126	292.055	266.14
20.126	297.055	194.7398
20.126	302.055	134.6764
20.126	307.055	156.8342
20.126	312.055	119.0469
20.126	317.055	183.4439
20.126	322.055	100.4252
20.126	327.055	271.6495
20.126	332.055	107.2774
20.126	337.055	600.7331
20.126	342.055	44.553
20.126	347.055	55.0495
20.126	352.055	104.9984
20.126	357.055	33.8498
24.818	1.953	30.439
24.818	6.953	40.4367
24.818	11.953	28.524
24.818	16.953	66.2743
24.818	21.953	50.0374
24.818	26.953	30.2801
24.818	31.953	66.7603
24.818	36.953	99.7114
24.818	41.953	141.7907
24.818	46.953	214.0129
24.818	51.953	306.3361
24.818	56.953	328.4776
24.818	61.953	219.3271
24.818	66.953	140.8519
24.818	71.953	171.4054
24.818	76.953	150.9599
24.818	81.953	176.9251
24.818	86.953	157.7326
24.818	91.953	228.6342
24.818	96.953	141.5298
24.818	101.953	545.6185
24.818	106.953	102.6625
24.818	111.953	108.6405
24.818	116.953	282.9156
24.818	121.953	308.1807
24.818	126.953	488.4189
24.818	131.953	424.2037
24.818	136.953	143.5585
24.818	141.953	321.4363
24.818	146.953	357.0131
24.818	151.953	46.2022
24.818	156.953	75.6045
24.818	161.953	38.0388
24.818	166.953	34.2933
24.818	171.953	21.5723
24.818	176.953	29.134
24.818	181.953	13.2689
24.818	186.953	16.5965
24.818	191.953	13.6361
24.818	196.953	28.0402
24.818	201.953	76.5351
24.818	206.953	71.1989
24.818	211.953	126.3819
24.818	216.953	77.8627
24.818	221.953	267.1195
24.818	226.953	117.5727
24.818	231.953	463.1489
24.818	236.953	257.4499
24.818	241.953	205.1252
24.818	246.953	123.5468
24.818	251.953	149.2219
24.818	256.953	87.8051
24.818	261.953	170.0306
24.818	266.953	614.368
24.818	271.953	354.9091
24.818	276.953	132.625
24.818	281.953	78.4933
24.818	286.953	462.8341
24.818	291.953	481.5759
24.818	296.953	151.3347
24.818	301.953	432.3791
24.818	306.953	131.8957
24.818	311.953	328.397
24.818	316.953	162.4706
24.818	321.953	50.7698
24.818	326.953	82.9086
24.818	331.953	188.5674
24.818	336.953	44.6261
24.818	341.953	44.1102
24.818	346.953	64.1015
24.818	351.953	72.5275
24.818	356.953	30.3182
29.958	1.652	40.6622
29.958	6.652	29.4086
29.958	11.652	37.9776
29.958	16.652	24.6935
29.958	21.652	45.8846
29.958	26.652	39.3294
29.958	31.652	28.0291
29.958	36.652	82.2939
29.958	41.652	125.5831
29.958	46.652	167.8467
29.958	51.652	199.8996
29.958	56.652	701.1538
29.958	61.652	256.0526
29.958	66.652	251.9263
29.958	71.652	115.6573
29.958	76.652	166.808
29.958	81.652	83.515
29.958	86.652	95.5234
29.958	91.652	97.1871
29.958	96.652	133.8193
29.958	101.652	90.8675
29.958	106.652	268.6183
29.958	111.652	187.5415
29.958	116.652	390.3299
29.958	121.652	154.9361
29.958	126.652	338.2992
29.958	131.652	259.7502
29.958	136.652	564.5601
29.958	141.652	161.846
29.958	146.652	156.4567
29.958	151.652	223.1227
29.958	156.652	53.5011
29.958	161.652	34.4555
29.958	166.652	22.6934
29.958	171.652	2.6431
29.958	176.652	3.4503
29.958	181.652	7.5452
29.958	186.652	60.3981
29.958	191.652	96.188
29.958	196.652	87.9995
29.958	201.652	110.5648
29.958	206.652	50.7904
29.958	211.652	153.4756
29.958	216.652	45.2606
29.958	221.652	154.8765
29.958	226.652	203.8464
29.958	231.652	156.0887
29.958	236.652	212.9192
29.958	241.652	190.6912
29.958	246.652	95.018
29.958	251.652	193.4547
29.958	256.652	114.4366
29.958	261.652	122.9412
29.958	266.652	154.7582
29.958	271.652	188.7004
29.958	276.652	151.1981
29.958	281.652	143.9051
29.958	286.652	477.681
29.958	291.652	165.782
29.958	296.652	123.7976
29.958	301.652	212.3752
29.958	306.652	438.1414
29.958	311.652	314.273
29.958	316.652	477.7014
29.958	321.652	417.1722
29.958	326.652	187.982
29.958	331.652	88.4573
29.958	336.652	239.2834
29.958	341.652	32.2859
29.958	346.652	129.2954
29.958	351.652	6.7927
29.958	356.652	37.7998
35.104	1.62	0
35.104	6.62	29.871
35.104	11.62	133.8369
35.104	16.62	20.8966
35.104	21.62	49.172
35.104	26.62	80.0046
35.104	31.62	206.2027
35.104	36.62	122.5379
35.104	41.62	630.2922
35.104	46.62	322.5603
35.104	51.62	665.7994
35.104	56.62	410.8333
35.104	61.62	263.4226
35.104	66.62	361.4074
35.104	71.62	224.3649
35.104	76.62	67.9122
35.104	81.62	105.3429
35.104	86.62	265.6733
35.104	91.62	101.7666
35.104	96.62	295.7955
35.104	101.62	227.1993
35.104	106.62	117.8955
35.104	111.62	225.882
35.104	116.62	246.1543
35.104	121.62	403.3224
35.104	126.62	357.5814
35.104	131.62	328.4488
35.104	136.62	423.3004
35.104	141.62	402.7405
35.104	146.62	213.112
35.104	151.62	78.8759
35.104	156.62	24.4685
35.104	161.62	30.7504
35.104	166.62	84.9372
35.104	171.62	16.9367
35.104	176.62	25.2244
35.104	181.62	3.8009
35.104	186.62	103.9815
35.104	191.62	44.0699
35.104	196.62	16.0734
35.104	201.62	7.4084
35.104	206.62	47.6587
35.104	211.62	407.3607
35.104	216.62	138.0423
35.104	221.62	255.2425
35.104	226.62	782.4505
35.104	231.62	219.2492
35.104	236.62	309.3228
35.104	241.62	254.7505
35.104	246.62	214.1046
35.104	251.62	71.9107
35.104	256.62	416.7094
35.104	261.62	95.5653
35.104	266.62	118.8252
35.104	271.62	149.8665
35.104	276.62	291.7888
35.104	281.62	207.8397
35.104	286.62	89.5102
35.104	291.62	233.7899
35.104	296.62	155.9434
35.104	301.62	640.0011
35.104	306.62	429.1229
35.104	311.62	273.0446
35.104	316.62	171.9069
35.104	321.62	284.9173
35.104	326.62	353.5591
35.104	331.62	27.7718
35.104	336.62	57.1
35.104	341.62	55.298
35.104	346.62	18.1182
35.104	351.62	37.6367
35.104	356.62	22.4484
39.793	1.4	165.1811
39.793	6.4	37.3114
39.793	11.4	81.525
39.793	16.4	123.8677
39.793	21.4	66.7428
39.793	26.4	48.4923
39.793	31.4	186.0672
39.793	36.4	59.2655
39.793	41.4	250.6253
39.793	46.4	272.8535
39.793	51.4	162.8818
39.793	56.4	285.2287
39.793	61.4	169.7226
39.793	66.4	125.6647
39.793	71.4	127.6838
39.793	76.4	122.0558
39.793	81.4	33.0799
39.793	86.4	55.1493
39.793	91.4	102.2244
39.793	96.4	81.4653
39.793	101.4	84.5036
39.793	106.4	103.6209
39.793	111.4	54.6736
39.793	116.4	314.0633
39.793	121.4	238.9026
39.793	126.4	444.672
39.793	131.4	358.5656
39.793	136.4	158.959
39.793	141.4	489.0145
39.793	146.4	86.0558
39.793	151.4	481.8627
39.793	156.4	190.513
39.793	161.4	27.0056
39.793	166.4	58.0881
39.793	171.4	9.9987
39.793	176.4	40.2192
39.793	181.4	53.6401
39.793	186.4	34.3339
39.793	191.4	88.9399
39.793	196.4	567.7061
39.793	201.4	117.7022
39.793	206.4	37.8673
39.793	211.4	240.7198
39.793	216.4	214.3162
39.793	221.4	704.1973
39.793	226.4	362.474
39.793	231.4	300.0247
39.793	236.4	149.3601
39.793	241.4	212.1788
39.793	246.4	336.0916
39.793	251.4	128.1275
39.793	256.4	100.8601
39.793	261.4	68.7036
39.793	266.4	145.0693
39.793	271.4	263.6157
39.793	276.4	50.544
39.793	281.4	84.3515
39.793	286.4	69.7877
39.793	291.4	339.0045
39.793	296.4	91.1051
39.793	301.4	106.834
39.793	306.4	366.4961
39.793	311.4	87.7184
39.793	316.4	181.6087
39.793	321.4	503.0756
39.793	326.4	125.8054
39.793	331.4	71.0203
39.793	336.4	270.7035
39.793	341.4	68.2227
39.793	346.4	188.0473
39.793	351.4	48.0454
39.793	356.4	32.1916
44.927	0.902	202.4991
44.927	5.902	92.0104
44.927	10.902	181.687
44.927	15.902	408.3261
44.927	20.902	365.5723
44.927	25.902	420.8236
44.927	30.902	184.5776
44.927	35.902	337.6287
44.927	40.902	326.223
44.927	45.902	186.6001
44.927	50.902	491.8714
44.927	55.902	63.4354
44.927	60.902	196.2196
44.927	65.902	136.0829
44.927	70.902	82.9147
44.927	75.902	64.7595
44.927	80.902	60.7483
44.927	85.902	91.0016
44.927	90.902	89.0812
44.927	95.902	54.9601
44.927	100.902	161.2775
44.927	105.902	94.1214
44.927	110.902	44.3712
44.927	115.902	88.0961
44.927	120.902	198.289
44.927	125.902	314.7941
44.927	130.902	408.224
44.927	135.902	346.7427
44.927	140.902	314.9993
44.927	145.902	338.2903
44.927	150.902	128.3042
44.927	155.902	312.2449
44.927	160.902	181.3197
44.927	165.902	195.6495
44.927	170.902	573.2419
44.927	175.902	138.0831
44.927	180.902	75.8122
44.927	185.902	67.7754
44.927	190.902	470.4199
44.927	195.902	618.7999
44.927	200.902	1148.3122
44.927	205.902	57.6926
44.927	210.902	177.6525
44.927	215.902	486.9127
44.927	220.902	1369.3615
44.927	225.902	76.855
44.927	230.902	312.3205
44.927	235.902	168.995
44.927	240.902	64.691
44.927	245.902	281.1647
44.927	250.902	110.0527
44.927	255.902	68.6738
44.927	260.902	132.7403
44.927	265.902	50.0134
44.927	270.902	114.0879
44.927	275.902	120.1521
44.927	280.902	133.2684
44.927	285.902	195.4503
44.927	290.902	261.0134
44.927	295.902	102.4352
44.927	300.902	126.7149
44.927	305.902	294.1204
44.927	310.902	242.0093
44.927	315.902	655.0365
44.927	320.902	360.8033
44.927	325.902	171.0021
44.927	330.902	107.3221
44.927	335.902	114.1858
44.927	340.902	68.6202
44.927	345.902	224.7927
44.927	350.902	260.7323
44.927	355.902	131.6457
50.071	0.69	201.4269
50.071	5.69	502.3159
50.071	10.69	309.5412
50.071	15.69	2171.5281
50.071	20.69	466.5774
50.071	25.69	149.3878
50.071	30.69	1064.4185
50.071	35.69	214.2651
50.071	40.69	422.9079
50.071	45.69	512.0168
50.071	50.69	725.3633
50.071	55.69	152.4754
50.071	60.69	138.716
50.071	65.69	905.4159
50.071	70.69	39.995
50.071	75.69	154.6329
50.071	80.69	35.313
50.071	85.69	98.0597
50.071	90.69	39.533
50.071	95.69	416.7779
50.071	100.69	119.8499
50.071	105.69	45.7211
50.071	110.69	94.9964
50.071	115.69	144.5434
50.071	120.69	228.6832
50.071	125.69	393.7449
50.071	130.69	754.5706
50.071	135.69	287.6267
50.071	140.69	325.3544
50.071	145.69	172.7496
50.071	150.69	531.4248
50.071	155.69	555.4411
50.071	160.69	785.0518
50.071	165.69	298.0716
50.071	170.69	747.7415
50.071	175.69	444.2396
50.071	180.69	510.9484
50.071	185.69	225.6945
50.071	190.69	956.3817
50.071	195.69	109.7987
50.071	200.69	622.8538
50.071	205.69	309.1592
50.071	210.69	433.144
50.071	215.69	398.9921
50.071	220.69	435.2763
50.071	225.69	251.7496
50.071	230.69	511.7088
50.071	235.69	819.8555
50.071	240.69	2120.5398
50.071	245.69	1211.5896
50.071	250.69	95.1048
50.071	255.69	37.5809
50.071	260.69	560.2581
50.071	265.69	18.7397
50.071	270.69	70.5376
50.071	275.69	43.3466
50.071	280.69	68.0562
50.071	285.69	103.624
50.071	290.69	174.4688
50.071	295.69	93.8452
50.071	300.69	87.5717
50.071	305.69	451.1748
50.071	310.69	214.0076
50.071	315.69	433.0262
50.071	320.69	175.5687
50.071	325.69	170.7524
50.071	330.69	1105.989
50.071	335.69	320.804
50.071	340.69	355.6149
50.071	345.69	843.0657
50.071	350.69	451.7171
50.071	355.69	147.8567
54.754	0.205	1667.5289
54.754	5.205	698.3142
54.754	10.205	415.5685
54.754	15.205	1253.2033
54.754	20.205	874.4585
54.754	25.205	846.0868
54.754	30.205	507.7604
54.754	35.205	374.0802
54.754	40.205	426.8426
54.754	45.205	279.1981
54.754	50.205	324.9447
54.754	55.205	136.0848
54.754	60.205	78.8109
54.754	65.205	260.4934
54.754	70.205	23.6072
54.754	75.205	145.6713
54.754	80.205	103.423
54.754	85.205	52.1522
54.754	90.205	101.2601
54.754	95.205	23.8263
54.754	100.205	31.9699
54.754	105.205	27.894
54.754	110.205	112.2667
54.754	115.205	91.0063
54.754	120.205	465.9944
54.754	125.205	85.0829
54.754	130.205	302.566
54.754	135.205	202.6891
54.754	140.205	362.3326
54.754	145.205	177.3079
54.754	150.205	2126.1306
54.754	155.205	254.0423
54.754	160.205	357.499
54.754	165.205	1416.9706
54.754	170.205	997.7501
54.754	175.205	680.5555
54.754	180.205	1515.9283
54.754	185.205	656.3676
54.754	190.205	1891.3962
54.754	195.205	449.9462
54.754	200.205	2484.7452
54.754	205.205	784.5394
54.754	210.205	193.2134
54.754	215.205	554.7102
54.754	220.205	514.6769
54.754	225.205	470.2547
54.754	230.205	178.1494
54.754	235.205	84.2515
54.754	240.205	72.369
54.754	245.205	35.099
54.754	250.205	68.5284
54.754	255.205	100.2383
54.754	260.205	101.2199
54.754	265.205	20.6545
54.754	270.205	76.2209
54.754	275.205	117.0369
54.754	280.205	42.8528
54.754	285.205	225.4131
54.754	290.205	21.4276
54.754	295.205	215.1272
54.754	300.205	264.036
54.754	305.205	259.3415
54.754	310.205	92.3628
54.754	315.205	143.1091
54.754	320.205	1039.576
54.754	325.205	202.6951
54.754	330.205	760.1016
54.754	335.205	1010.4114
54.754	340.205	2117.0111
54.754	345.205	1012.5434
54.754	350.205	1479.2764
54.754	355.205	452.8907
59.873	4.215	2324.5211
59.873	9.215	490.33
59.873	14.215	1803.2859
59.873	19.215	462.457
59.873	24.215	585.29
59.873	29.215	930.9347
59.873	34.215	361.533
59.873	39.215	296.1833
59.873	44.215	256.9689
59.873	49.215	1103.9397
59.873	54.215	152.1713
59.873	59.215	113.086
59.873	64.215	125.2592
59.873	69.215	56.9348
59.873	74.215	14.4462
59.873	79.215	49.5607
59.873	84.215	11.9488
59.873	89.215	24.29
59.873	94.215	19.8471
59.873	99.215	1.2181
59.873	104.215	186.0118
59.873	109.215	146.7079
59.873	114.215	523.1509
59.873	119.215	158.8741
59.873	124.215	830.4439
59.873	129.215	172.8894
59.873	134.215	237.7888
59.873	139.215	388.037
59.873	144.215	247.5649
59.873	149.215	781.2782
59.873	154.215	1557.9437
59.873	159.215	894.6856
59.873	164.215	760.2327
59.873	169.215	720.8988
59.873	174.215	1025.2789
59.873	179.215	1684.9642
59.873	184.215	926.2268
59.873	189.215	1216.804
59.873	194.215	1010.9125
59.873	199.215	699.4672
59.873	204.215	258.9491
59.873	209.215	313.1563
59.873	214.215	465.986
59.873	219.215	280.9404
59.873	224.215	226.9569
59.873	229.215	286.6571
59.873	234.215	562.3614
59.873	239.215	291.5797
59.873	244.215	54.0932
59.873	249.215	43.3123
59.873	254.215	133.6571
59.873	259.215	45.0501
59.873	264.215	211.9141
59.873	269.215	60.8261
59.873	274.215	137.232
59.873	279.215	167.6837
59.873	284.215	200.6858
59.873	289.215	127.6992
59.873	294.215	103.0925
59.873	299.215	45.7572
59.873	304.215	96.182
59.873	309.215	163.3695
59.873	314.215	1015.1974
59.873	319.215	1008.5889
59.873	324.215	781.0941
59.873	329.215	560.2938
59.873	334.215	480.4413
59.873	339.215	783.9577
59.873	344.215	634.2421
59.873	349.215	808.2077
59.873	354.215	1412.7543
59.873	359.215	460.5709
65.007	3.444	868.1058
65.007	8.444	372.1074
65.007	13.444	1043.8218
65.007	18.444	848.2514
65.007	23.444	653.002
65.007	28.444	1318.3883
65.007	33.444	383.9157
65.007	38.444	335.7568
65.007	43.444	296.0031
65.007	48.444	478.4468
65.007	53.444	430.2171
65.007	58.444	284.1629
65.007	63.444	108.5574
65.007	68.444	95.4444
65.007	73.444	187.2091
65.007	78.444	0
65.007	83.444	143.6785
65.007	88.444	32.1662
65.007	93.444	37.8084
65.007	98.444	32.9674
65.007	103.444	1061.2355
65.007	108.444	117.3774
65.007	113.444	295.5089
65.007	118.444	207.9616
65.007	123.444	56.5446
65.007	128.444	410.6479
65.007	133.444	237.8434
65.007	138.444	359.605
65.007	143.444	368.6726
65.007	148.444	475.1217
65.007	153.444	730.1866
65.007	158.444	897.1329
65.007	163.444	399.7519
65.007	168.444	1594.8827
65.007	173.444	1821.9912
65.007	178.444	678.9662
65.007	183.444	1550.7078
65.007	188.444	335.1931
65.007	193.444	775.5846
65.007	198.444	634.439
65.007	203.444	597.3118
65.007	208.444	265.9997
65.007	213.444	621.2762
65.007	218.444	397.3766
65.007	223.444	606.4906
65.007	228.444	103.5549
65.007	233.444	817.8232
65.007	238.444	129.8262
65.007	243.444	145.516
65.007	248.444	29.1174
65.007	253.444	65.6158
65.007	258.444	117.6356
65.007	263.444	48.7059
65.007	268.444	370.0188
65.007	273.444	70.8623
65.007	278.444	94.9472
65.007	283.444	149.9374
65.007	288.444	97.5115
65.007	293.444	73.8659
65.007	298.444	97.9635
65.007	303.444	89.1785
65.007	308.444	520.1082
65.007	313.444	888.0558
65.007	318.444	432.5133
65.007	323.444	275.6935
65.007	328.444	362.5073
65.007	333.444	566.4487
65.007	338.444	813.2811
65.007	343.444	580.5205
65.007	348.444	360.1009
65.007	353.444	2949.6507
65.007	358.444	839.8316
69.668	2.02	401.8681
69.668	7.02	1199.8566
69.668	12.02	1553.1774
69.668	17.02	1301.2952
69.668	22.02	577.5087
69.668	27.02	225.0295
69.668	32.02	514.7673
69.668	37.02	640.1279
69.668	42.02	861.3759
69.668	47.02	351.6097
69.668	52.02	145.1836
69.668	57.02	212.0011
69.668	62.02	1418.8172
69.668	67.02	128.8947
69.668	72.02	298.1211
69.668	77.02	221.4184
69.668	82.02	116.7956
69.668	87.02	155.5607
69.668	92.02	54.0201
69.668	97.02	100.4701
69.668	102.02	315.7445
69.668	107.02	217.5798
69.668	112.02	154.9231
69.668	117.02	104.3859
69.668	122.02	132.7002
69.668	127.02	173.0355
69.668	132.02	82.6895
69.668	137.02	677.0668
69.668	142.02	193.2947
69.668	147.02	227.8505
69.668	152.02	499.5226
69.668	157.02	297.7458
69.668	162.02	511.7943
69.668	167.02	185.0887
69.668	172.02	602.3726
69.668	177.02	460.6101
69.668	182.02	1060.2421
69.668	187.02	1278.2034
69.668	192.02	827.7961
69.668	197.02	365.7863
69.668	202.02	215.6639
69.668	207.02	568.212
69.668	212.02	583.0533
69.668	217.02	304.343
69.668	222.02	292.8896
69.668	227.02	998.7676
69.668	232.02	526.8584
69.668	237.02	164.5371
69.668	242.02	346.7663
69.668	247.02	193.71
69.668	252.02	164.945
69.668	257.02	43.6051
69.668	262.02	158.2369
69.668	267.02	277.9445
69.668	272.02	89.9528
69.668	277.02	235.8243
69.668	282.02	429.8196
69.668	287.02	262.2198
69.668	292.02	50.8048
69.668	297.02	167.8528
69.668	302.02	536.5279
69.668	307.02	269.2795
69.668	312.02	460.971
69.668	317.02	1224.8687
69.668	322.02	426.3341
69.668	327.02	493.6888
69.668	332.02	262.7383
69.668	337.02	364.2767
69.668	342.02	749.0203
69.668	347.02	860.4193
69.668	352.02	737.3896
69.668	357.02	664.1538
74.729	3.926	254.6235
74.729	8.926	295.8264
74.729	13.926	266.5336
74.729	18.926	619.5961
74.729	23.926	514.162
74.729	28.926	940.7045
74.729	33.926	1034.2658
74.729	38.926	784.4042
74.729	43.926	575.8446
74.729	48.926	114.5414
74.729	53.926	459.9559
74.729	58.926	570.9533
74.729	63.926	374.0856
74.729	68.926	286.7748
74.729	73.926	352.7898
74.729	78.926	355.9358
74.729	83.926	145.1289
74.729	88.926	147.7748
74.729	93.926	41.7318
74.729	98.926	194.1153
74.729	103.926	87.9813
74.729	108.926	315.3168
74.729	113.926	247.7708
74.729	118.926	290.1512
74.729	123.926	253.0862
74.729	128.926	283.0688
74.729	133.926	251.2309
74.729	138.926	166.5603
74.729	143.926	211.4459
74.729	148.926	237.9199
74.729	153.926	125.9147
74.729	158.926	252.1376
74.729	163.926	946.7236
74.729	168.926	450.5088
74.729	173.926	249.7722
74.729	178.926	441.2307
74.729	183.926	219.6861
74.729	188.926	517.3603
74.729	193.926	398.8378
74.729	198.926	232.9949
74.729	203.926	239.5149
74.729	208.926	709.6519
74.729	213.926	765.7498
74.729	218.926	177.9854
74.729	223.926	382.2073
74.729	228.926	289.0076
74.729	233.926	415.0892
74.729	238.926	426.7372
74.729	243.926	230.7824
74.729	248.926	368.8523
74.729	253.926	185.522
74.729	258.926	175.3522
74.729	263.926	900.3368
74.729	268.926	211.9106
74.729	273.926	410.6962
74.729	278.926	137.133
74.729	283.926	163.1253
74.729	288.926	171.2424
74.729	293.926	170.9665
74.729	298.926	396.362
74.729	303.926	521.3851
74.729	308.926	145.5547
74.729	313.926	237.9215
74.729	318.926	473.1779
74.729	323.926	261.8485
74.729	328.926	586.5853
74.729	333.926	296.6656
74.729	338.926	156.1527
74.729	343.926	776.8746
74.729	348.926	293.8671
74.729	353.926	420.7422
74.729	358.926	505.8355
79.774	4.233	439.0432
79.774	9.233	1356.7121
79.774	14.233	708.9758
79.774	19.233	443.1908
79.774	24.233	517.5284
79.774	29.233	713.3155
79.774	34.233	358.9364
79.774	39.233	283.1532
79.774	44.233	215.373
79.774	49.233	251.1145
79.774	54.233	68.1587
79.774	59.233	166.9629
79.774	64.233	347.3854
79.774	69.233	706.7893
79.774	74.233	443.7062
79.774	79.233	241.1818
79.774	84.233	221.0746
79.774	89.233	150.9288
79.774	94.233	232.1432
79.774	99.233	324.2302
79.774	104.233	444.1228
79.774	109.233	578.7569
79.774	114.233	771.4674
79.774	119.233	403.9158
79.774	124.233	216.0328
79.774	129.233	124.67
79.774	134.233	207.2862
79.774	139.233	316.7855
79.774	144.233	148.8428
79.774	149.233	209.9562
79.774	154.233	272.5527
79.774	159.233	504.7362
79.774	164.233	486.9465
79.774	169.233	302.125
79.774	174.233	208.0125
79.774	179.233	282.294
79.774	184.233	478.3127
79.774	189.233	411.9168
79.774	194.233	272.2122
79.774	199.233	218.718
79.774	204.233	174.2793
79.774	209.233	638.8502
79.774	214.233	577.2168
79.774	219.233	429.5679
79.774	224.233	613.5274
79.774	229.233	637.1645
79.774	234.233	714.5632
79.774	239.233	305.1953
79.774	244.233	356.1396
79.774	249.233	464.8012
79.774	254.233	604.2097
79.774	259.233	532.5252
79.774	264.233	747.693
79.774	269.233	534.4553
79.774	274.233	220.9839
79.774	279.233	177.2761
79.774	284.233	273.8239
79.774	289.233	206.4029
79.774	294.233	487.1586
79.774	299.233	966.1874
79.774	304.233	1229.6039
79.774	309.233	474.1693
79.774	314.233	211.3632
79.774	319.233	338.8253
79.774	324.233	434.7417
79.774	329.233	243.4305
79.774	334.233	363.7297
79.774	339.233	1187.2415
79.774	344.233	719.738
79.774	349.233	338.124
79.774	354.233	258.0311
79.774	359.233	255.9944
84.156	2.5	357.5545
84.156	7.5	426.0966
84.156	12.5	400.78895
84.156	17.5	404.1042
84.156	22.5	435.5332
84.156	27.5	377.99605
84.156	32.5	280.5128
84.156	37.5	247.5764
84.156	42.5	232.63515
84.156	47.5	168.50385
84.156	52.5	111.24435
84.156	57.5	133.6738
84.156	62.5	126.32905
84.156	67.5	131.0286
84.156	72.5	194.65325
84.156	77.5	199.36305
84.156	82.5	226.13395
84.156	87.5	271.9097
84.156	92.5	239.1923
84.156	97.5	227.964
84.156	102.5	311.1449
84.156	107.5	369.50775
84.156	112.5	383.89175
84.156	117.5	400.29815
84.156	122.5	460.61915
84.156	127.5	525.19125
84.156	132.5	515.44905
84.156	137.5	428.8261
84.156	142.5	393.1793
84.156	147.5	360.39435
84.156	152.5	333.07215
84.156	157.5	305.1048
84.156	162.5	355.5936
84.156	167.5	534.9762
84.156	172.5	582.9067
84.156	177.5	451.77595
84.156	182.5	363.0116
84.156	187.5	355.59475
84.156	192.5	274.36605
84.156	197.5	262.7363
84.156	202.5	290.0914
84.156	207.5	274.28225
84.156	212.5	285.84455
84.156	217.5	452.7008
84.156	222.5	630.1457
84.156	227.5	362.84415
84.156	232.5	210.92935
84.156	237.5	188.98225
84.156	242.5	141.5756
84.156	247.5	169.71865
84.156	252.5	275.893
84.156	257.5	362.2105
84.156	262.5	437.90895
84.156	267.5	567.371
84.156	272.5	611.62075
84.156	277.5	489.5926
84.156	282.5	503.8649
84.156	287.5	366.998
84.156	292.5	355.49375
84.156	297.5	462.92885
84.156	302.5	398.5832
84.156	307.5	293.45055
84.156	312.5	183.4209
84.156	317.5	139.362
84.156	322.5	199.4863
84.156	327.5	396.47325
84.156	332.5	780.25645
84.156	337.5	1130.9759
84.156	342.5	966.94805
84.156	347.5	645.24365
84.156	352.5	453.59375
84.156	357.5	295.85645
87.1	0	613.89
87.1	5	648.0581
87.1	10	669.6481
87.1	15	700.161
87.1	20	686.7685
87.1	25	763.936
87.1	30	761.8509
87.1	35	753.4158
87.1	40	737.9748
87.1	45	723.0528
87.1	50	648.9699
87.1	55	631.7734
87.1	60	409.7271
87.1	65	536.2892
87.1	70	489.9251
87.1	75	417.6394
87.1	80	362.62
87.1	85	325.6303
87.1	90	344.6348
87.1	95	408.8544
87.1	100	406.5972
87.1	105	351.4548
87.1	110	367.5093
87.1	115	367.4543
87.1	120	387.1853
87.1	125	339.3555
87.1	130	353.2999
87.1	135	295.9134
87.1	140	282.893
87.1	145	270.6119
87.1	150	261.0954
87.1	155	205.9729
87.1	160	203.5793
87.1	165	196.8816
87.1	170	215.27
87.1	175	218.6619
87.1	180	146.174
87.1	185	161.7834
87.1	190	256.5567
87.1	195	190.4359
87.1	200	228.0497
87.1	205	195.6072
87.1	210	200.1282
87.1	215	210.9619
87.1	220	192.9797
87.1	225	208.7793
87.1	230	235.0344
87.1	235	260.8368
87.1	240	239.9669
87.1	245	266.2424
87.1	250	254.126
87.1	255	288.6523
87.1	260	274.9752
87.1	265	323.369
87.1	270	333.3084
87.1	275	337.6542
87.1	280	360.7743
87.1	285	317.4367
87.1	290	295.9842
87.1	295	282.4876
87.1	300	354.9636
87.1	305	363.8854
87.1	310	405.2381
87.1	315	448.4164
87.1	320	469.9045
87.1	325	423.2884
87.1	330	523.8288
87.1	335	493.4355
87.1	340	582.3532
87.1	345	607.7761
87.1	350	610.9652
87.1	355	658.0261
