>BT8; Created QKowari;
>grid: 
>backgr: 
-4.0
0	0.3	78.4712
0	5.3	145.1597
0	10.3	50.8565
0	15.3	48.8663
0	20.3	91.5959
0	25.3	78.6416
0	30.3	257.1062
0	35.3	308.4144
0	40.3	390.6635
0	45.3	267.668
0	50.3	609.7876
0	55.3	375.8543
0	60.3	287.9491
0	65.3	624.7448
0	70.3	399.814
0	75.3	203.5701
0	80.3	610.6478
0	85.3	667.8222
0	90.3	676.0614
0	95.3	1082.6547
0	100.3	1217.7053
0	105.3	817.3616
0	110.3	1008.873
0	115.3	482.2758
0	120.3	334.1254
0	125.3	418.8113
0	130.3	315.2051
0	135.3	892.5383
0	140.3	489.2224
0	145.3	353.4836
0	150.3	475.2008
0	155.3	494.1564
0	160.3	264.9579
0	165.3	193.9418
0	170.3	487.479
0	175.3	128.0588
0	180.3	51.3762
0	185.3	205.0892
0	190.3	39.9305
0	195.3	41.3645
0	200.3	191.7219
0	205.3	136.8428
0	210.3	240.7163
0	215.3	454.2421
0	220.3	374.952
0	225.3	457.7489
0	230.3	808.2927
0	235.3	459.6819
0	240.3	300.9126
0	245.3	712.1678
0	250.3	441.4963
0	255.3	270.6767
0	260.3	552.1953
0	265.3	676.0032
0	270.3	747.9923
0	275.3	837.493
0	280.3	966.536
0	285.3	796.8769
0	290.3	892.8789
0	295.3	465.0216
0	300.3	349.9928
0	305.3	258.6357
0	310.3	334.8586
0	315.3	725.1097
0	320.3	458.7354
0	325.3	422.1339
0	330.3	510.8576
0	335.3	547.3853
0	340.3	208.3373
0	345.3	89.9408
0	350.3	430.1355
0	355.3	97.5947
4.97	0.459	65.7146
4.97	5.459	244.8387
4.97	10.459	95.2841
4.97	15.459	51.1885
4.97	20.459	75.1717
4.97	25.459	80.7312
4.97	30.459	272.2372
4.97	35.459	233.2127
4.97	40.459	308.0838
4.97	45.459	316.9388
4.97	50.459	472.8399
4.97	55.459	485.6616
4.97	60.459	504.5272
4.97	65.459	593.0321
4.97	70.459	555.9155
4.97	75.459	288.7563
4.97	80.459	987.9381
4.97	85.459	809.1644
4.97	90.459	1560.7923
4.97	95.459	984.6196
4.97	100.459	990.417
4.97	105.459	968.0815
4.97	110.459	833.0887
4.97	115.459	500.5496
4.97	120.459	293.3051
4.97	125.459	414.9349
4.97	130.459	378.8225
4.97	135.459	1371.4225
4.97	140.459	562.4723
4.97	145.459	546.0418
4.97	150.459	339.6169
4.97	155.459	160.8933
4.97	160.459	199.0481
4.97	165.459	136.4713
4.97	170.459	278.0916
4.97	175.459	96.2444
4.97	180.459	93.9611
4.97	185.459	35.9393
4.97	190.459	26.0247
4.97	195.459	200.9436
4.97	200.459	282.9208
4.97	205.459	144.6615
4.97	210.459	226.6046
4.97	215.459	117.2166
4.97	220.459	616.3705
4.97	225.459	345.7137
4.97	230.459	337.6374
4.97	235.459	350.7045
4.97	240.459	549.3409
4.97	245.459	670.7845
4.97	250.459	701.0907
4.97	255.459	306.8052
4.97	260.459	487.7855
4.97	265.459	1313.7171
4.97	270.459	1062.493
4.97	275.459	1106.0232
4.97	280.459	979.9555
4.97	285.459	608.7651
4.97	290.459	1700.2109
4.97	295.459	367.5025
4.97	300.459	637.9875
4.97	305.459	538.8022
4.97	310.459	316.8131
4.97	315.459	341.99
4.97	320.459	555.713
4.97	325.459	440.7819
4.97	330.459	366.5084
4.97	335.459	544.2811
4.97	340.459	279.9468
4.97	345.459	168.9456
4.97	350.459	220.4156
4.97	355.459	140.51
7.03	0.461	99.40475
7.03	5.461	241.92035
7.03	10.461	93.87495
7.03	15.461	77.39915
7.03	20.461	80.94505
7.03	25.461	57.1276
7.03	30.461	253.1643
7.03	35.461	157.5045
7.03	40.461	172.0878
7.03	45.461	253.96805
7.03	50.461	322.59865
7.03	55.461	320.11775
7.03	60.461	504.654
7.03	65.461	220.37485
7.03	70.461	390.4402
7.03	75.461	372.33855
7.03	80.461	654.6232
7.03	85.461	824.73395
7.03	90.461	744.50035
7.03	95.461	855.40715
7.03	100.461	685.9476
7.03	105.461	860.69395
7.03	110.461	643.155
7.03	115.461	471.24585
7.03	120.461	312.54865
7.03	125.461	301.44
7.03	130.461	261.4806
7.03	135.461	937.66715
7.03	140.461	468.13915
7.03	145.461	535.6644
7.03	150.461	236.79035
7.03	155.461	114.3594
7.03	160.461	182.39185
7.03	165.461	230.27265
7.03	170.461	131.1526
7.03	175.461	85.0337
7.03	180.461	205.6967
7.03	185.461	112.5177
7.03	190.461	24.72385
7.03	195.461	213.6215
7.03	200.461	155.75335
7.03	205.461	124.85695
7.03	210.461	229.9112
7.03	215.461	107.7751
7.03	220.461	489.77195
7.03	225.461	294.9783
7.03	230.461	312.2959
7.03	235.461	222.60015
7.03	240.461	507.79755
7.03	245.461	449.67515
7.03	250.461	800.89005
7.03	255.461	462.52195
7.03	260.461	609.93355
7.03	265.461	808.58015
7.03	270.461	1323.27265
7.03	275.461	1014.76855
7.03	280.461	818.168
7.03	285.461	526.4611
7.03	290.461	1053.35335
7.03	295.461	314.4532
7.03	300.461	570.83185
7.03	305.461	494.5295
7.03	310.461	297.00665
7.03	315.461	296.15115
7.03	320.461	415.6632
7.03	325.461	380.4049
7.03	330.461	300.72885
7.03	335.461	388.5352
7.03	340.461	342.98005
7.03	345.461	262.70895
7.03	350.461	419.2095
7.03	355.461	148.44575
12	0.307	208.1586
12	5.307	217.3442
12	10.307	218.2061
12	15.307	129.4503
12	20.307	126.8563
12	25.307	265.1522
12	30.307	314.0045
12	35.307	344.585
12	40.307	232.5358
12	45.307	324.8445
12	50.307	300.192
12	55.307	391.0862
12	60.307	316.2944
12	65.307	268.9218
12	70.307	448.5885
12	75.307	365.3031
12	80.307	502.5388
12	85.307	383.5049
12	90.307	697.0881
12	95.307	717.367
12	100.307	485.8695
12	105.307	604.3838
12	110.307	316.5617
12	115.307	426.3809
12	120.307	428.0742
12	125.307	172.9172
12	130.307	176.1219
12	135.307	213.1629
12	140.307	307.0983
12	145.307	437.706
12	150.307	489.4135
12	155.307	234.3202
12	160.307	259.6952
12	165.307	447.4513
12	170.307	237.2633
12	175.307	224.9864
12	180.307	208.6225
12	185.307	308.7254
12	190.307	48.8399
12	195.307	154.6552
12	200.307	192.7235
12	205.307	290.5027
12	210.307	259.3969
12	215.307	220.4298
12	220.307	325.5434
12	225.307	223.1428
12	230.307	137.6568
12	235.307	504.0451
12	240.307	344.9149
12	245.307	493.4011
12	250.307	316.3942
12	255.307	326.5152
12	260.307	621.0842
12	265.307	472.0737
12	270.307	1032.6491
12	275.307	480.6412
12	280.307	458.4433
12	285.307	604.2569
12	290.307	350.4841
12	295.307	410.8977
12	300.307	194.142
12	305.307	232.3638
12	310.307	628.2656
12	315.307	290.8816
12	320.307	251.7208
12	325.307	486.0279
12	330.307	405.0548
12	335.307	504.1912
12	340.307	593.1515
12	345.307	456.8804
12	350.307	432.8007
12	355.307	252.791
16.969	0.478	369.5733
16.969	5.478	568.2105
16.969	10.478	253.0236
16.969	15.478	312.8836
16.969	20.478	247.7272
16.969	25.478	246.7016
16.969	30.478	196.7011
16.969	35.478	463.3293
16.969	40.478	192.869
16.969	45.478	215.0614
16.969	50.478	178.6957
16.969	55.478	126.5313
16.969	60.478	235.1737
16.969	65.478	139.2668
16.969	70.478	430.5605
16.969	75.478	441.8892
16.969	80.478	155.6316
16.969	85.478	337.8245
16.969	90.478	361.508
16.969	95.478	514.7999
16.969	100.478	459.2301
16.969	105.478	409.6476
16.969	110.478	349.9621
16.969	115.478	291.9813
16.969	120.478	459.9803
16.969	125.478	171.7567
16.969	130.478	199.4825
16.969	135.478	235.7053
16.969	140.478	351.1903
16.969	145.478	319.3628
16.969	150.478	386.1386
16.969	155.478	423.7513
16.969	160.478	311.7107
16.969	165.478	309.7868
16.969	170.478	365.7529
16.969	175.478	624.3473
16.969	180.478	57.4416
16.969	185.478	373.324
16.969	190.478	183.7024
16.969	195.478	156.6722
16.969	200.478	252.9147
16.969	205.478	171.1939
16.969	210.478	360.136
16.969	215.478	310.1773
16.969	220.478	283.5947
16.969	225.478	143.6613
16.969	230.478	156.2053
16.969	235.478	321.5814
16.969	240.478	214.4101
16.969	245.478	273.7278
16.969	250.478	195.6424
16.969	255.478	69.4776
16.969	260.478	233.9306
16.969	265.478	424.2117
16.969	270.478	649.7574
16.969	275.478	344.4933
16.969	280.478	285.5367
16.969	285.478	300.7039
16.969	290.478	421.6664
16.969	295.478	259.9388
16.969	300.478	117.7576
16.969	305.478	205.3858
16.969	310.478	715.6887
16.969	315.478	225.3689
16.969	320.478	248.2463
16.969	325.478	361.8297
16.969	330.478	245.2381
16.969	335.478	527.7672
16.969	340.478	336.4261
16.969	345.478	397.778
16.969	350.478	230.3473
16.969	355.478	429.6853
19.03	0.484	368.9006
19.03	5.484	562.9341
19.03	10.484	277.5411
19.03	15.484	397.1642
19.03	20.484	404.6792
19.03	25.484	365.83
19.03	30.484	249.3613
19.03	35.484	442.7173
19.03	40.484	227.5516
19.03	45.484	192.9051
19.03	50.484	181.23
19.03	55.484	127.7594
19.03	60.484	203.441
19.03	65.484	147.7025
19.03	70.484	184.8734
19.03	75.484	308.024
19.03	80.484	167.2984
19.03	85.484	186.4929
19.03	90.484	323.4833
19.03	95.484	494.1371
19.03	100.484	433.6148
19.03	105.484	266.0083
19.03	110.484	302.239
19.03	115.484	414.1552
19.03	120.484	302.1161
19.03	125.484	122.8711
19.03	130.484	157.3062
19.03	135.484	185.8035
19.03	140.484	191.8776
19.03	145.484	283.4501
19.03	150.484	276.6166
19.03	155.484	500.2318
19.03	160.484	323.9604
19.03	165.484	301.1099
19.03	170.484	426.7423
19.03	175.484	759.6933
19.03	180.484	188.6149
19.03	185.484	291.6811
19.03	190.484	253.0206
19.03	195.484	201.1837
19.03	200.484	288.8364
19.03	205.484	173.0571
19.03	210.484	393.8808
19.03	215.484	320.7538
19.03	220.484	160.2645
19.03	225.484	131.5382
19.03	230.484	115.1226
19.03	235.484	208.0078
19.03	240.484	207.3661
19.03	245.484	121.0264
19.03	250.484	202.8865
19.03	255.484	27.5488
19.03	260.484	270.0708
19.03	265.484	333.4264
19.03	270.484	539.7295
19.03	275.484	319.8964
19.03	280.484	259.4595
19.03	285.484	184.8566
19.03	290.484	462.6901
19.03	295.484	143.4694
19.03	300.484	155.2535
19.03	305.484	120.8765
19.03	310.484	297.9307
19.03	315.484	143.1821
19.03	320.484	252.0195
19.03	325.484	187.5442
19.03	330.484	228.7009
19.03	335.484	495.7671
19.03	340.484	242.5598
19.03	345.484	264.5722
19.03	350.484	401.8283
19.03	355.484	382.6742
24	0.328	365.9872
24	5.328	455.9182
24	10.328	399.3726
24	15.328	401.343
24	20.328	350.0647
24	25.328	370.3966
24	30.328	175.6574
24	35.328	262.0642
24	40.328	177.0056
24	45.328	72.3565
24	50.328	4.2581
24	55.328	60.0647
24	60.328	139.6264
24	65.328	120.6596
24	70.328	86.6758
24	75.328	155.6191
24	80.328	247.8254
24	85.328	250.3803
24	90.328	218.7916
24	95.328	334.5879
24	100.328	158.4984
24	105.328	158.6222
24	110.328	319.7228
24	115.328	379.4935
24	120.328	186.0079
24	125.328	36.9834
24	130.328	63.6278
24	135.328	79.0833
24	140.328	114.2606
24	145.328	72.859
24	150.328	174.9661
24	155.328	293.6009
24	160.328	282.8188
24	165.328	289.2271
24	170.328	254.425
24	175.328	389.0467
24	180.328	425.4565
24	185.328	212.7615
24	190.328	310.319
24	195.328	436.6783
24	200.328	253.22
24	205.328	231.4218
24	210.328	223.647
24	215.328	192.0721
24	220.328	143.7956
24	225.328	45.7433
24	230.328	84.2585
24	235.328	187.8617
24	240.328	159.137
24	245.328	74.9671
24	250.328	171.871
24	255.328	126.3269
24	260.328	212.3132
24	265.328	318.9026
24	270.328	320.5608
24	275.328	225.3425
24	280.328	181.9867
24	285.328	182.7502
24	290.328	258.5197
24	295.328	190.1092
24	300.328	296.0562
24	305.328	159.4423
24	310.328	205.2268
24	315.328	40.2085
24	320.328	156.0607
24	325.328	101.5363
24	330.328	129.0228
24	335.328	496.0989
24	340.328	297.9383
24	345.328	219.4303
24	350.328	265.8852
24	355.328	249.3667
28.969	0.523	289.6252
28.969	5.523	415.2177
28.969	10.523	333.2322
28.969	15.523	252.5876
28.969	20.523	293.1195
28.969	25.523	178.4597
28.969	30.523	171.9655
28.969	35.523	132.0383
28.969	40.523	70.9412
28.969	45.523	55.1977
28.969	50.523	14.5872
28.969	55.523	146.7931
28.969	60.523	60.5776
28.969	65.523	22.3645
28.969	70.523	107.9818
28.969	75.523	265.5902
28.969	80.523	170.3473
28.969	85.523	225.5885
28.969	90.523	240.4551
28.969	95.523	270.1609
28.969	100.523	105.087
28.969	105.523	138.6318
28.969	110.523	143.0921
28.969	115.523	211.2714
28.969	120.523	70.4107
28.969	125.523	188.4525
28.969	130.523	54.9394
28.969	135.523	97.689
28.969	140.523	152.4902
28.969	145.523	30.3881
28.969	150.523	76.8448
28.969	155.523	95.3208
28.969	160.523	100.0114
28.969	165.523	185.1461
28.969	170.523	161.3197
28.969	175.523	328.4043
28.969	180.523	244.7474
28.969	185.523	253.799
28.969	190.523	252.8646
28.969	195.523	203.1988
28.969	200.523	160.4034
28.969	205.523	184.5959
28.969	210.523	116.2381
28.969	215.523	84.6576
28.969	220.523	70.446
28.969	225.523	60.695
28.969	230.523	109.4944
28.969	235.523	65.6837
28.969	240.523	75.7682
28.969	245.523	74.4584
28.969	250.523	59.6372
28.969	255.523	260.4562
28.969	260.523	135.8564
28.969	265.523	298.5581
28.969	270.523	148.8956
28.969	275.523	209.6453
28.969	280.523	150.7812
28.969	285.523	128.6071
28.969	290.523	225.5357
28.969	295.523	176.3835
28.969	300.523	143.7498
28.969	305.523	62.5962
28.969	310.523	130.903
28.969	315.523	60.3655
28.969	320.523	118.7959
28.969	325.523	85.1928
28.969	330.523	93.4664
28.969	335.523	238.1091
28.969	340.523	194.5614
28.969	345.523	179.724
28.969	350.523	242.6296
28.969	355.523	171.9103
31.029	0.534	340.6297
31.029	5.534	257.0282
31.029	10.534	392.4538
31.029	15.534	218.068
31.029	20.534	165.2028
31.029	25.534	151.6537
31.029	30.534	139.2721
31.029	35.534	88.4831
31.029	40.534	99.8315
31.029	45.534	33.5027
31.029	50.534	23.1316
31.029	55.534	154.2168
31.029	60.534	62.3126
31.029	65.534	32.201
31.029	70.534	105.998
31.029	75.534	166.8386
31.029	80.534	215.3032
31.029	85.534	139.0441
31.029	90.534	275.8486
31.029	95.534	249.5276
31.029	100.534	128.4983
31.029	105.534	152.308
31.029	110.534	94.0281
31.029	115.534	193.5845
31.029	120.534	102.7822
31.029	125.534	197.7158
31.029	130.534	62.6902
31.029	135.534	73.3139
31.029	140.534	84.2386
31.029	145.534	85.0192
31.029	150.534	78.2651
31.029	155.534	67.3639
31.029	160.534	143.103
31.029	165.534	228.8506
31.029	170.534	94.8547
31.029	175.534	349.2924
31.029	180.534	198.5869
31.029	185.534	278.7162
31.029	190.534	325.098
31.029	195.534	170.1453
31.029	200.534	205.0259
31.029	205.534	206.0573
31.029	210.534	109.062
31.029	215.534	102.1795
31.029	220.534	71.7196
31.029	225.534	79.6672
31.029	230.534	121.4784
31.029	235.534	71.7391
31.029	240.534	48.917
31.029	245.534	86.189
31.029	250.534	105.4463
31.029	255.534	231.1903
31.029	260.534	143.9828
31.029	265.534	351.1941
31.029	270.534	118.6614
31.029	275.534	170.1066
31.029	280.534	138.5057
31.029	285.534	108.4449
31.029	290.534	222.7373
31.029	295.534	201.8627
31.029	300.534	183.0592
31.029	305.534	45.0342
31.029	310.534	108.3968
31.029	315.534	48.1772
31.029	320.534	98.8903
31.029	325.534	63.6125
31.029	330.534	44.9226
31.029	335.534	236.7228
31.029	340.534	158.6752
31.029	345.534	167.5336
31.029	350.534	203.4347
31.029	355.534	160.5287
35.999	0.371	220.1316
35.999	5.371	242.9328
35.999	10.371	332.9156
35.999	15.371	188.0408
35.999	20.371	132.9943
35.999	25.371	200.9218
35.999	30.371	53.8276
35.999	35.371	0.2563
35.999	40.371	85.5381
35.999	45.371	79.7911
35.999	50.371	15.4796
35.999	55.371	76.6221
35.999	60.371	92.7338
35.999	65.371	35.1302
35.999	70.371	121.7538
35.999	75.371	77.6551
35.999	80.371	130.9084
35.999	85.371	194.5513
35.999	90.371	194.5986
35.999	95.371	188.9895
35.999	100.371	239.381
35.999	105.371	124.784
35.999	110.371	80.3301
35.999	115.371	129.1701
35.999	120.371	89.409
35.999	125.371	75.6365
35.999	130.371	125.8317
35.999	135.371	62.7669
35.999	140.371	31.3861
35.999	145.371	66.3342
35.999	150.371	91.0782
35.999	155.371	170.0282
35.999	160.371	43.0406
35.999	165.371	165.7762
35.999	170.371	115.9028
35.999	175.371	148.4663
35.999	180.371	217.742
35.999	185.371	284.9619
35.999	190.371	314.4523
35.999	195.371	146.4374
35.999	200.371	201.9544
35.999	205.371	125.6296
35.999	210.371	57.022
35.999	215.371	117.0837
35.999	220.371	52.1166
35.999	225.371	31.3617
35.999	230.371	142.8362
35.999	235.371	48.0306
35.999	240.371	21.0879
35.999	245.371	70.2305
35.999	250.371	130.2106
35.999	255.371	87.8476
35.999	260.371	112.2596
35.999	265.371	214.3423
35.999	270.371	118.3252
35.999	275.371	209.8581
35.999	280.371	84.3203
35.999	285.371	97.2697
35.999	290.371	199.4271
35.999	295.371	192.4728
35.999	300.371	132.0401
35.999	305.371	51.9242
35.999	310.371	42.5355
35.999	315.371	35.6793
35.999	320.371	40.827
35.999	325.371	63.7908
35.999	330.371	65.5132
35.999	335.371	46.8524
35.999	340.371	108.4164
35.999	345.371	206.7005
35.999	350.371	93.8307
35.999	355.371	278.7545
40.968	0.605	139.3632
40.968	5.605	89.4144
40.968	10.605	177.9572
40.968	15.605	114.1753
40.968	20.605	141.8283
40.968	25.605	44.1243
40.968	30.605	11.2172
40.968	35.605	37.7864
40.968	40.605	37.8301
40.968	45.605	73.5512
40.968	50.605	53.8317
40.968	55.605	39.3649
40.968	60.605	92.6967
40.968	65.605	86.5699
40.968	70.605	132.3132
40.968	75.605	172.8828
40.968	80.605	169.8041
40.968	85.605	143.2255
40.968	90.605	206.859
40.968	95.605	167.8633
40.968	100.605	232.0171
40.968	105.605	184.4777
40.968	110.605	62.9763
40.968	115.605	128.1205
40.968	120.605	96.032
40.968	125.605	78.7144
40.968	130.605	47.4561
40.968	135.605	105.7252
40.968	140.605	67.7338
40.968	145.605	15.5545
40.968	150.605	48.3567
40.968	155.605	94.321
40.968	160.605	97.1625
40.968	165.605	57.7019
40.968	170.605	84.7799
40.968	175.605	108.9388
40.968	180.605	61.3092
40.968	185.605	188.2334
40.968	190.605	92.1161
40.968	195.605	103.4856
40.968	200.605	96.006
40.968	205.605	53.7208
40.968	210.605	88.5241
40.968	215.605	73.5243
40.968	220.605	43.5537
40.968	225.605	28.3103
40.968	230.605	25.4825
40.968	235.605	56.9722
40.968	240.605	30.6466
40.968	245.605	6.0542
40.968	250.605	77.507
40.968	255.605	64.1887
40.968	260.605	127.8522
40.968	265.605	143.1256
40.968	270.605	168.4812
40.968	275.605	185.5305
40.968	280.605	90.1284
40.968	285.605	112.2528
40.968	290.605	209.008
40.968	295.605	134.9546
40.968	300.605	124.6632
40.968	305.605	87.3558
40.968	310.605	65.7275
40.968	315.605	49.8462
40.968	320.605	28.6727
40.968	325.605	70.1994
40.968	330.605	93.9597
40.968	335.605	66.661
40.968	340.605	38.7
40.968	345.605	105.8385
40.968	350.605	67.3785
40.968	355.605	112.0791
43.029	0.625	152.3886
43.029	5.625	82.5148
43.029	10.625	116.2489
43.029	15.625	90.72
43.029	20.625	107.1359
43.029	25.625	56.5956
43.029	30.625	19.3685
43.029	35.625	59.9532
43.029	40.625	69.754
43.029	45.625	69.741
43.029	50.625	61.942
43.029	55.625	50.4897
43.029	60.625	46.3122
43.029	65.625	109.2558
43.029	70.625	108.3263
43.029	75.625	179.8115
43.029	80.625	121.1835
43.029	85.625	177.6713
43.029	90.625	231.1368
43.029	95.625	203.1587
43.029	100.625	202.7647
43.029	105.625	185.7208
43.029	110.625	135.8471
43.029	115.625	114.2916
43.029	120.625	70.97
43.029	125.625	48.2958
43.029	130.625	26.8996
43.029	135.625	113.984
43.029	140.625	88.6489
43.029	145.625	19.3782
43.029	150.625	74.0977
43.029	155.625	97.1645
43.029	160.625	102.1262
43.029	165.625	63.0863
43.029	170.625	67.9229
43.029	175.625	87.616
43.029	180.625	48.3637
43.029	185.625	157.6443
43.029	190.625	120.626
43.029	195.625	102.0899
43.029	200.625	68.9054
43.029	205.625	72.1297
43.029	210.625	65.089
43.029	215.625	50.4095
43.029	220.625	0
43.029	225.625	37.5374
43.029	230.625	25.7381
43.029	235.625	52.1404
43.029	240.625	44.988
43.029	245.625	105.0675
43.029	250.625	111.3002
43.029	255.625	61.6045
43.029	260.625	115.4862
43.029	265.625	145.435
43.029	270.625	215.6893
43.029	275.625	220.3922
43.029	280.625	153.6337
43.029	285.625	173.5492
43.029	290.625	211.79
43.029	295.625	133.5968
43.029	300.625	50.0685
43.029	305.625	88.8138
43.029	310.625	87.4148
43.029	315.625	73.8436
43.029	320.625	74.041
43.029	325.625	46.0668
43.029	330.625	92.648
43.029	335.625	18.3647
43.029	340.625	76.8848
43.029	345.625	67.7102
43.029	350.625	74.5943
43.029	355.625	89.1695
47.999	0.448	81.1
47.999	5.448	16.6869
47.999	10.448	64.1128
47.999	15.448	22.9343
47.999	20.448	33.3761
47.999	25.448	18.9294
47.999	30.448	38.9026
47.999	35.448	31.3955
47.999	40.448	93.4973
47.999	45.448	80.9098
47.999	50.448	102.1449
47.999	55.448	38.0794
47.999	60.448	70.942
47.999	65.448	66.4544
47.999	70.448	129.2876
47.999	75.448	150.0986
47.999	80.448	208.4044
47.999	85.448	204.727
47.999	90.448	255.3014
47.999	95.448	245.0963
47.999	100.448	303.7664
47.999	105.448	216.2836
47.999	110.448	146.1055
47.999	115.448	154.6731
47.999	120.448	138.1768
47.999	125.448	116.9405
47.999	130.448	60.103
47.999	135.448	60.6836
47.999	140.448	105.6472
47.999	145.448	33.6813
47.999	150.448	45.3515
47.999	155.448	30.0777
47.999	160.448	58.9979
47.999	165.448	38.693
47.999	170.448	56.5236
47.999	175.448	42.6662
47.999	180.448	72.2541
47.999	185.448	47.7685
47.999	190.448	125.241
47.999	195.448	17.1769
47.999	200.448	18.2283
47.999	205.448	23.6466
47.999	210.448	51.8304
47.999	215.448	50.3509
47.999	220.448	33.2949
47.999	225.448	24.5353
47.999	230.448	57.6674
47.999	235.448	36.9099
47.999	240.448	72.1714
47.999	245.448	44.7646
47.999	250.448	84.764
47.999	255.448	132.1741
47.999	260.448	162.9352
47.999	265.448	242.0829
47.999	270.448	218.6047
47.999	275.448	226.9499
47.999	280.448	172.2449
47.999	285.448	187.537
47.999	290.448	209.3507
47.999	295.448	166.0413
47.999	300.448	173.9803
47.999	305.448	103.4968
47.999	310.448	108.6038
47.999	315.448	93.024
47.999	320.448	5.1745
47.999	325.448	78.9038
47.999	330.448	0
47.999	335.448	37.619
47.999	340.448	64.6452
47.999	345.448	19.8476
47.999	350.448	29.5844
47.999	355.448	47.687
52.967	0.759	19.0746
52.967	5.759	31.5182
52.967	10.759	0
52.967	15.759	14.0973
52.967	20.759	0
52.967	25.759	46.0875
52.967	30.759	16.4389
52.967	35.759	8.1226
52.967	40.759	30.519
52.967	45.759	9.2138
52.967	50.759	35.8646
52.967	55.759	80.8603
52.967	60.759	70.521
52.967	65.759	51.7919
52.967	70.759	93.9441
52.967	75.759	189.6544
52.967	80.759	190.2734
52.967	85.759	223.3985
52.967	90.759	350.0826
52.967	95.759	258.146
52.967	100.759	270.1345
52.967	105.759	299.0155
52.967	110.759	209.1546
52.967	115.759	196.5608
52.967	120.759	105.4035
52.967	125.759	96.8375
52.967	130.759	72.849
52.967	135.759	44.1647
52.967	140.759	31.1622
52.967	145.759	84.3322
52.967	150.759	49.1128
52.967	155.759	62.4385
52.967	160.759	28.7108
52.967	165.759	0
52.967	170.759	62.3788
52.967	175.759	26.8456
52.967	180.759	20.2481
52.967	185.759	3.0426
52.967	190.759	24.5689
52.967	195.759	18.538
52.967	200.759	5.2588
52.967	205.759	0
52.967	210.759	7.529
52.967	215.759	49.3406
52.967	220.759	3.8087
52.967	225.759	6.372
52.967	230.759	22.897
52.967	235.759	68.4654
52.967	240.759	60.0433
52.967	245.759	92.0474
52.967	250.759	136.4854
52.967	255.759	111.0892
52.967	260.759	260.979
52.967	265.759	254.6849
52.967	270.759	338.8165
52.967	275.759	285.0762
52.967	280.759	274.8445
52.967	285.759	296.023
52.967	290.759	351.6847
52.967	295.759	197.2475
52.967	300.759	133.2654
52.967	305.759	135.2873
52.967	310.759	125.4846
52.967	315.759	75.383
52.967	320.759	43.8346
52.967	325.759	40.6367
52.967	330.759	14.0562
52.967	335.759	59.0156
52.967	340.759	45.0794
52.967	345.759	51.2583
52.967	350.759	11.1666
52.967	355.759	18.9599
55.028	0.798	29.6098
55.028	5.798	0
55.028	10.798	19.1317
55.028	15.798	50.2494
55.028	20.798	26.7159
55.028	25.798	41.1568
55.028	30.798	17.3488
55.028	35.798	28.7418
55.028	40.798	52.6538
55.028	45.798	39.8085
55.028	50.798	58.7567
55.028	55.798	68.9144
55.028	60.798	76.251
55.028	65.798	69.2704
55.028	70.798	132.6898
55.028	75.798	201.8696
55.028	80.798	228.4799
55.028	85.798	246.9675
55.028	90.798	377.1822
55.028	95.798	337.5598
55.028	100.798	268.2385
55.028	105.798	279.6174
55.028	110.798	223.2105
55.028	115.798	187.3115
55.028	120.798	126.8413
55.028	125.798	99.2757
55.028	130.798	91.9805
55.028	135.798	69.7818
55.028	140.798	39.9006
55.028	145.798	56.4151
55.028	150.798	12.7341
55.028	155.798	58.7388
55.028	160.798	27.1964
55.028	165.798	0
55.028	170.798	39.0447
55.028	175.798	8.2305
55.028	180.798	33.6958
55.028	185.798	10.1155
55.028	190.798	27.9901
55.028	195.798	19.0276
55.028	200.798	11.2277
55.028	205.798	28.7765
55.028	210.798	40.9912
55.028	215.798	51.4079
55.028	220.798	23.8466
55.028	225.798	25.7393
55.028	230.798	69.6536
55.028	235.798	90.9577
55.028	240.798	86.6627
55.028	245.798	124.0955
55.028	250.798	129.3335
55.028	255.798	137.879
55.028	260.798	316.3756
55.028	265.798	204.6143
55.028	270.798	375.048
55.028	275.798	311.8891
55.028	280.798	270.8852
55.028	285.798	304.6468
55.028	290.798	299.8322
55.028	295.798	252.2771
55.028	300.798	129.898
55.028	305.798	99.0418
55.028	310.798	160.9487
55.028	315.798	107.7233
55.028	320.798	43.2389
55.028	325.798	76.6691
55.028	330.798	43.3126
55.028	335.798	24.5611
55.028	340.798	36.2379
55.028	345.798	51.3553
55.028	350.798	12.5967
55.028	355.798	0
59.999	0.6	14.4741
59.999	5.6	50.653
59.999	10.6	23.8628
59.999	15.6	23.8165
59.999	20.6	13.9783
59.999	25.6	20.133
59.999	30.6	56.6935
59.999	35.6	39.6773
59.999	40.6	54.5614
59.999	45.6	46.8453
59.999	50.6	88.3533
59.999	55.6	120.7684
59.999	60.6	96.2276
59.999	65.6	81.6091
59.999	70.6	127.9213
59.999	75.6	178.9828
59.999	80.6	338.5439
59.999	85.6	344.7024
59.999	90.6	381.2985
59.999	95.6	412.7599
59.999	100.6	370.4084
59.999	105.6	265.5376
59.999	110.6	339.5728
59.999	115.6	245.6849
59.999	120.6	161.0343
59.999	125.6	203.4737
59.999	130.6	208.4112
59.999	135.6	76.832
59.999	140.6	69.0705
59.999	145.6	61.8214
59.999	150.6	44.3665
59.999	155.6	38.7754
59.999	160.6	65.6769
59.999	165.6	14.7809
59.999	170.6	42.9493
59.999	175.6	5.174
59.999	180.6	43.1281
59.999	185.6	42.4531
59.999	190.6	26.6126
59.999	195.6	19.7277
59.999	200.6	3.0077
59.999	205.6	0.2428
59.999	210.6	39.2611
59.999	215.6	23.7964
59.999	220.6	1.6216
59.999	225.6	78.1046
59.999	230.6	61.1706
59.999	235.6	99.8821
59.999	240.6	123.2106
59.999	245.6	101.5041
59.999	250.6	158.207
59.999	255.6	293.2146
59.999	260.6	375.9276
59.999	265.6	299.129
59.999	270.6	357.3605
59.999	275.6	345.1434
59.999	280.6	303.439
59.999	285.6	317.0237
59.999	290.6	310.1762
59.999	295.6	346.5435
59.999	300.6	266.5204
59.999	305.6	128.3312
59.999	310.6	157.0625
59.999	315.6	130.4062
59.999	320.6	102.3056
59.999	325.6	66.2174
59.999	330.6	38.6129
59.999	335.6	33.4964
59.999	340.6	46.2564
59.999	345.6	6.3454
59.999	350.6	14.1579
59.999	355.6	18.7573
64.966	1.08	13.9745
64.966	6.08	42.4233
64.966	11.08	57.5349
64.966	16.08	0
64.966	21.08	41.0859
64.966	26.08	0
64.966	31.08	20.4052
64.966	36.08	37.1909
64.966	41.08	40.7155
64.966	46.08	48.0264
64.966	51.08	90.0202
64.966	56.08	157.9135
64.966	61.08	118.7469
64.966	66.08	143.1722
64.966	71.08	173.8287
64.966	76.08	251.2116
64.966	81.08	266.7343
64.966	86.08	275.3234
64.966	91.08	362.6735
64.966	96.08	326.4377
64.966	101.08	378.5771
64.966	106.08	294.8804
64.966	111.08	331.7227
64.966	116.08	260.9862
64.966	121.08	196.3062
64.966	126.08	198.0641
64.966	131.08	117.1268
64.966	136.08	136.4303
64.966	141.08	147.2594
64.966	146.08	83.2882
64.966	151.08	102.0169
64.966	156.08	59.9547
64.966	161.08	73.2697
64.966	166.08	58.5707
64.966	171.08	37.8046
64.966	176.08	0.248
64.966	181.08	23.7636
64.966	186.08	20.8831
64.966	191.08	43.2167
64.966	196.08	11.8081
64.966	201.08	26.8773
64.966	206.08	32.5959
64.966	211.08	37.6719
64.966	216.08	0
64.966	221.08	66.517
64.966	226.08	60.1849
64.966	231.08	97.4355
64.966	236.08	68.0023
64.966	241.08	65.8147
64.966	246.08	164.6336
64.966	251.08	222.4199
64.966	256.08	339.8358
64.966	261.08	293.7893
64.966	266.08	383.1216
64.966	271.08	326.468
64.966	276.08	374.8568
64.966	281.08	396.9028
64.966	286.08	319.1518
64.966	291.08	254.6038
64.966	296.08	257.3649
64.966	301.08	263.6396
64.966	306.08	145.5167
64.966	311.08	166.4624
64.966	316.08	117.547
64.966	321.08	129.0305
64.966	326.08	61.9295
64.966	331.08	76.6489
64.966	336.08	66.293
64.966	341.08	49.2281
64.966	346.08	36.2629
64.966	351.08	19.7049
64.966	356.08	51.1265
67.026	1.171	37.0711
67.026	6.171	56.4466
67.026	11.171	61.5285
67.026	16.171	38.8663
67.026	21.171	20.3005
67.026	26.171	55.9266
67.026	31.171	49.1256
67.026	36.171	64.1765
67.026	41.171	33.077
67.026	46.171	97.6184
67.026	51.171	94.5427
67.026	56.171	111.5383
67.026	61.171	155.9901
67.026	66.171	172.8513
67.026	71.171	220.7007
67.026	76.171	272.3878
67.026	81.171	309.1878
67.026	86.171	319.6454
67.026	91.171	275.1446
67.026	96.171	349.5407
67.026	101.171	241.4278
67.026	106.171	298.5627
67.026	111.171	364.8414
67.026	116.171	284.9211
67.026	121.171	185.8044
67.026	126.171	184.089
67.026	131.171	147.6349
67.026	136.171	134.934
67.026	141.171	125.6327
67.026	146.171	98.6853
67.026	151.171	77.3972
67.026	156.171	58.7096
67.026	161.171	64.1124
67.026	166.171	77.3633
67.026	171.171	37.5424
67.026	176.171	45.9954
67.026	181.171	11.7944
67.026	186.171	37.1973
67.026	191.171	44.374
67.026	196.171	51.2967
67.026	201.171	11.1348
67.026	206.171	72.0889
67.026	211.171	58.5937
67.026	216.171	70.2478
67.026	221.171	61.3574
67.026	226.171	71.9866
67.026	231.171	64.8125
67.026	236.171	60.6372
67.026	241.171	129.9087
67.026	246.171	167.7249
67.026	251.171	214.0195
67.026	256.171	339.3165
67.026	261.171	199.6537
67.026	266.171	315.8073
67.026	271.171	328.3605
67.026	276.171	361.4041
67.026	281.171	356.1812
67.026	286.171	347.0536
67.026	291.171	257.0406
67.026	296.171	251.8723
67.026	301.171	196.8868
67.026	306.171	195.9103
67.026	311.171	157.7975
67.026	316.171	124.5187
67.026	321.171	96.0097
67.026	326.171	64.32
67.026	331.171	55.6526
67.026	336.171	48.0681
67.026	341.171	39.9251
67.026	346.171	43.9056
67.026	351.171	65.7327
67.026	356.171	40.045
71.998	0.971	91.8288
71.998	5.971	54.3385
71.998	10.971	69.2183
71.998	15.971	58.2018
71.998	20.971	53.569
71.998	25.971	88.3189
71.998	30.971	111.0566
71.998	35.971	100.4506
71.998	40.971	124.571
71.998	45.971	100.1572
71.998	50.971	208.0314
71.998	55.971	187.7128
71.998	60.971	171.7046
71.998	65.971	369.7699
71.998	70.971	264.7613
71.998	75.971	263.6284
71.998	80.971	175.7064
71.998	85.971	272.0986
71.998	90.971	278.4399
71.998	95.971	314.0699
71.998	100.971	296.9866
71.998	105.971	267.84
71.998	110.971	290.9404
71.998	115.971	356.0788
71.998	120.971	228.9028
71.998	125.971	197.0094
71.998	130.971	159.3339
71.998	135.971	174.762
71.998	140.971	155.3752
71.998	145.971	103.5278
71.998	150.971	104.6597
71.998	155.971	93.4469
71.998	160.971	86.3055
71.998	165.971	96.915
71.998	170.971	88.5063
71.998	175.971	82.2605
71.998	180.971	26.0801
71.998	185.971	68.6403
71.998	190.971	86.6505
71.998	195.971	47.2706
71.998	200.971	104.7753
71.998	205.971	87.548
71.998	210.971	56.742
71.998	215.971	103.8171
71.998	220.971	49.468
71.998	225.971	61.1911
71.998	230.971	117.7985
71.998	235.971	164.7556
71.998	240.971	177.9684
71.998	245.971	172.7295
71.998	250.971	226.7717
71.998	255.971	246.3913
71.998	260.971	211.7448
71.998	265.971	290.9041
71.998	270.971	259.879
71.998	275.971	286.4245
71.998	280.971	283.8582
71.998	285.971	239.1855
71.998	290.971	266.4038
71.998	295.971	238.0334
71.998	300.971	251.6665
71.998	305.971	159.3022
71.998	310.971	177.8325
71.998	315.971	166.3334
71.998	320.971	150.6852
71.998	325.971	110.9385
71.998	330.971	101.7239
71.998	335.971	130.1851
71.998	340.971	54.8027
71.998	345.971	75.7666
71.998	350.971	75.7963
71.998	355.971	51.2026
76.962	2.027	81.7716
76.962	7.027	105.5387
76.962	12.027	97.4045
76.962	17.027	83.9655
76.962	22.027	89.8848
76.962	27.027	104.5857
76.962	32.027	134.0182
76.962	37.027	84.9813
76.962	42.027	169.9678
76.962	47.027	173.8828
76.962	52.027	134.6221
76.962	57.027	169.5363
76.962	62.027	211.8738
76.962	67.027	170.721
76.962	72.027	112.9758
76.962	77.027	176.162
76.962	82.027	278.7169
76.962	87.027	207.6114
76.962	92.027	182.2656
76.962	97.027	270.1657
76.962	102.027	221.7092
76.962	107.027	176.4291
76.962	112.027	305.3969
76.962	117.027	269.786
76.962	122.027	217.6709
76.962	127.027	245.8822
76.962	132.027	129.7216
76.962	137.027	145.8863
76.962	142.027	194.3369
76.962	147.027	161.9897
76.962	152.027	90.6319
76.962	157.027	63.5636
76.962	162.027	84.0515
76.962	167.027	127.1597
76.962	172.027	115.3987
76.962	177.027	100.0185
76.962	182.027	92.4652
76.962	187.027	94.6814
76.962	192.027	124.6154
76.962	197.027	78.7782
76.962	202.027	140.2312
76.962	207.027	74.1607
76.962	212.027	73.6672
76.962	217.027	79.1803
76.962	222.027	79.7145
76.962	227.027	157.3281
76.962	232.027	144.7929
76.962	237.027	159.3508
76.962	242.027	205.7874
76.962	247.027	207.5873
76.962	252.027	189.0632
76.962	257.027	173.1835
76.962	262.027	252.492
76.962	267.027	220.5161
76.962	272.027	203.1744
76.962	277.027	206.9958
76.962	282.027	156.4593
76.962	287.027	253.1986
76.962	292.027	230.9766
76.962	297.027	224.6058
76.962	302.027	229.0104
76.962	307.027	167.976
76.962	312.027	138.0626
76.962	317.027	134.8353
76.962	322.027	228.6633
76.962	327.027	178.7548
76.962	332.027	120.3951
76.962	337.027	107.2561
76.962	342.027	84.8721
76.962	347.027	123.7688
76.962	352.027	126.3249
76.962	357.027	100.8487
79.021	2.401	69.99
79.021	7.401	89.8014
79.021	12.401	103.5964
79.021	17.401	107.8367
79.021	22.401	101.6548
79.021	27.401	170.6844
79.021	32.401	122.3857
79.021	37.401	114.6359
79.021	42.401	168.6709
79.021	47.401	178.9661
79.021	52.401	150.46
79.021	57.401	165.1589
79.021	62.401	191.1126
79.021	67.401	191.8458
79.021	72.401	185.229
79.021	77.401	232.1347
79.021	82.401	330.4681
79.021	87.401	202.2944
79.021	92.401	195.3468
79.021	97.401	226.6312
79.021	102.401	197.4508
79.021	107.401	184.2298
79.021	112.401	256.9085
79.021	117.401	284.9815
79.021	122.401	212.4242
79.021	127.401	223.6908
79.021	132.401	148.6778
79.021	137.401	202.6181
79.021	142.401	159.6339
79.021	147.401	206.1995
79.021	152.401	158.5053
79.021	157.401	106.3643
79.021	162.401	93.2997
79.021	167.401	141.9995
79.021	172.401	137.4975
79.021	177.401	103.8375
79.021	182.401	114.6786
79.021	187.401	127.8647
79.021	192.401	136.9849
79.021	197.401	126.5092
79.021	202.401	109.9544
79.021	207.401	90.7155
79.021	212.401	89.0666
79.021	217.401	136.2154
79.021	222.401	108.314
79.021	227.401	132.6432
79.021	232.401	189.149
79.021	237.401	234.5911
79.021	242.401	262.0855
79.021	247.401	203.4408
79.021	252.401	179.0305
79.021	257.401	196.4963
79.021	262.401	228.9298
79.021	267.401	204.3159
79.021	272.401	245.0433
79.021	277.401	198.1732
79.021	282.401	196.3143
79.021	287.401	292.1005
79.021	292.401	177.375
79.021	297.401	187.8069
79.021	302.401	198.2283
79.021	307.401	225.3133
79.021	312.401	164.3927
79.021	317.401	187.5802
79.021	322.401	195.309
79.021	327.401	195.2874
79.021	332.401	135.4649
79.021	337.401	123.1282
79.021	342.401	138.6119
79.021	347.401	122.5417
79.021	352.401	123.823
79.021	357.401	175.6376
83.993	2.868	169.8845
83.993	7.868	194.1179
83.993	12.868	224.1963
83.993	17.868	159.4244
83.993	22.868	224.3692
83.993	27.868	175.4317
83.993	32.868	237.3266
83.993	37.868	228.4188
83.993	42.868	236.2139
83.993	47.868	234.9392
83.993	52.868	179.3905
83.993	57.868	145.4969
83.993	62.868	178.0173
83.993	67.868	212.0782
83.993	72.868	222.7255
83.993	77.868	263.9999
83.993	82.868	172.7027
83.993	87.868	217.0278
83.993	92.868	226.689
83.993	97.868	191.6876
83.993	102.868	213.3165
83.993	107.868	134.196
83.993	112.868	167.2627
83.993	117.868	176.593
83.993	122.868	258.7564
83.993	127.868	185.7414
83.993	132.868	164.6491
83.993	137.868	208.1852
83.993	142.868	238.2343
83.993	147.868	217.8516
83.993	152.868	191.1978
83.993	157.868	181.2001
83.993	162.868	178.1947
83.993	167.868	142.9097
83.993	172.868	137.5454
83.993	177.868	169.4831
83.993	182.868	131.8231
83.993	187.868	129.5887
83.993	192.868	178.842
83.993	197.868	188.7571
83.993	202.868	121.6981
83.993	207.868	181.3273
83.993	212.868	132.4416
83.993	217.868	206.0702
83.993	222.868	204.2313
83.993	227.868	208.1797
83.993	232.868	218.9527
83.993	237.868	218.7014
83.993	242.868	229.3463
83.993	247.868	245.9619
83.993	252.868	195.8095
83.993	257.868	180.3227
83.993	262.868	202.5931
83.993	267.868	210.2551
83.993	272.868	206.8136
83.993	277.868	240.6697
83.993	282.868	262.4989
83.993	287.868	237.7429
83.993	292.868	178.8072
83.993	297.868	194.79
83.993	302.868	235.3292
83.993	307.868	206.7292
83.993	312.868	236.6179
83.993	317.868	222.2283
83.993	322.868	251.854
83.993	327.868	266.6978
83.993	332.868	171.1187
83.993	337.868	153.937
83.993	342.868	163.4858
83.993	347.868	199.7202
83.993	352.868	166.3147
83.993	357.868	152.0061
88.873	1.07	207.0001
88.873	6.07	246.8023
88.873	11.07	240.5955
88.873	16.07	258.2555
88.873	21.07	176.4673
88.873	26.07	255.5105
88.873	31.07	237.3113
88.873	36.07	242.5399
88.873	41.07	222.3659
88.873	46.07	176.5756
88.873	51.07	149.6729
88.873	56.07	148.9493
88.873	61.07	190.22
88.873	66.07	199.4395
88.873	71.07	175.8225
88.873	76.07	185.2563
88.873	81.07	211.8246
88.873	86.07	228.1846
88.873	91.07	186.041
88.873	96.07	208.1188
88.873	101.07	255.0512
88.873	106.07	185.4784
88.873	111.07	171.5054
88.873	116.07	226.2083
88.873	121.07	216.1063
88.873	126.07	220.9509
88.873	131.07	144.9974
88.873	136.07	222.9925
88.873	141.07	184.3197
88.873	146.07	177.7038
88.873	151.07	237.4565
88.873	156.07	173.4537
88.873	161.07	201.4776
88.873	166.07	166.3332
88.873	171.07	205.3095
88.873	176.07	216.1117
88.873	181.07	231.1675
88.873	186.07	192.8769
88.873	191.07	240.9716
88.873	196.07	232.5816
88.873	201.07	246.5776
88.873	206.07	238.1773
88.873	211.07	226.1919
88.873	216.07	192.9036
88.873	221.07	201.4015
88.873	226.07	205.085
88.873	231.07	225.6754
88.873	236.07	237.8737
88.873	241.07	187.7113
88.873	246.07	189.499
88.873	251.07	212.2873
88.873	256.07	214.6976
88.873	261.07	216.1823
88.873	266.07	204.65
88.873	271.07	216.391
88.873	276.07	191.1352
88.873	281.07	183.5512
88.873	286.07	211.5664
88.873	291.07	248.1148
88.873	296.07	211.0023
88.873	301.07	213.4437
88.873	306.07	201.3657
88.873	311.07	218.6277
88.873	316.07	196.9873
88.873	321.07	159.7778
88.873	326.07	156.2937
88.873	331.07	167.7109
88.873	336.07	187.1615
88.873	341.07	174.728
88.873	346.07	220.842
88.873	351.07	198.7769
88.873	356.07	225.9254
