>BT8; Created QKowari;
>grid: 
>backgr: 
-4.0
0	4.3	409.7614
0	9.3	222.8616
0	14.3	282.8203
0	19.3	249.3817
0	24.3	552.786
0	29.3	578.9437
0	34.3	564.3538
0	39.3	541.5834
0	44.3	634.4182
0	49.3	597.1635
0	54.3	672.9927
0	59.3	509.6011
0	64.3	551.2951
0	69.3	565.42
0	74.3	568.2556
0	79.3	584.9489
0	84.3	658.286
0	89.3	594.522
0	94.3	730.1332
0	99.3	623.585
0	104.3	933.6314
0	109.3	666.9041
0	114.3	484.7085
0	119.3	520.8487
0	124.3	764.7901
0	129.3	687.8885
0	134.3	721.9821
0	139.3	845.6393
0	144.3	790.0267
0	149.3	701.0726
0	154.3	676.7616
0	159.3	686.3048
0	164.3	529.1818
0	169.3	455.7173
0	174.3	303.0383
0	179.3	196.3449
0	184.3	313.6091
0	189.3	228.2941
0	194.3	401.7855
0	199.3	315.0059
0	204.3	568.6915
0	209.3	474.9785
0	214.3	511.3543
0	219.3	702.133
0	224.3	726.8667
0	229.3	699.6124
0	234.3	767.8249
0	239.3	554.8654
0	244.3	527.2772
0	249.3	610.2986
0	254.3	601.2903
0	259.3	569.1725
0	264.3	625.4633
0	269.3	517.5947
0	274.3	641.5116
0	279.3	642.2507
0	284.3	854.2585
0	289.3	630.5888
0	294.3	475.074
0	299.3	469.7181
0	304.3	714.2774
0	309.3	601.5004
0	314.3	698.3824
0	319.3	574.749
0	324.3	663.5262
0	329.3	652.7844
0	334.3	590.5182
0	339.3	605.8494
0	344.3	452.013
0	349.3	347.0845
0	354.3	472.0101
0	359.3	196.3109
4.626	4.47	359.0369
4.626	9.47	209.8938
4.626	14.47	336.3856
4.626	19.47	303.9344
4.626	24.47	557.8573
4.626	29.47	457.678
4.626	34.47	640.8772
4.626	39.47	623.6285
4.626	44.47	883.9442
4.626	49.47	519.2727
4.626	54.47	827.7351
4.626	59.47	568.8367
4.626	64.47	553.4549
4.626	69.47	607.0413
4.626	74.47	702.669
4.626	79.47	636.4184
4.626	84.47	832.3189
4.626	89.47	773.8114
4.626	94.47	673.3751
4.626	99.47	973.3595
4.626	104.47	874.107
4.626	109.47	717.4862
4.626	114.47	689.4381
4.626	119.47	625.7969
4.626	124.47	584.2454
4.626	129.47	590.0744
4.626	134.47	646.5383
4.626	139.47	773.6945
4.626	144.47	782.4423
4.626	149.47	818.7683
4.626	154.47	535.5022
4.626	159.47	708.3869
4.626	164.47	523.5543
4.626	169.47	336.5566
4.626	174.47	424.102
4.626	179.47	217.5202
4.626	184.47	353.9749
4.626	189.47	282.218
4.626	194.47	337.0629
4.626	199.47	385.5835
4.626	204.47	599.5555
4.626	209.47	522.5246
4.626	214.47	620.9037
4.626	219.47	752.2508
4.626	224.47	812.7222
4.626	229.47	610.126
4.626	234.47	917.07
4.626	239.47	569.8283
4.626	244.47	656.2416
4.626	249.47	630.3332
4.626	254.47	476.7235
4.626	259.47	585.0842
4.626	264.47	807.6404
4.626	269.47	595.048
4.626	274.47	691.9319
4.626	279.47	688.4792
4.626	284.47	891.3176
4.626	289.47	786.4844
4.626	294.47	481.52
4.626	299.47	591.4645
4.626	304.47	630.6834
4.626	309.47	733.9338
4.626	314.47	771.9878
4.626	319.47	680.7057
4.626	324.47	740.1147
4.626	329.47	1081.2379
4.626	334.47	622.7213
4.626	339.47	564.7329
4.626	344.47	682.1635
4.626	349.47	467.2799
4.626	354.47	295.087
4.626	359.47	293.8619
7.374	4.467	393.8109
7.374	9.467	276.70875
7.374	14.467	434.12675
7.374	19.467	424.19135
7.374	24.467	446.1631
7.374	29.467	554.80105
7.374	34.467	666.13155
7.374	39.467	620.60485
7.374	44.467	746.32605
7.374	49.467	642.65895
7.374	54.467	705.78745
7.374	59.467	562.17985
7.374	64.467	591.3057
7.374	69.467	534.85235
7.374	74.467	601.2017
7.374	79.467	542.77675
7.374	84.467	726.2908
7.374	89.467	674.1467
7.374	94.467	624.66475
7.374	99.467	731.46155
7.374	104.467	643.1626
7.374	109.467	692.23595
7.374	114.467	823.7038
7.374	119.467	559.51125
7.374	124.467	475.6757
7.374	129.467	616.2268
7.374	134.467	649.7802
7.374	139.467	686.59405
7.374	144.467	720.83155
7.374	149.467	849.219
7.374	154.467	582.6356
7.374	159.467	738.48285
7.374	164.467	570.68595
7.374	169.467	409.4042
7.374	174.467	491.56625
7.374	179.467	294.485
7.374	184.467	351.6528
7.374	189.467	289.46185
7.374	194.467	415.87805
7.374	199.467	397.3508
7.374	204.467	590.1647
7.374	209.467	591.39955
7.374	214.467	671.6507
7.374	219.467	805.62335
7.374	224.467	797.64375
7.374	229.467	745.27115
7.374	234.467	913.83145
7.374	239.467	656.15855
7.374	244.467	617.18235
7.374	249.467	548.2025
7.374	254.467	519.38775
7.374	259.467	539.85195
7.374	264.467	653.24665
7.374	269.467	581.1543
7.374	274.467	714.61205
7.374	279.467	698.9082
7.374	284.467	871.58465
7.374	289.467	742.0976
7.374	294.467	558.2438
7.374	299.467	517.48505
7.374	304.467	602.8692
7.374	309.467	633.63235
7.374	314.467	745.58695
7.374	319.467	797.14415
7.374	324.467	721.97305
7.374	329.467	931.54265
7.374	334.467	733.02795
7.374	339.467	630.05255
7.374	344.467	661.9103
7.374	349.467	515.85895
7.374	354.467	325.26665
7.374	359.467	318.63855
11.999	4.284	538.8418
11.999	9.284	476.1535
11.999	14.284	449.0973
11.999	19.284	524.7913
11.999	24.284	998.0283
11.999	29.284	716.2382
11.999	34.284	844.9459
11.999	39.284	954.5541
11.999	44.284	1019.6466
11.999	49.284	1095.5995
11.999	54.284	755.8479
11.999	59.284	620.6304
11.999	64.284	619.4874
11.999	69.284	581.8545
11.999	74.284	633.2249
11.999	79.284	554.6773
11.999	84.284	609.1983
11.999	89.284	621.3799
11.999	94.284	689.9975
11.999	99.284	584.9286
11.999	104.284	612.4344
11.999	109.284	553.2884
11.999	114.284	610.8879
11.999	119.284	557.2642
11.999	124.284	525.1502
11.999	129.284	544.0968
11.999	134.284	727.3353
11.999	139.284	974.5105
11.999	144.284	1136.9669
11.999	149.284	1271.3536
11.999	154.284	903.5943
11.999	159.284	873.7855
11.999	164.284	729.3706
11.999	169.284	936.9913
11.999	174.284	637.3493
11.999	179.284	513.4488
11.999	184.284	531.9354
11.999	189.284	360.4451
11.999	194.284	487.0458
11.999	199.284	773.479
11.999	204.284	620.887
11.999	209.284	884.3168
11.999	214.284	727.737
11.999	219.284	988.6832
11.999	224.284	868.6406
11.999	229.284	1093.8645
11.999	234.284	940.2862
11.999	239.284	817.2996
11.999	244.284	889.9424
11.999	249.284	599.2422
11.999	254.284	607.5472
11.999	259.284	533.2585
11.999	264.284	679.511
11.999	269.284	612.9754
11.999	274.284	745.1346
11.999	279.284	609.7757
11.999	284.284	794.8725
11.999	289.284	707.5677
11.999	294.284	515.0308
11.999	299.284	429.3564
11.999	304.284	670.2368
11.999	309.284	573.4879
11.999	314.284	779.7882
11.999	319.284	786.3016
11.999	324.284	674.5986
11.999	329.284	925.1512
11.999	334.284	769.2391
11.999	339.284	722.7799
11.999	344.284	933.1336
11.999	349.284	648.3752
11.999	354.284	416.2996
11.999	359.284	607.3076
16.625	4.449	1352.0872
16.625	9.449	634.2895
16.625	14.449	687.4892
16.625	19.449	592.678
16.625	24.449	716.5285
16.625	29.449	871.6202
16.625	34.449	1153.7602
16.625	39.449	1147.4929
16.625	44.449	1404.3918
16.625	49.449	962.4013
16.625	54.449	829.9475
16.625	59.449	848.224
16.625	64.449	877.2586
16.625	69.449	972.8337
16.625	74.449	772.0588
16.625	79.449	623.8669
16.625	84.449	605.4036
16.625	89.449	611.7251
16.625	94.449	660.3846
16.625	99.449	776.5782
16.625	104.449	688.1202
16.625	109.449	731.1563
16.625	114.449	670.2239
16.625	119.449	815.4224
16.625	124.449	737.5726
16.625	129.449	609.8113
16.625	134.449	809.9786
16.625	139.449	1300.0233
16.625	144.449	1650.3949
16.625	149.449	1243.7499
16.625	154.449	980.6232
16.625	159.449	1241.0766
16.625	164.449	1007.7059
16.625	169.449	905.9706
16.625	174.449	696.1424
16.625	179.449	740.77
16.625	184.449	1017.6332
16.625	189.449	451.2796
16.625	194.449	389.3097
16.625	199.449	950.7253
16.625	204.449	1029.4768
16.625	209.449	1238.2809
16.625	214.449	716.8609
16.625	219.449	1293.3635
16.625	224.449	1234.966
16.625	229.449	927.942
16.625	234.449	714.2489
16.625	239.449	852.1026
16.625	244.449	769.4064
16.625	249.449	794.2621
16.625	254.449	602.1126
16.625	259.449	658.3911
16.625	264.449	762.52
16.625	269.449	829.2883
16.625	274.449	959.2998
16.625	279.449	634.8975
16.625	284.449	548.9151
16.625	289.449	507.7032
16.625	294.449	657.6488
16.625	299.449	544.3498
16.625	304.449	1307.7865
16.625	309.449	634.1847
16.625	314.449	1225.6489
16.625	319.449	1074.2676
16.625	324.449	958.5822
16.625	329.449	1284.1443
16.625	334.449	1168.4705
16.625	339.449	1345.7045
16.625	344.449	1165.5916
16.625	349.449	925.8576
16.625	354.449	894.2717
16.625	359.449	691.2924
19.373	4.44	1588.1311
19.373	9.44	697.5909
19.373	14.44	876.4789
19.373	19.44	740.7809
19.373	24.44	820.5062
19.373	29.44	1222.0543
19.373	34.44	1294.3402
19.373	39.44	1336.4602
19.373	44.44	1537.8751
19.373	49.44	973.3343
19.373	54.44	1002.5206
19.373	59.44	846.6037
19.373	64.44	810.6119
19.373	69.44	996.5089
19.373	74.44	550.4411
19.373	79.44	589.3977
19.373	84.44	576.8421
19.373	89.44	557.6511
19.373	94.44	717.3407
19.373	99.44	743.1332
19.373	104.44	725.4149
19.373	109.44	838.1342
19.373	114.44	671.0008
19.373	119.44	619.141
19.373	124.44	939.4534
19.373	129.44	671.5374
19.373	134.44	774.476
19.373	139.44	1197.7049
19.373	144.44	1663.1871
19.373	149.44	1157.9474
19.373	154.44	1068.5033
19.373	159.44	1478.2747
19.373	164.44	1114.6187
19.373	169.44	965.3912
19.373	174.44	919.4155
19.373	179.44	796.1563
19.373	184.44	1232.1198
19.373	189.44	559.5775
19.373	194.44	621.8852
19.373	199.44	1097.7591
19.373	204.44	1573.7824
19.373	209.44	1367.2529
19.373	214.44	964.9586
19.373	219.44	1309.0727
19.373	224.44	1354.7876
19.373	229.44	1021.0066
19.373	234.44	665.2891
19.373	239.44	999.2358
19.373	244.44	849.3496
19.373	249.44	761.3376
19.373	254.44	646.95
19.373	259.44	662.5338
19.373	264.44	792.2905
19.373	269.44	608.4171
19.373	274.44	691.5834
19.373	279.44	566.379
19.373	284.44	563.5933
19.373	289.44	591.0922
19.373	294.44	638.8593
19.373	299.44	587.1301
19.373	304.44	939.7309
19.373	309.44	572.3501
19.373	314.44	1143.2955
19.373	319.44	1253.3049
19.373	324.44	1158.7192
19.373	329.44	1399.6146
19.373	334.44	1493.9453
19.373	339.44	1543.2823
19.373	344.44	1123.3182
19.373	349.44	1051.9675
19.373	354.44	1065.8255
19.373	359.44	707.5687
23.998	4.234	1527.494
23.998	9.234	972.6531
23.998	14.234	1388.0504
23.998	19.234	1060.2542
23.998	24.234	901.5474
23.998	29.234	1791.82
23.998	34.234	1828.4398
23.998	39.234	1646.8932
23.998	44.234	1311.0328
23.998	49.234	1195.5321
23.998	54.234	981.4877
23.998	59.234	913.2918
23.998	64.234	663.1009
23.998	69.234	869.4937
23.998	74.234	824.2654
23.998	79.234	690.9006
23.998	84.234	747.2161
23.998	89.234	588.459
23.998	94.234	653.2585
23.998	99.234	542.4611
23.998	104.234	577.2996
23.998	109.234	811.4535
23.998	114.234	785.1572
23.998	119.234	658.0792
23.998	124.234	882.5938
23.998	129.234	796.4252
23.998	134.234	679.3487
23.998	139.234	974.4267
23.998	144.234	1404.775
23.998	149.234	1234.7627
23.998	154.234	1629.983
23.998	159.234	1782.102
23.998	164.234	1541.4819
23.998	169.234	1343.4955
23.998	174.234	929.6881
23.998	179.234	938.3537
23.998	184.234	1270.7696
23.998	189.234	863.3419
23.998	194.234	1291.577
23.998	199.234	1388.6206
23.998	204.234	2098.0562
23.998	209.234	1289.1288
23.998	214.234	1658.2528
23.998	219.234	1324.6467
23.998	224.234	1059.5967
23.998	229.234	1251.1305
23.998	234.234	942.2476
23.998	239.234	1026.3825
23.998	244.234	926.4906
23.998	249.234	778.2786
23.998	254.234	722.4094
23.998	259.234	654.7326
23.998	264.234	658.9556
23.998	269.234	638.1467
23.998	274.234	728.7064
23.998	279.234	561.4524
23.998	284.234	610.3857
23.998	289.234	522.2861
23.998	294.234	696.2574
23.998	299.234	602.7998
23.998	304.234	615.7938
23.998	309.234	663.9899
23.998	314.234	994.9301
23.998	319.234	840.5098
23.998	324.234	1433.0304
23.998	329.234	1631.608
23.998	334.234	1433.1462
23.998	339.234	1826.028
23.998	344.234	1391.2302
23.998	349.234	1452.4432
23.998	354.234	1461.5575
23.998	359.234	953.7522
28.625	4.398	1460.1771
28.625	9.398	1252.4383
28.625	14.398	1030.0283
28.625	19.398	1173.4552
28.625	24.398	1560.2503
28.625	29.398	2163.4725
28.625	34.398	1317.1659
28.625	39.398	1550.8245
28.625	44.398	1577.9504
28.625	49.398	1041.9251
28.625	54.398	817.7736
28.625	59.398	844.7867
28.625	64.398	783.6503
28.625	69.398	691.6148
28.625	74.398	671.4662
28.625	79.398	722.3202
28.625	84.398	990.5997
28.625	89.398	629.2486
28.625	94.398	496.0457
28.625	99.398	528.8663
28.625	104.398	568.6675
28.625	109.398	738.0816
28.625	114.398	935.2719
28.625	119.398	850.4003
28.625	124.398	1060.0054
28.625	129.398	906.7487
28.625	134.398	928.7444
28.625	139.398	1324.1017
28.625	144.398	1067.6527
28.625	149.398	2032.5675
28.625	154.398	1668.9892
28.625	159.398	2024.9325
28.625	164.398	1715.7899
28.625	169.398	1618.3522
28.625	174.398	1402.4057
28.625	179.398	1278.7505
28.625	184.398	1471.5704
28.625	189.398	1373.7917
28.625	194.398	1281.4793
28.625	199.398	1185.3038
28.625	204.398	1110.7017
28.625	209.398	1501.2211
28.625	214.398	1885.4861
28.625	219.398	1166.4962
28.625	224.398	1751.7437
28.625	229.398	1712.5576
28.625	234.398	1002.6522
28.625	239.398	766.7223
28.625	244.398	1033.2822
28.625	249.398	551.0555
28.625	254.398	676.1784
28.625	259.398	515.6444
28.625	264.398	761.3369
28.625	269.398	483.4954
28.625	274.398	764.4854
28.625	279.398	737.9912
28.625	284.398	711.0586
28.625	289.398	686.1976
28.625	294.398	880.1469
28.625	299.398	628.0873
28.625	304.398	567.1617
28.625	309.398	914.6217
28.625	314.398	1213.5751
28.625	319.398	933.7353
28.625	324.398	1247.8649
28.625	329.398	1644.3308
28.625	334.398	2185.4759
28.625	339.398	1583.4561
28.625	344.398	1275.9291
28.625	349.398	1196.4443
28.625	354.398	1457.1774
28.625	359.398	1135.9452
31.373	4.381	1346.6596
31.373	9.381	1481.21
31.373	14.381	1097.1652
31.373	19.381	1338.6024
31.373	24.381	1774.1417
31.373	29.381	2102.4295
31.373	34.381	1360.8608
31.373	39.381	1598.572
31.373	44.381	1526.9517
31.373	49.381	763.7378
31.373	54.381	1006.1076
31.373	59.381	820.8316
31.373	64.381	764.7664
31.373	69.381	616.3567
31.373	74.381	657.8914
31.373	79.381	822.192
31.373	84.381	757.749
31.373	89.381	784.1429
31.373	94.381	718.1922
31.373	99.381	469.503
31.373	104.381	735.2343
31.373	109.381	617.5284
31.373	114.381	737.6584
31.373	119.381	885.7817
31.373	124.381	1197.6009
31.373	129.381	964.6892
31.373	134.381	1048.5643
31.373	139.381	1284.0897
31.373	144.381	1045.4831
31.373	149.381	2170.5772
31.373	154.381	1491.598
31.373	159.381	1964.9326
31.373	164.381	1881.1185
31.373	169.381	1621.4812
31.373	174.381	1907.4543
31.373	179.381	1507.6096
31.373	184.381	1526.5947
31.373	189.381	1691.1579
31.373	194.381	1493.6827
31.373	199.381	1229.6601
31.373	204.381	1199.8859
31.373	209.381	1511.6906
31.373	214.381	1999.5032
31.373	219.381	1156.3795
31.373	224.381	2150.1728
31.373	229.381	1736.746
31.373	234.381	1098.1197
31.373	239.381	849.1778
31.373	244.381	906.9959
31.373	249.381	558.8411
31.373	254.381	672.8145
31.373	259.381	600.1315
31.373	264.381	778.0478
31.373	269.381	419.8853
31.373	274.381	841.3036
31.373	279.381	722.5711
31.373	284.381	577.2671
31.373	289.381	775.8895
31.373	294.381	705.3722
31.373	299.381	645.9803
31.373	304.381	663.9163
31.373	309.381	780.4829
31.373	314.381	1124.288
31.373	319.381	845.428
31.373	324.381	1338.8925
31.373	329.381	1567.607
31.373	334.381	2272.2141
31.373	339.381	1480.3496
31.373	344.381	1400.8687
31.373	349.381	1293.0932
31.373	354.381	1564.4025
31.373	359.381	1199.9214
35.997	4.135	1404.1366
35.997	9.135	1484.5088
35.997	14.135	1434.9613
35.997	19.135	1280.0059
35.997	24.135	2131.1712
35.997	29.135	1409.5053
35.997	34.135	1036.1255
35.997	39.135	1086.9886
35.997	44.135	1093.7217
35.997	49.135	1203.8486
35.997	54.135	1080.5608
35.997	59.135	1081.7588
35.997	64.135	639.76
35.997	69.135	529.0799
35.997	74.135	600.705
35.997	79.135	834.8669
35.997	84.135	731.8174
35.997	89.135	924.4804
35.997	94.135	946.475
35.997	99.135	697.4975
35.997	104.135	728.4181
35.997	109.135	579.4136
35.997	114.135	710.3505
35.997	119.135	1012.2434
35.997	124.135	984.0374
35.997	129.135	713.306
35.997	134.135	958.1185
35.997	139.135	833.0459
35.997	144.135	984.9533
35.997	149.135	1264.998
35.997	154.135	1393.028
35.997	159.135	1647.5732
35.997	164.135	1542.0723
35.997	169.135	1287.236
35.997	174.135	1981.5129
35.997	179.135	1699.3647
35.997	184.135	1884.6248
35.997	189.135	1873.5023
35.997	194.135	1583.0731
35.997	199.135	1698.1668
35.997	204.135	1067.8276
35.997	209.135	1907.9301
35.997	214.135	1605.1764
35.997	219.135	1431.9731
35.997	224.135	1754.2893
35.997	229.135	1320.5865
35.997	234.135	798.6267
35.997	239.135	702.0153
35.997	244.135	734.9828
35.997	249.135	647.4504
35.997	254.135	589.5538
35.997	259.135	589.3752
35.997	264.135	945.6376
35.997	269.135	631.2798
35.997	274.135	859.2411
35.997	279.135	975.9369
35.997	284.135	734.8997
35.997	289.135	803.0564
35.997	294.135	620.5791
35.997	299.135	787.3555
35.997	304.135	696.0902
35.997	309.135	735.133
35.997	314.135	721.4148
35.997	319.135	913.5235
35.997	324.135	950.4151
35.997	329.135	1292.808
35.997	334.135	1180.1031
35.997	339.135	1322.2436
35.997	344.135	1249.9409
35.997	349.135	1435.7368
35.997	354.135	1893.4187
35.997	359.135	1362.3874
40.624	4.304	1608.5292
40.624	9.304	1280.2217
40.624	14.304	1506.8166
40.624	19.304	1485.3831
40.624	24.304	1347.4286
40.624	29.304	958.6132
40.624	34.304	1000.3206
40.624	39.304	945.7921
40.624	44.304	972.2745
40.624	49.304	1278.3339
40.624	54.304	746.0285
40.624	59.304	836.0707
40.624	64.304	710.8936
40.624	69.304	471.2142
40.624	74.304	704.487
40.624	79.304	928.1833
40.624	84.304	977.9395
40.624	89.304	1056.0943
40.624	94.304	1031.431
40.624	99.304	1267.0585
40.624	104.304	877.4371
40.624	109.304	1205.1366
40.624	114.304	951.2779
40.624	119.304	747.5582
40.624	124.304	891.1941
40.624	129.304	629.2802
40.624	134.304	772.7346
40.624	139.304	924.286
40.624	144.304	925.3485
40.624	149.304	959.7982
40.624	154.304	1446.2227
40.624	159.304	1184.6273
40.624	164.304	1639.323
40.624	169.304	1254.6241
40.624	174.304	1663.1125
40.624	179.304	1427.2635
40.624	184.304	1890.3913
40.624	189.304	1543.7914
40.624	194.304	1636.1177
40.624	199.304	974.9159
40.624	204.304	1107.7961
40.624	209.304	1075.1671
40.624	214.304	972.1793
40.624	219.304	866.9803
40.624	224.304	1189.5425
40.624	229.304	914.8287
40.624	234.304	849.2612
40.624	239.304	630.5969
40.624	244.304	647.9079
40.624	249.304	557.4316
40.624	254.304	627.7031
40.624	259.304	924.8327
40.624	264.304	933.4895
40.624	269.304	1057.3621
40.624	274.304	885.2956
40.624	279.304	902.0153
40.624	284.304	1072.3059
40.624	289.304	833.2507
40.624	294.304	789.7458
40.624	299.304	823.7166
40.624	304.304	693.6988
40.624	309.304	633.5405
40.624	314.304	741.0433
40.624	319.304	821.8675
40.624	324.304	648.1719
40.624	329.304	1491.4175
40.624	334.304	897.3173
40.624	339.304	1054.7651
40.624	344.304	1225.559
40.624	349.304	1219.1358
40.624	354.304	1374.6787
40.624	359.304	1473.3955
43.372	4.273	1605.7802
43.372	9.273	1230.6555
43.372	14.273	1592.83
43.372	19.273	1440.4691
43.372	24.273	1195.0209
43.372	29.273	1012.6452
43.372	34.273	842.0454
43.372	39.273	1015.6404
43.372	44.273	1033.2598
43.372	49.273	1235.328
43.372	54.273	861.0705
43.372	59.273	834.6346
43.372	64.273	594.0552
43.372	69.273	633.7507
43.372	74.273	838.4332
43.372	79.273	870.3219
43.372	84.273	1044.6499
43.372	89.273	1149.4981
43.372	94.273	1038.238
43.372	99.273	1244.8736
43.372	104.273	930.8182
43.372	109.273	1307.1503
43.372	114.273	885.1675
43.372	119.273	878.9336
43.372	124.273	889.7922
43.372	129.273	733.4245
43.372	134.273	689.5247
43.372	139.273	862.0185
43.372	144.273	905.4325
43.372	149.273	1026.349
43.372	154.273	1250.6483
43.372	159.273	1267.0269
43.372	164.273	1479.1422
43.372	169.273	1284.1602
43.372	174.273	1515.5401
43.372	179.273	1434.0787
43.372	184.273	1932.6168
43.372	189.273	1711.1896
43.372	194.273	1606.0869
43.372	199.273	1064.4182
43.372	204.273	1211.1816
43.372	209.273	1032.4911
43.372	214.273	1116.6867
43.372	219.273	886.7852
43.372	224.273	1066.3254
43.372	229.273	766.3785
43.372	234.273	884.4795
43.372	239.273	582.0434
43.372	244.273	660.8811
43.372	249.273	617.4094
43.372	254.273	694.1867
43.372	259.273	948.6079
43.372	264.273	1112.9354
43.372	269.273	1199.1575
43.372	274.273	1134.6646
43.372	279.273	1073.8675
43.372	284.273	1144.6876
43.372	289.273	937.6489
43.372	294.273	1088.3848
43.372	299.273	739.9673
43.372	304.273	700.5283
43.372	309.273	694.1972
43.372	314.273	684.5411
43.372	319.273	889.2695
43.372	324.273	793.884
43.372	329.273	1057.2504
43.372	334.273	873.6319
43.372	339.273	973.7363
43.372	344.273	1265.8973
43.372	349.273	1114.6629
43.372	354.273	1379.7193
43.372	359.273	1392.5801
47.995	3.954	1207.9078
47.995	8.954	1451.0497
47.995	13.954	1174.3485
47.995	18.954	1168.3301
47.995	23.954	922.5755
47.995	28.954	877.5133
47.995	33.954	780.7697
47.995	38.954	967.5738
47.995	43.954	1096.2082
47.995	48.954	1019.1539
47.995	53.954	599.6409
47.995	58.954	1068.9709
47.995	63.954	773.8251
47.995	68.954	878.6171
47.995	73.954	779.8083
47.995	78.954	1194.437
47.995	83.954	966.1322
47.995	88.954	1529.7622
47.995	93.954	1523.0546
47.995	98.954	1354.1809
47.995	103.954	1138.2669
47.995	108.954	1114.2017
47.995	113.954	1397.0105
47.995	118.954	915.4652
47.995	123.954	851.9517
47.995	128.954	842.1857
47.995	133.954	781.3151
47.995	138.954	752.1602
47.995	143.954	674.1953
47.995	148.954	1072.7863
47.995	153.954	1085.2748
47.995	158.954	1280.7914
47.995	163.954	1045.5955
47.995	168.954	1292.7675
47.995	173.954	1040.894
47.995	178.954	1375.1139
47.995	183.954	1539.0313
47.995	188.954	1167.5358
47.995	193.954	1370.095
47.995	198.954	887.1676
47.995	203.954	829.2534
47.995	208.954	832.2226
47.995	213.954	1164.3253
47.995	218.954	866.6081
47.995	223.954	745.5103
47.995	228.954	526.0987
47.995	233.954	761.5784
47.995	238.954	770.0161
47.995	243.954	763.0728
47.995	248.954	885.4623
47.995	253.954	906.4582
47.995	258.954	923.543
47.995	263.954	1443.29
47.995	268.954	1293.5498
47.995	273.954	1651.1067
47.995	278.954	1703.4746
47.995	283.954	1334.6164
47.995	288.954	1272.6438
47.995	293.954	1149.79
47.995	298.954	978.2373
47.995	303.954	810.953
47.995	308.954	1014.0818
47.995	313.954	854.945
47.995	318.954	832.3098
47.995	323.954	925.2057
47.995	328.954	691.9801
47.995	333.954	807.5948
47.995	338.954	1030.5443
47.995	343.954	829.6175
47.995	348.954	890.9478
47.995	353.954	1301.849
47.995	358.954	1050.6279
52.623	4.13	827.4207
52.623	9.13	854.9014
52.623	14.13	872.054
52.623	19.13	935.1433
52.623	24.13	716.1616
52.623	29.13	583.3069
52.623	34.13	648.0765
52.623	39.13	742.6899
52.623	44.13	895.437
52.623	49.13	818.7978
52.623	54.13	703.3815
52.623	59.13	751.6876
52.623	64.13	860.9076
52.623	69.13	974.7478
52.623	74.13	1169.0375
52.623	79.13	1402.3841
52.623	84.13	1259.8015
52.623	89.13	1863.3887
52.623	94.13	2687.4372
52.623	99.13	1726.4524
52.623	104.13	2047.1826
52.623	109.13	1659.7159
52.623	114.13	1695.7589
52.623	119.13	828.1324
52.623	124.13	1048.0789
52.623	129.13	839.3849
52.623	134.13	874.362
52.623	139.13	834.121
52.623	144.13	732.3413
52.623	149.13	903.9003
52.623	154.13	937.1241
52.623	159.13	983.2056
52.623	164.13	800.2574
52.623	169.13	858.7072
52.623	174.13	941.3944
52.623	179.13	1045.507
52.623	184.13	1024.4917
52.623	189.13	695.9484
52.623	194.13	890.9866
52.623	199.13	709.9367
52.623	204.13	697.4801
52.623	209.13	803.1042
52.623	214.13	859.6237
52.623	219.13	679.9213
52.623	224.13	691.8554
52.623	229.13	681.0376
52.623	234.13	827.9107
52.623	239.13	751.4859
52.623	244.13	1145.8918
52.623	249.13	1190.9253
52.623	254.13	1522.2752
52.623	259.13	2091.663
52.623	264.13	2340.4675
52.623	269.13	2233.4194
52.623	274.13	2221.3689
52.623	279.13	1831.391
52.623	284.13	1962.8923
52.623	289.13	2043.8006
52.623	294.13	1299.1948
52.623	299.13	1257.6203
52.623	304.13	1166.3031
52.623	309.13	1371.88
52.623	314.13	906.7976
52.623	319.13	1097.7663
52.623	324.13	881.1555
52.623	329.13	835.7205
52.623	334.13	673.7132
52.623	339.13	809.3223
52.623	344.13	482.1936
52.623	349.13	833.5146
52.623	354.13	862.6248
52.623	359.13	752.2475
55.371	4.07	721.7202
55.371	9.07	889.9233
55.371	14.07	1012.8888
55.371	19.07	974.7571
55.371	24.07	787.4021
55.371	29.07	612.9221
55.371	34.07	645.9789
55.371	39.07	774.0733
55.371	44.07	857.3966
55.371	49.07	884.8057
55.371	54.07	734.3708
55.371	59.07	768.9292
55.371	64.07	899.4091
55.371	69.07	783.7848
55.371	74.07	1348.8505
55.371	79.07	1460.4051
55.371	84.07	1462.8336
55.371	89.07	1922.3912
55.371	94.07	2805.7755
55.371	99.07	1903.5084
55.371	104.07	2005.1269
55.371	109.07	1949.9488
55.371	114.07	1535.275
55.371	119.07	932.0877
55.371	124.07	948.2314
55.371	129.07	828.0056
55.371	134.07	811.5299
55.371	139.07	833.5827
55.371	144.07	718.7269
55.371	149.07	807.4818
55.371	154.07	737.9715
55.371	159.07	840.1538
55.371	164.07	724.2932
55.371	169.07	638.0154
55.371	174.07	835.1701
55.371	179.07	869.2226
55.371	184.07	833.0258
55.371	189.07	655.5514
55.371	194.07	629.4818
55.371	199.07	609.0405
55.371	204.07	780.0692
55.371	209.07	824.7344
55.371	214.07	877.8461
55.371	219.07	619.0335
55.371	224.07	680.7129
55.371	229.07	772.4597
55.371	234.07	888.1712
55.371	239.07	741.8809
55.371	244.07	1216.095
55.371	249.07	1310.3656
55.371	254.07	1403.4494
55.371	259.07	2172.4996
55.371	264.07	2470.2818
55.371	269.07	2213.0069
55.371	274.07	2401.9496
55.371	279.07	1989.5572
55.371	284.07	2184.5068
55.371	289.07	2044.8785
55.371	294.07	1615.6867
55.371	299.07	1260.7417
55.371	304.07	1080.8568
55.371	309.07	1470.8621
55.371	314.07	911.7936
55.371	319.07	1091.2235
55.371	324.07	854.8057
55.371	329.07	634.0033
55.371	334.07	709.3954
55.371	339.07	741.8256
55.371	344.07	472.3399
55.371	349.07	873.5399
55.371	354.07	745.4424
55.371	359.07	622.1893
59.993	3.6	569.3313
59.993	8.6	756.0449
59.993	13.6	737.5726
59.993	18.6	510.5756
59.993	23.6	938.7745
59.993	28.6	710.4553
59.993	33.6	516.6195
59.993	38.6	860.8191
59.993	43.6	1082.9918
59.993	48.6	1282.9377
59.993	53.6	1110.6892
59.993	58.6	976.1197
59.993	63.6	950.8301
59.993	68.6	959.8978
59.993	73.6	1555.0347
59.993	78.6	1894.7145
59.993	83.6	2009.1293
59.993	88.6	2391.0736
59.993	93.6	2422.5591
59.993	98.6	2445.3112
59.993	103.6	1874.8971
59.993	108.6	2221.158
59.993	113.6	1481.4184
59.993	118.6	1335.4012
59.993	123.6	1262.8236
59.993	128.6	905.8923
59.993	133.6	763.3907
59.993	138.6	685.2939
59.993	143.6	1012.852
59.993	148.6	601.0836
59.993	153.6	706.5092
59.993	158.6	898.1192
59.993	163.6	579.3978
59.993	168.6	626.7915
59.993	173.6	526.1654
59.993	178.6	536.1535
59.993	183.6	786.8737
59.993	188.6	606.7447
59.993	193.6	373.9537
59.993	198.6	424.1559
59.993	203.6	494.6471
59.993	208.6	419.9288
59.993	213.6	497.0023
59.993	218.6	592.1073
59.993	223.6	690.0847
59.993	228.6	672.7382
59.993	233.6	762.0353
59.993	238.6	1076.9396
59.993	243.6	1129.1579
59.993	248.6	1542.9004
59.993	253.6	1499.4485
59.993	258.6	2190.7735
59.993	263.6	2461.8931
59.993	268.6	2365.4199
59.993	273.6	2308.0753
59.993	278.6	2120.578
59.993	283.6	2330.9165
59.993	288.6	1884.3155
59.993	293.6	2325.7531
59.993	298.6	1508.3097
59.993	303.6	1172.7861
59.993	308.6	1184.4575
59.993	313.6	1353.0276
59.993	318.6	953.4849
59.993	323.6	786.196
59.993	328.6	664.0962
59.993	333.6	522.4901
59.993	338.6	648.8947
59.993	343.6	321.2679
59.993	348.6	748.9252
59.993	353.6	333.6242
59.993	358.6	510.074
64.621	3.768	424.6442
64.621	8.768	671.5651
64.621	13.768	606.7717
64.621	18.768	308.0782
64.621	23.768	541.1076
64.621	28.768	372.8501
64.621	33.768	499.6231
64.621	38.768	766.9871
64.621	43.768	743.6973
64.621	48.768	825.1878
64.621	53.768	1160.7605
64.621	58.768	1254.5394
64.621	63.768	1398.2515
64.621	68.768	1863.5038
64.621	73.768	2044.5107
64.621	78.768	1929.8586
64.621	83.768	2289.2865
64.621	88.768	2779.0038
64.621	93.768	2296.3024
64.621	98.768	2659.1235
64.621	103.768	2433.8594
64.621	108.768	2385.0035
64.621	113.768	2161.4069
64.621	118.768	1798.1943
64.621	123.768	1576.9836
64.621	128.768	1280.3801
64.621	133.768	1275.9744
64.621	138.768	924.4932
64.621	143.768	1047.2257
64.621	148.768	935.3532
64.621	153.768	1058.2104
64.621	158.768	1076.8242
64.621	163.768	728.163
64.621	168.768	422.5008
64.621	173.768	670.6927
64.621	178.768	489.1365
64.621	183.768	337.8432
64.621	188.768	285.1115
64.621	193.768	377.1084
64.621	198.768	312.9813
64.621	203.768	427.1768
64.621	208.768	401.187
64.621	213.768	341.3102
64.621	218.768	661.6497
64.621	223.768	600.1514
64.621	228.768	595.1826
64.621	233.768	774.9405
64.621	238.768	890.7307
64.621	243.768	1244.1545
64.621	248.768	1322.7744
64.621	253.768	1849.5643
64.621	258.768	1569.2232
64.621	263.768	1751.2417
64.621	268.768	2506.2861
64.621	273.768	2367.7499
64.621	278.768	2524.9493
64.621	283.768	2429.5903
64.621	288.768	2106.6449
64.621	293.768	2540.6507
64.621	298.768	1847.3087
64.621	303.768	1447.1913
64.621	308.768	1223.4377
64.621	313.768	1138.4098
64.621	318.768	912.4467
64.621	323.768	702.0824
64.621	328.768	877.7704
64.621	333.768	344.7342
64.621	338.768	342.0849
64.621	343.768	317.4468
64.621	348.768	485.7301
64.621	353.768	311.483
64.621	358.768	386.4112
67.368	3.627	367.8754
67.368	8.627	569.6851
67.368	13.627	614.5615
67.368	18.627	377.1229
67.368	23.627	580.2291
67.368	28.627	427.7912
67.368	33.627	474.1106
67.368	38.627	704.1408
67.368	43.627	632.1075
67.368	48.627	825.1368
67.368	53.627	989.2818
67.368	58.627	1407.0809
67.368	63.627	1586.8615
67.368	68.627	2069.9938
67.368	73.627	1752.3405
67.368	78.627	1814.2866
67.368	83.627	2008.8215
67.368	88.627	2420.4842
67.368	93.627	2402.0861
67.368	98.627	2609.1661
67.368	103.627	2478.5868
67.368	108.627	2074.6915
67.368	113.627	2326.5889
67.368	118.627	1638.547
67.368	123.627	1720.5556
67.368	128.627	1458.3794
67.368	133.627	1232.5674
67.368	138.627	1157.7451
67.368	143.627	943.9087
67.368	148.627	922.3904
67.368	153.627	955.3385
67.368	158.627	984.0381
67.368	163.627	638.3381
67.368	168.627	357.2523
67.368	173.627	647.2752
67.368	178.627	496.1301
67.368	183.627	340.784
67.368	188.627	254.5393
67.368	193.627	403.7638
67.368	198.627	455.6963
67.368	203.627	493.8063
67.368	208.627	390.3229
67.368	213.627	385.7359
67.368	218.627	804.7561
67.368	223.627	650.1704
67.368	228.627	683.2205
67.368	233.627	908.0645
67.368	238.627	868.3968
67.368	243.627	1286.511
67.368	248.627	1319.3234
67.368	253.627	1591.6063
67.368	258.627	1837.8069
67.368	263.627	1716.6968
67.368	268.627	2356.2407
67.368	273.627	2216.3799
67.368	278.627	2595.7032
67.368	283.627	2335.5761
67.368	288.627	2113.522
67.368	293.627	2070.5479
67.368	298.627	1775.7973
67.368	303.627	1438.5535
67.368	308.627	1320.8013
67.368	313.627	1003.1995
67.368	318.627	912.5218
67.368	323.627	671.8008
67.368	328.627	745.0852
67.368	333.627	430.5169
67.368	338.627	313.9719
67.368	343.627	401.9932
67.368	348.627	411.5842
67.368	353.627	358.9977
67.368	358.627	433.7513
71.987	2.736	358.5899
71.987	7.736	488.5847
71.987	12.736	588.0815
71.987	17.736	478.0462
71.987	22.736	560.9146
71.987	27.736	1127.6772
71.987	32.736	1033.7496
71.987	37.736	840.5789
71.987	42.736	753.444
71.987	47.736	831.4367
71.987	52.736	1157.4923
71.987	57.736	1399.7587
71.987	62.736	1393.1352
71.987	67.736	1734.3512
71.987	72.736	1489.2272
71.987	77.736	1287.9316
71.987	82.736	1096.6628
71.987	87.736	1820.827
71.987	92.736	2430.6871
71.987	97.736	2172.9586
71.987	102.736	1923.9197
71.987	107.736	1795.4262
71.987	112.736	2193.328
71.987	117.736	1594.9106
71.987	122.736	1362.3679
71.987	127.736	962.6123
71.987	132.736	1009.0778
71.987	137.736	1056.7945
71.987	142.736	1092.2536
71.987	147.736	876.8627
71.987	152.736	633.0354
71.987	157.736	687.0439
71.987	162.736	579.9558
71.987	167.736	469.0589
71.987	172.736	668.8017
71.987	177.736	667.024
71.987	182.736	662.2731
71.987	187.736	746.1702
71.987	192.736	571.3935
71.987	197.736	722.9077
71.987	202.736	545.3357
71.987	207.736	441.3381
71.987	212.736	434.1841
71.987	217.736	710.9047
71.987	222.736	837.2937
71.987	227.736	696.2182
71.987	232.736	1101.0601
71.987	237.736	1346.0663
71.987	242.736	1359.519
71.987	247.736	1159.4596
71.987	252.736	1430.0616
71.987	257.736	1767.0315
71.987	262.736	1648.7657
71.987	267.736	1661.2591
71.987	272.736	1628.1205
71.987	277.736	1980.8687
71.987	282.736	1782.2199
71.987	287.736	1641.1386
71.987	292.736	1294.1432
71.987	297.736	1553.7712
71.987	302.736	1086.7226
71.987	307.736	1278.8291
71.987	312.736	1003.6829
71.987	317.736	941.9747
71.987	322.736	791.4863
71.987	327.736	692.4043
71.987	332.736	825.3172
71.987	337.736	735.4025
71.987	342.736	914.2059
71.987	347.736	563.4828
71.987	352.736	549.3001
71.987	357.736	439.5617
76.616	2.718	575.1518
76.616	7.718	594.4922
76.616	12.718	596.9124
76.616	17.718	705.7209
76.616	22.718	540.6783
76.616	27.718	678.2545
76.616	32.718	772.9315
76.616	37.718	975.9013
76.616	42.718	930.516
76.616	47.718	1284.4844
76.616	52.718	1002.2064
76.616	57.718	962.0098
76.616	62.718	1487.9915
76.616	67.718	1312.2218
76.616	72.718	1218.02
76.616	77.718	1085.8707
76.616	82.718	1386.4535
76.616	87.718	1297.5664
76.616	92.718	1393.6749
76.616	97.718	1283.03
76.616	102.718	1211.3874
76.616	107.718	1314.7302
76.616	112.718	2032.6281
76.616	117.718	1840.3946
76.616	122.718	1456.2452
76.616	127.718	1091.0501
76.616	132.718	1020.2931
76.616	137.718	1047.8772
76.616	142.718	986.0618
76.616	147.718	1113.5983
76.616	152.718	718.8786
76.616	157.718	755.0111
76.616	162.718	854.6913
76.616	167.718	929.2307
76.616	172.718	1080.148
76.616	177.718	788.5677
76.616	182.718	525.4767
76.616	187.718	656.0042
76.616	192.718	621.289
76.616	197.718	615.7266
76.616	202.718	781.6768
76.616	207.718	591.483
76.616	212.718	599.5232
76.616	217.718	514.1283
76.616	222.718	635.6399
76.616	227.718	630.3319
76.616	232.718	833.0362
76.616	237.718	1075.7828
76.616	242.718	1308.0519
76.616	247.718	961.1416
76.616	252.718	1084.3581
76.616	257.718	1179.0482
76.616	262.718	1409.6989
76.616	267.718	1359.8737
76.616	272.718	1377.2656
76.616	277.718	1364.2499
76.616	282.718	1258.0135
76.616	287.718	1561.5019
76.616	292.718	1502.1109
76.616	297.718	1459.1498
76.616	302.718	1270.2983
76.616	307.718	1327.6073
76.616	312.718	1276.4461
76.616	317.718	1020.0887
76.616	322.718	1010.7092
76.616	327.718	1154.3227
76.616	332.718	933.0037
76.616	337.718	1070.1374
76.616	342.718	1336.1678
76.616	347.718	701.4554
76.616	352.718	752.7818
76.616	357.718	531.814
79.361	2.138	629.2349
79.361	7.138	616.5315
79.361	12.138	666.4723
79.361	17.138	723.72
79.361	22.138	675.5482
79.361	27.138	647.4392
79.361	32.138	679.6672
79.361	37.138	773.8738
79.361	42.138	978.262
79.361	47.138	1213.7714
79.361	52.138	954.2557
79.361	57.138	968.2181
79.361	62.138	1251.5407
79.361	67.138	1107.3665
79.361	72.138	982.1572
79.361	77.138	1131.0893
79.361	82.138	1420.6113
79.361	87.138	1264.7039
79.361	92.138	1121.601
79.361	97.138	977.6241
79.361	102.138	1069.043
79.361	107.138	1147.5787
79.361	112.138	1658.4598
79.361	117.138	1656.2256
79.361	122.138	1591.7192
79.361	127.138	1266.956
79.361	132.138	988.7164
79.361	137.138	1242.4883
79.361	142.138	1157.4557
79.361	147.138	961.8156
79.361	152.138	903.605
79.361	157.138	805.6129
79.361	162.138	853.8776
79.361	167.138	956.2094
79.361	172.138	1070.4234
79.361	177.138	978.3305
79.361	182.138	519.9923
79.361	187.138	608.9005
79.361	192.138	646.6177
79.361	197.138	720.5743
79.361	202.138	756.0069
79.361	207.138	762.4696
79.361	212.138	670.7721
79.361	217.138	629.2669
79.361	222.138	694.3096
79.361	227.138	710.0866
79.361	232.138	930.8596
79.361	237.138	1152.6127
79.361	242.138	1360.763
79.361	247.138	1057.8252
79.361	252.138	1044.4551
79.361	257.138	1101.1621
79.361	262.138	1266.6797
79.361	267.138	1265.3767
79.361	272.138	1347.8525
79.361	277.138	1260.804
79.361	282.138	1206.7614
79.361	287.138	1422.0625
79.361	292.138	1430.6317
79.361	297.138	1387.9941
79.361	302.138	1171.2005
79.361	307.138	1108.1178
79.361	312.138	1258.5505
79.361	317.138	990.3612
79.361	322.138	930.9688
79.361	327.138	1146.5689
79.361	332.138	865.659
79.361	337.138	1103.9217
79.361	342.138	1057.6577
79.361	347.138	802.0722
79.361	352.138	796.6074
79.361	357.138	622.3435
83.959	3.333	962.9486
83.959	8.333	931.4605
83.959	13.333	969.5808
83.959	18.333	924.8485
83.959	23.333	858.736
83.959	28.333	897.7602
83.959	33.333	1004.795
83.959	38.333	955.2057
83.959	43.333	983.4129
83.959	48.333	1007.0587
83.959	53.333	1093.8552
83.959	58.333	903.6092
83.959	63.333	840.2274
83.959	68.333	1055.243
83.959	73.333	1170.1108
83.959	78.333	1066.9018
83.959	83.333	1033.0513
83.959	88.333	827.9971
83.959	93.333	723.0296
83.959	98.333	786.8177
83.959	103.333	818.0152
83.959	108.333	1025.5571
83.959	113.333	1167.3844
83.959	118.333	1550.114
83.959	123.333	1202.7099
83.959	128.333	1046.2285
83.959	133.333	1287.2577
83.959	138.333	1322.9835
83.959	143.333	1057.6943
83.959	148.333	1094.2484
83.959	153.333	1010.5993
83.959	158.333	779.1905
83.959	163.333	885.882
83.959	168.333	775.2304
83.959	173.333	694.5208
83.959	178.333	654.5972
83.959	183.333	698.4222
83.959	188.333	652.0575
83.959	193.333	746.2691
83.959	198.333	889.5095
83.959	203.333	805.9947
83.959	208.333	842.7829
83.959	213.333	919.4937
83.959	218.333	1045.4413
83.959	223.333	1108.7699
83.959	228.333	1091.2582
83.959	233.333	1208.1646
83.959	238.333	1211.4805
83.959	243.333	952.8159
83.959	248.333	823.1296
83.959	253.333	1017.0866
83.959	258.333	1029.2032
83.959	263.333	951.875
83.959	268.333	1152.7213
83.959	273.333	1099.9382
83.959	278.333	1104.8392
83.959	283.333	934.2778
83.959	288.333	1030.5756
83.959	293.333	846.1921
83.959	298.333	845.0656
83.959	303.333	921.9427
83.959	308.333	1072.2136
83.959	313.333	1082.8194
83.959	318.333	1088.2082
83.959	323.333	1089.0581
83.959	328.333	1046.5158
83.959	333.333	893.9575
83.959	338.333	1002.5159
83.959	343.333	963.5697
83.959	348.333	883.341
83.959	353.333	899.0939
83.959	358.333	885.5335
88.528	1.029	1258.4381
88.528	6.029	1202.7183
88.528	11.029	1195.5163
88.528	16.029	1191.3742
88.528	21.029	1331.4453
88.528	26.029	1258.1569
88.528	31.029	1387.6515
88.528	36.029	1382.423
88.528	41.029	1387.1337
88.528	46.029	1370.5329
88.528	51.029	1215.6125
88.528	56.029	1155.6676
88.528	61.029	1072.2289
88.528	66.029	1115.9783
88.528	71.029	1096.4768
88.528	76.029	1162.3363
88.528	81.029	1138.5836
88.528	86.029	1067.278
88.528	91.029	1030.1917
88.528	96.029	994.3588
88.528	101.029	975.9616
88.528	106.029	1017.7203
88.528	111.029	1023.2102
88.528	116.029	1248.0704
88.528	121.029	1262.0743
88.528	126.029	1320.0198
88.528	131.029	1388.9681
88.528	136.029	1444.3144
88.528	141.029	1461.6204
88.528	146.029	1447.1765
88.528	151.029	1440.4921
88.528	156.029	1363.7877
88.528	161.029	1272.6407
88.528	166.029	1255.5635
88.528	171.029	1277.0575
88.528	176.029	1208.3469
88.528	181.029	1259.4786
88.528	186.029	1188.6362
88.528	191.029	1269.2528
88.528	196.029	1313.2023
88.528	201.029	1158.4148
88.528	206.029	1288.043
88.528	211.029	1240.5927
88.528	216.029	1203.8963
88.528	221.029	1354.6383
88.528	226.029	1327.0982
88.528	231.029	1459.7297
88.528	236.029	1340.5856
88.528	241.029	1336.7059
88.528	246.029	1347.9851
88.528	251.029	1265.3273
88.528	256.029	1190.8674
88.528	261.029	1216.0951
88.528	266.029	1125.9694
88.528	271.029	998.1924
88.528	276.029	905.0063
88.528	281.029	955.6886
88.528	286.029	937.8079
88.528	291.029	914.5447
88.528	296.029	951.8264
88.528	301.029	1027.1877
88.528	306.029	1095.5786
88.528	311.029	1082.6927
88.528	316.029	1087.138
88.528	321.029	1057.362
88.528	326.029	1057.4492
88.528	331.029	1087.8536
88.528	336.029	1083.7087
88.528	341.029	1093.2572
88.528	346.029	1126.6025
88.528	351.029	1183.0654
88.528	356.029	1196.4902
