>BT8; Created QKowari;
>grid: 
>backgr: 
-4.0
0	2.45	203.5185
0	7.45	169.4481
0	12.45	227.5609
0	17.45	195.098
0	22.45	188.7664
0	27.45	133.6657
0	32.45	162.8978
0	37.45	199.689
0	42.45	85.4815
0	47.45	149.4435
0	52.45	145.5086
0	57.45	120.6307
0	62.45	158.4753
0	67.45	189.4731
0	72.45	104.6906
0	77.45	194.444
0	82.45	132.4393
0	87.45	138.2761
0	92.45	144.9185
0	97.45	101.3005
0	102.45	185.4844
0	107.45	131.9042
0	112.45	171.7806
0	117.45	148.4637
0	122.45	200.4099
0	127.45	129.406
0	132.45	310.0875
0	137.45	234.6509
0	142.45	149.1398
0	147.45	137.5056
0	152.45	272.8806
0	157.45	141.9666
0	162.45	166.6468
0	167.45	203.8215
0	172.45	187.4824
0	177.45	237.4444
0	182.45	195.087
0	187.45	262.1925
0	192.45	232.6753
0	197.45	161.3098
0	202.45	129.8768
0	207.45	103.2502
0	212.45	179.1392
0	217.45	149.0793
0	222.45	110.2399
0	227.45	176.5295
0	232.45	134.3027
0	237.45	117.8357
0	242.45	138.378
0	247.45	228.8355
0	252.45	126.3178
0	257.45	184.5202
0	262.45	187.4766
0	267.45	121.1958
0	272.45	184.3843
0	277.45	151.6733
0	282.45	116.3808
0	287.45	129.6038
0	292.45	181.9848
0	297.45	153.9369
0	302.45	154.7223
0	307.45	128.2369
0	312.45	199.3541
0	317.45	212.0785
0	322.45	183.4067
0	327.45	158.6379
0	332.45	151.1918
0	337.45	118.82
0	342.45	120.1556
0	347.45	211.5076
0	352.45	166.5984
0	357.45	196.4485
4.403	2.562	193.22315
4.403	7.562	235.1827
4.403	12.562	153.017
4.403	17.562	167.93265
4.403	22.562	233.1105
4.403	27.562	203.4258
4.403	32.562	198.20085
4.403	37.562	166.6943
4.403	42.562	134.03625
4.403	47.562	191.0048
4.403	52.562	238.73745
4.403	57.562	149.44605
4.403	62.562	118.64965
4.403	67.562	218.4186
4.403	72.562	113.2936
4.403	77.562	123.63315
4.403	82.562	146.7224
4.403	87.562	156.26045
4.403	92.562	185.95035
4.403	97.562	119.74985
4.403	102.562	179.98325
4.403	107.562	140.15495
4.403	112.562	170.69505
4.403	117.562	183.0427
4.403	122.562	199.4881
4.403	127.562	176.6067
4.403	132.562	161.68045
4.403	137.562	177.6367
4.403	142.562	155.85815
4.403	147.562	165.30855
4.403	152.562	214.3743
4.403	157.562	168.41585
4.403	162.562	134.1891
4.403	167.562	160.3036
4.403	172.562	166.89355
4.403	177.562	215.37165
4.403	182.562	144.31675
4.403	187.562	249.8292
4.403	192.562	168.92745
4.403	197.562	188.45505
4.403	202.562	130.35445
4.403	207.562	116.0375
4.403	212.562	138.1826
4.403	217.562	155.81515
4.403	222.562	148.06075
4.403	227.562	128.4008
4.403	232.562	156.9684
4.403	237.562	153.20975
4.403	242.562	166.44125
4.403	247.562	207.2935
4.403	252.562	178.50565
4.403	257.562	145.60935
4.403	262.562	175.95185
4.403	267.562	146.8672
4.403	272.562	276.4765
4.403	277.562	174.97305
4.403	282.562	147.97265
4.403	287.562	168.0794
4.403	292.562	185.11555
4.403	297.562	137.27345
4.403	302.562	182.92955
4.403	307.562	186.88785
4.403	312.562	192.68455
4.403	317.562	178.86525
4.403	322.562	160.1397
4.403	327.562	218.0417
4.403	332.562	254.25715
4.403	337.562	180.28375
4.403	342.562	241.4659
4.403	347.562	195.9837
4.403	352.562	151.649
4.403	357.562	176.9124
10.582	2.599	217.4995
10.582	7.599	126.9656
10.582	12.599	239.9877
10.582	17.599	153.7377
10.582	22.599	122.1125
10.582	27.599	91.9683
10.582	32.599	181.5254
10.582	37.599	234.9168
10.582	42.599	236.743
10.582	47.599	210.8536
10.582	52.599	288.8957
10.582	57.599	242.0158
10.582	62.599	230.3953
10.582	67.599	193.2187
10.582	72.599	165.9043
10.582	77.599	144.2944
10.582	82.599	183.5216
10.582	87.599	120.9166
10.582	92.599	204.6555
10.582	97.599	171.8295
10.582	102.599	108.0368
10.582	107.599	153.6113
10.582	112.599	187.775
10.582	117.599	227.4385
10.582	122.599	292.8412
10.582	127.599	243.8188
10.582	132.599	221.7073
10.582	137.599	156.8521
10.582	142.599	240.1937
10.582	147.599	224.4101
10.582	152.599	149.3391
10.582	157.599	150.8311
10.582	162.599	130.7694
10.582	167.599	151.5635
10.582	172.599	124.9221
10.582	177.599	244.7144
10.582	182.599	219.2231
10.582	187.599	302.0538
10.582	192.599	164.4217
10.582	197.599	120.66
10.582	202.599	130.1759
10.582	207.599	178.7936
10.582	212.599	173.0549
10.582	217.599	199.9415
10.582	222.599	163.5693
10.582	227.599	161.9934
10.582	232.599	163.4193
10.582	237.599	201.9364
10.582	242.599	213.4749
10.582	247.599	315.4816
10.582	252.599	219.8777
10.582	257.599	208.89
10.582	262.599	174.9167
10.582	267.599	171.2203
10.582	272.599	257.5453
10.582	277.599	157.5723
10.582	282.599	92.9327
10.582	287.599	186.9598
10.582	292.599	230.3066
10.582	297.599	221.4736
10.582	302.599	185.2431
10.582	307.599	292.4429
10.582	312.599	315.9243
10.582	317.599	156.1228
10.582	322.599	161.9127
10.582	327.599	228.3148
10.582	332.599	255.3511
10.582	337.599	140.9866
10.582	342.599	172.7036
10.582	347.599	191.8894
10.582	352.599	140.8905
10.582	357.599	175.5233
14.986	2.536	152.3422
14.986	7.536	199.2799
14.986	12.536	154.6952
14.986	17.536	230.0195
14.986	22.536	214.857
14.986	27.536	114.1998
14.986	32.536	193.321
14.986	37.536	227.8932
14.986	42.536	266.6977
14.986	47.536	231.4966
14.986	52.536	328.396
14.986	57.536	285.5289
14.986	62.536	204.7383
14.986	67.536	265.4778
14.986	72.536	206.6213
14.986	77.536	170.1616
14.986	82.536	167.167
14.986	87.536	306.2199
14.986	92.536	211.2662
14.986	97.536	235.5803
14.986	102.536	255.6464
14.986	107.536	179.6066
14.986	112.536	194.964
14.986	117.536	272.1803
14.986	122.536	327.0137
14.986	127.536	278.1254
14.986	132.536	253.8493
14.986	137.536	233.5697
14.986	142.536	209.706
14.986	147.536	296.8204
14.986	152.536	208.7404
14.986	157.536	131.7039
14.986	162.536	223.238
14.986	167.536	199.1045
14.986	172.536	148.0121
14.986	177.536	254.9682
14.986	182.536	178.5564
14.986	187.536	162.4657
14.986	192.536	140.9695
14.986	197.536	146.4145
14.986	202.536	231.3048
14.986	207.536	135.902
14.986	212.536	191.9934
14.986	217.536	197.4382
14.986	222.536	334.5664
14.986	227.536	306.7385
14.986	232.536	205.2153
14.986	237.536	280.0308
14.986	242.536	264.8866
14.986	247.536	286.7445
14.986	252.536	334.6594
14.986	257.536	207.0904
14.986	262.536	179.1192
14.986	267.536	158.5519
14.986	272.536	172.2105
14.986	277.536	152.9595
14.986	282.536	123.3289
14.986	287.536	214.6112
14.986	292.536	248.0318
14.986	297.536	265.1145
14.986	302.536	227.8296
14.986	307.536	256.5604
14.986	312.536	263.3477
14.986	317.536	332.951
14.986	322.536	264.5545
14.986	327.536	213.8644
14.986	332.536	168.9307
14.986	337.536	164.5387
14.986	342.536	180.4393
14.986	347.536	251.6527
14.986	352.536	245.2943
14.986	357.536	127.0584
19.387	2.708	139.9328
19.387	7.708	195.9434
19.387	12.708	244.2112
19.387	17.708	122.7158
19.387	22.708	90.4717
19.387	27.708	136.3894
19.387	32.708	233.3768
19.387	37.708	185.815
19.387	42.708	284.5057
19.387	47.708	367.6665
19.387	52.708	273.4722
19.387	57.708	378.0667
19.387	62.708	301.5898
19.387	67.708	310.0871
19.387	72.708	286.3144
19.387	77.708	232.5428
19.387	82.708	210.4986
19.387	87.708	240.616
19.387	92.708	212.9952
19.387	97.708	239.2613
19.387	102.708	296.2177
19.387	107.708	185.0529
19.387	112.708	200.0894
19.387	117.708	300.2785
19.387	122.708	270.4066
19.387	127.708	248.6314
19.387	132.708	366.8964
19.387	137.708	432.3388
19.387	142.708	329.8032
19.387	147.708	263.8131
19.387	152.708	198.7481
19.387	157.708	247.1362
19.387	162.708	258.1699
19.387	167.708	320.2968
19.387	172.708	181.0393
19.387	177.708	161.582
19.387	182.708	145.1174
19.387	187.708	193.5615
19.387	192.708	126.6815
19.387	197.708	187.0057
19.387	202.708	165.201
19.387	207.708	216.1511
19.387	212.708	235.0439
19.387	217.708	225.2627
19.387	222.708	323.0646
19.387	227.708	245.6045
19.387	232.708	336.7837
19.387	237.708	201.2902
19.387	242.708	286.8459
19.387	247.708	329.0895
19.387	252.708	411.5532
19.387	257.708	252.7652
19.387	262.708	257.4666
19.387	267.708	262.0859
19.387	272.708	183.4951
19.387	277.708	240.0068
19.387	282.708	253.8348
19.387	287.708	197.4776
19.387	292.708	259.7685
19.387	297.708	312.5722
19.387	302.708	266.5129
19.387	307.708	338.3126
19.387	312.708	441.5304
19.387	317.708	413.356
19.387	322.708	320.9029
19.387	327.708	411.7889
19.387	332.708	153.2028
19.387	337.708	158.3553
19.387	342.708	200.9674
19.387	347.708	94.0129
19.387	352.708	182.7715
19.387	357.708	180.3774
25.566	2.832	212.6505
25.566	7.832	173.6483
25.566	12.832	191.8228
25.566	17.832	216.899
25.566	22.832	202.752
25.566	27.832	160.9991
25.566	32.832	165.403
25.566	37.832	271.8319
25.566	42.832	276.1036
25.566	47.832	396.7268
25.566	52.832	448.6799
25.566	57.832	339.8628
25.566	62.832	338.468
25.566	67.832	377.1322
25.566	72.832	338.8292
25.566	77.832	217.4655
25.566	82.832	207.017
25.566	87.832	197.5125
25.566	92.832	251.6386
25.566	97.832	292.1526
25.566	102.832	184.4453
25.566	107.832	204.9924
25.566	112.832	236.343
25.566	117.832	215.5769
25.566	122.832	224.1775
25.566	127.832	365.4639
25.566	132.832	341.8096
25.566	137.832	371.3789
25.566	142.832	344.9519
25.566	147.832	422.4708
25.566	152.832	275.4608
25.566	157.832	403.7843
25.566	162.832	153.8132
25.566	167.832	236.1398
25.566	172.832	166.248
25.566	177.832	207.9521
25.566	182.832	179.0623
25.566	187.832	171.4165
25.566	192.832	207.8831
25.566	197.832	155.4045
25.566	202.832	142.039
25.566	207.832	175.027
25.566	212.832	241.2694
25.566	217.832	263.7129
25.566	222.832	163.6736
25.566	227.832	496.0915
25.566	232.832	362.9508
25.566	237.832	218.0171
25.566	242.832	439.0827
25.566	247.832	526.539
25.566	252.832	206.2588
25.566	257.832	269.8805
25.566	262.832	331.9532
25.566	267.832	251.7534
25.566	272.832	183.969
25.566	277.832	217.365
25.566	282.832	311.4783
25.566	287.832	212.5586
25.566	292.832	254.3558
25.566	297.832	258.9912
25.566	302.832	323.2699
25.566	307.832	369.2985
25.566	312.832	476.7075
25.566	317.832	273.6182
25.566	322.832	267.8807
25.566	327.832	327.1027
25.566	332.832	188.3572
25.566	337.832	216.6659
25.566	342.832	192.3779
25.566	347.832	190.7946
25.566	352.832	248.3483
25.566	357.832	200.9697
29.97	2.828	195.6731
29.97	7.828	159.5612
29.97	12.828	274.1361
29.97	17.828	265.8513
29.97	22.828	215.3381
29.97	27.828	276.8225
29.97	32.828	157.7997
29.97	37.828	302.2688
29.97	42.828	318.9758
29.97	47.828	275.651
29.97	52.828	560.9693
29.97	57.828	276.0602
29.97	62.828	255.3448
29.97	67.828	326.9203
29.97	72.828	281.5337
29.97	77.828	282.6199
29.97	82.828	218.9602
29.97	87.828	306.7985
29.97	92.828	280.1549
29.97	97.828	381.2007
29.97	102.828	227.8277
29.97	107.828	265.4417
29.97	112.828	331.6423
29.97	117.828	173.1462
29.97	122.828	232.9674
29.97	127.828	353.0107
29.97	132.828	339.7073
29.97	137.828	323.8933
29.97	142.828	325.3801
29.97	147.828	281.5051
29.97	152.828	299.9938
29.97	157.828	333.6855
29.97	162.828	203.6872
29.97	167.828	300.1614
29.97	172.828	170.6952
29.97	177.828	162.0601
29.97	182.828	192.0559
29.97	187.828	191.7418
29.97	192.828	206.0292
29.97	197.828	186.4045
29.97	202.828	115.0082
29.97	207.828	229.4744
29.97	212.828	237.4424
29.97	217.828	311.9744
29.97	222.828	196.4753
29.97	227.828	266.9306
29.97	232.828	298.1783
29.97	237.828	297.1812
29.97	242.828	296.8799
29.97	247.828	294.2143
29.97	252.828	237.0447
29.97	257.828	233.4993
29.97	262.828	265.8844
29.97	267.828	228.7877
29.97	272.828	158.0221
29.97	277.828	236.234
29.97	282.828	289.2914
29.97	287.828	317.444
29.97	292.828	164.2554
29.97	297.828	164.2673
29.97	302.828	331.6738
29.97	307.828	323.7696
29.97	312.828	400.1602
29.97	317.828	245.4611
29.97	322.828	257.6725
29.97	327.828	201.9593
29.97	332.828	233.5159
29.97	337.828	223.9913
29.97	342.828	210.1498
29.97	347.828	163.1196
29.97	352.828	146.102
29.97	357.828	135.9855
34.368	3.095	207.7942
34.368	8.095	158.2697
34.368	13.095	197.6096
34.368	18.095	260.0934
34.368	23.095	270.0396
34.368	28.095	183.2709
34.368	33.095	252.1346
34.368	38.095	261.9447
34.368	43.095	181.4105
34.368	48.095	272.4768
34.368	53.095	270.1674
34.368	58.095	274.733
34.368	63.095	335.1963
34.368	68.095	268.4216
34.368	73.095	229.6527
34.368	78.095	215.8613
34.368	83.095	194.9372
34.368	88.095	186.1301
34.368	93.095	447.9885
34.368	98.095	394.4292
34.368	103.095	241.7926
34.368	108.095	318.4802
34.368	113.095	221.1197
34.368	118.095	212.2178
34.368	123.095	255.0894
34.368	128.095	251.8254
34.368	133.095	198.9493
34.368	138.095	293.5787
34.368	143.095	280.2281
34.368	148.095	242.0611
34.368	153.095	181.8048
34.368	158.095	326.122
34.368	163.095	213.508
34.368	168.095	224.9735
34.368	173.095	242.461
34.368	178.095	180.4444
34.368	183.095	161.7961
34.368	188.095	183.3506
34.368	193.095	219.0994
34.368	198.095	262.8877
34.368	203.095	175.1201
34.368	208.095	208.339
34.368	213.095	199.1965
34.368	218.095	318.7434
34.368	223.095	288.2425
34.368	228.095	216.1955
34.368	233.095	165.4088
34.368	238.095	266.9236
34.368	243.095	287.9798
34.368	248.095	367.3436
34.368	253.095	406.1222
34.368	258.095	185.6912
34.368	263.095	310.028
34.368	268.095	286.3089
34.368	273.095	265.2023
34.368	278.095	233.1812
34.368	283.095	331.3914
34.368	288.095	276.9683
34.368	293.095	250.3705
34.368	298.095	249.0438
34.368	303.095	285.5798
34.368	308.095	238.4238
34.368	313.095	244.849
34.368	318.095	248.6534
34.368	323.095	206.5243
34.368	328.095	238.549
34.368	333.095	178.7184
34.368	338.095	222.129
34.368	343.095	141.0313
34.368	348.095	247.8333
34.368	353.095	147.3428
34.368	358.095	189.1614
40.544	3.362	217.3861
40.544	8.362	178.1661
40.544	13.362	194.7892
40.544	18.362	219.1379
40.544	23.362	177.1291
40.544	28.362	209.8701
40.544	33.362	222.7085
40.544	38.362	190.3434
40.544	43.362	177.3166
40.544	48.362	218.8794
40.544	53.362	142.8698
40.544	58.362	161.3123
40.544	63.362	235.2627
40.544	68.362	292.9006
40.544	73.362	250.464
40.544	78.362	204.2561
40.544	83.362	190.7283
40.544	88.362	354.7526
40.544	93.362	436.1167
40.544	98.362	328.7117
40.544	103.362	303.8019
40.544	108.362	223.33
40.544	113.362	310.9696
40.544	118.362	262.7724
40.544	123.362	260.3129
40.544	128.362	225.445
40.544	133.362	201.0592
40.544	138.362	315.6811
40.544	143.362	243.5503
40.544	148.362	234.5568
40.544	153.362	148.0301
40.544	158.362	273.7659
40.544	163.362	224.8094
40.544	168.362	201.698
40.544	173.362	251.16
40.544	178.362	204.1786
40.544	183.362	116.407
40.544	188.362	273.1199
40.544	193.362	219.7224
40.544	198.362	215.0352
40.544	203.362	187.4723
40.544	208.362	216.2065
40.544	213.362	189.7806
40.544	218.362	168.7952
40.544	223.362	160.0535
40.544	228.362	224.3349
40.544	233.362	236.0926
40.544	238.362	280.8453
40.544	243.362	275.0629
40.544	248.362	278.9072
40.544	253.362	401.2754
40.544	258.362	352.9609
40.544	263.362	243.9943
40.544	268.362	294.2054
40.544	273.362	462.6542
40.544	278.362	244.2894
40.544	283.362	305.8115
40.544	288.362	364.8978
40.544	293.362	256.2213
40.544	298.362	252.6254
40.544	303.362	292.4201
40.544	308.362	276.298
40.544	313.362	259.3373
40.544	318.362	258.0292
40.544	323.362	187.9707
40.544	328.362	255.3116
40.544	333.362	146.3816
40.544	338.362	121.9386
40.544	343.362	167.5457
40.544	348.362	339.9722
40.544	353.362	200.4141
40.544	358.362	159.7088
44.948	3.463	172.0782
44.948	8.463	194.8569
44.948	13.463	265.3631
44.948	18.463	202.0622
44.948	23.463	239.9792
44.948	28.463	155.3785
44.948	33.463	183.7186
44.948	38.463	196.6714
44.948	43.463	183.6229
44.948	48.463	239.7063
44.948	53.463	276.4406
44.948	58.463	218.2639
44.948	63.463	293.0239
44.948	68.463	386.8702
44.948	73.463	261.0654
44.948	78.463	289.1832
44.948	83.463	380.2582
44.948	88.463	397.8357
44.948	93.463	257.0188
44.948	98.463	426.5113
44.948	103.463	416.637
44.948	108.463	267.2225
44.948	113.463	425.2187
44.948	118.463	235.0996
44.948	123.463	227.3646
44.948	128.463	202.4689
44.948	133.463	235.8845
44.948	138.463	229.4918
44.948	143.463	186.1729
44.948	148.463	185.5739
44.948	153.463	293.3796
44.948	158.463	224.4832
44.948	163.463	192.8383
44.948	168.463	177.2434
44.948	173.463	203.3372
44.948	178.463	164.6884
44.948	183.463	228.2467
44.948	188.463	167.0216
44.948	193.463	202.8464
44.948	198.463	235.4102
44.948	203.463	182.9117
44.948	208.463	179.8981
44.948	213.463	181.4248
44.948	218.463	217.3481
44.948	223.463	242.2832
44.948	228.463	220.0072
44.948	233.463	202.3916
44.948	238.463	252.6608
44.948	243.463	252.0977
44.948	248.463	263.7253
44.948	253.463	245.961
44.948	258.463	169.5612
44.948	263.463	274.216
44.948	268.463	278.6208
44.948	273.463	273.2277
44.948	278.463	518.1253
44.948	283.463	249.0964
44.948	288.463	358.1449
44.948	293.463	288.1016
44.948	298.463	221.4594
44.948	303.463	187.7642
44.948	308.463	193.7403
44.948	313.463	360.7714
44.948	318.463	374.7337
44.948	323.463	246.5877
44.948	328.463	227.9528
44.948	333.463	221.193
44.948	338.463	154.9174
44.948	343.463	174.7862
44.948	348.463	218.3286
44.948	353.463	228.4648
44.948	358.463	165.5985
49.341	3.922	215.0702
49.341	8.922	220.1923
49.341	13.922	207.2776
49.341	18.922	207.9458
49.341	23.922	216.7457
49.341	28.922	206.1173
49.341	33.922	130.4976
49.341	38.922	162.1418
49.341	43.922	159.7666
49.341	48.922	183.3455
49.341	53.922	168.0888
49.341	58.922	235.9394
49.341	63.922	234.6583
49.341	68.922	246.9116
49.341	73.922	216.2138
49.341	78.922	161.5153
49.341	83.922	342.3431
49.341	88.922	322.9722
49.341	93.922	388.3023
49.341	98.922	200.4285
49.341	103.922	341.344
49.341	108.922	297.0451
49.341	113.922	209.9631
49.341	118.922	268.997
49.341	123.922	237.5834
49.341	128.922	216.0721
49.341	133.922	257.3968
49.341	138.922	241.9633
49.341	143.922	166.9467
49.341	148.922	170.1842
49.341	153.922	269.5278
49.341	158.922	215.7457
49.341	163.922	173.8063
49.341	168.922	165.4853
49.341	173.922	230.8344
49.341	178.922	209.1179
49.341	183.922	177.6301
49.341	188.922	154.2639
49.341	193.922	245.131
49.341	198.922	168.7603
49.341	203.922	203.3095
49.341	208.922	200.6255
49.341	213.922	121.5694
49.341	218.922	161.8549
49.341	223.922	161.3674
49.341	228.922	274.6244
49.341	233.922	165.7911
49.341	238.922	194.6933
49.341	243.922	309.4496
49.341	248.922	302.7106
49.341	253.922	288.4577
49.341	258.922	186.2131
49.341	263.922	228.6747
49.341	268.922	200.4416
49.341	273.922	282.5462
49.341	278.922	331.801
49.341	283.922	215.7421
49.341	288.922	346.7413
49.341	293.922	298.2229
49.341	298.922	279.9969
49.341	303.922	170.6169
49.341	308.922	197.2056
49.341	313.922	216.8296
49.341	318.922	328.0586
49.341	323.922	172.8585
49.341	328.922	142.8188
49.341	333.922	199.0131
49.341	338.922	191.7995
49.341	343.922	186.5399
49.341	348.922	196.2671
49.341	353.922	168.8621
49.341	358.922	171.0157
55.51	4.514	169.1713
55.51	9.514	164.7204
55.51	14.514	169.3534
55.51	19.514	163.2209
55.51	24.514	184.6874
55.51	29.514	176.4776
55.51	34.514	166.685
55.51	39.514	114.5393
55.51	44.514	161.0377
55.51	49.514	194.2759
55.51	54.514	107.7251
55.51	59.514	168.7009
55.51	64.514	187.5481
55.51	69.514	199.4134
55.51	74.514	140.3589
55.51	79.514	170.6587
55.51	84.514	201.1713
55.51	89.514	208.8287
55.51	94.514	327.846
55.51	99.514	229.9393
55.51	104.514	218.9036
55.51	109.514	211.6942
55.51	114.514	332.8
55.51	119.514	184.1631
55.51	124.514	254.7103
55.51	129.514	192.76
55.51	134.514	284.8761
55.51	139.514	163.4093
55.51	144.514	145.9983
55.51	149.514	257.6628
55.51	154.514	151.8042
55.51	159.514	188.2704
55.51	164.514	194.8007
55.51	169.514	168.9757
55.51	174.514	253.8051
55.51	179.514	202.3977
55.51	184.514	225.7765
55.51	189.514	197.8521
55.51	194.514	186.0932
55.51	199.514	164.3393
55.51	204.514	160.2321
55.51	209.514	174.4839
55.51	214.514	207.2159
55.51	219.514	177.4808
55.51	224.514	177.5963
55.51	229.514	175.6405
55.51	234.514	147.9191
55.51	239.514	149.667
55.51	244.514	190.2778
55.51	249.514	248.556
55.51	254.514	203.1395
55.51	259.514	199.9015
55.51	264.514	159.4166
55.51	269.514	193.4887
55.51	274.514	195.3404
55.51	279.514	146.9119
55.51	284.514	178.879
55.51	289.514	233.3851
55.51	294.514	228.6233
55.51	299.514	174.2666
55.51	304.514	199.5594
55.51	309.514	141.9001
55.51	314.514	189.0581
55.51	319.514	217.9
55.51	324.514	170.6616
55.51	329.514	201.766
55.51	334.514	186.9662
55.51	339.514	185.1858
55.51	344.514	162.1335
55.51	349.514	133.6338
55.51	354.514	161.0227
55.51	359.514	215.838
59.909	4.891	182.328
59.909	9.891	173.9571
59.909	14.891	166.5473
59.909	19.891	169.8036
59.909	24.891	176.8942
59.909	29.891	159.3557
59.909	34.891	198.7475
59.909	39.891	151.4867
59.909	44.891	145.3514
59.909	49.891	194.2267
59.909	54.891	215.8708
59.909	59.891	193.6884
59.909	64.891	175.871
59.909	69.891	150.1029
59.909	74.891	145.1043
59.909	79.891	145.2882
59.909	84.891	174.9137
59.909	89.891	111.2861
59.909	94.891	150.3695
59.909	99.891	132.9098
59.909	104.891	195.1399
59.909	109.891	180.8328
59.909	114.891	242.4896
59.909	119.891	191.7732
59.909	124.891	169.4677
59.909	129.891	130.5752
59.909	134.891	168.9624
59.909	139.891	163.7935
59.909	144.891	167.9988
59.909	149.891	164.7132
59.909	154.891	143.947
59.909	159.891	159.3112
59.909	164.891	173.8972
59.909	169.891	225.7839
59.909	174.891	179.3815
59.909	179.891	175.6198
59.909	184.891	185.4866
59.909	189.891	173.4181
59.909	194.891	202.8512
59.909	199.891	201.0017
59.909	204.891	178.2846
59.909	209.891	177.0823
59.909	214.891	152.9318
59.909	219.891	146.781
59.909	224.891	161.8314
59.909	229.891	157.2378
59.909	234.891	148.2005
59.909	239.891	143.105
59.909	244.891	161.7535
59.909	249.891	114.5664
59.909	254.891	179.1065
59.909	259.891	187.6519
59.909	264.891	139.3481
59.909	269.891	160.0047
59.909	274.891	150.1409
59.909	279.891	221.2303
59.909	284.891	90.5419
59.909	289.891	120.4462
59.909	294.891	181.9763
59.909	299.891	165.6244
59.909	304.891	167.5054
59.909	309.891	235.5121
59.909	314.891	141.1737
59.909	319.891	171.6625
59.909	324.891	152.2315
59.909	329.891	131.5342
59.909	334.891	204.6408
59.909	339.891	153.4688
59.909	344.891	151.8048
59.909	349.891	125.9455
59.909	354.891	149.38
59.909	359.891	133.56
64.289	0.897	187.8807
64.289	5.897	122.4715
64.289	10.897	194.1875
64.289	15.897	183.867
64.289	20.897	135.7653
64.289	25.897	140.8592
64.289	30.897	134.9953
64.289	35.897	114.3281
64.289	40.897	120.3292
64.289	45.897	92.0315
64.289	50.897	124.1539
64.289	55.897	126.936
64.289	60.897	99.2335
64.289	65.897	151.7604
64.289	70.897	114.9644
64.289	75.897	87.0954
64.289	80.897	95.0544
64.289	85.897	151.3882
64.289	90.897	207.9049
64.289	95.897	120.5388
64.289	100.897	92.038
64.289	105.897	102.0953
64.289	110.897	103.9848
64.289	115.897	126.8946
64.289	120.897	81.0877
64.289	125.897	162.5303
64.289	130.897	107.5078
64.289	135.897	120.6826
64.289	140.897	143.6573
64.289	145.897	135.0026
64.289	150.897	125.2794
64.289	155.897	100.2467
64.289	160.897	110.1246
64.289	165.897	196.5149
64.289	170.897	144.1928
64.289	175.897	182.0445
64.289	180.897	107.8618
64.289	185.897	138.2164
64.289	190.897	153.7399
64.289	195.897	174.0348
64.289	200.897	146.9685
64.289	205.897	131.1261
64.289	210.897	114.1798
64.289	215.897	135.3415
64.289	220.897	137.8484
64.289	225.897	143.977
64.289	230.897	150.4515
64.289	235.897	131.6743
64.289	240.897	111.4729
64.289	245.897	155.2362
64.289	250.897	148.8052
64.289	255.897	125.4773
64.289	260.897	119.0447
64.289	265.897	84.5487
64.289	270.897	138.1921
64.289	275.897	91.0186
64.289	280.897	130.8435
64.289	285.897	70.7386
64.289	290.897	99.772
64.289	295.897	176.8187
64.289	300.897	136.4578
64.289	305.897	142.7321
64.289	310.897	85.2632
64.289	315.897	129.5913
64.289	320.897	132.6758
64.289	325.897	148.1129
64.289	330.897	154.9186
64.289	335.897	178.0602
64.289	340.897	170.7927
64.289	345.897	174.2774
64.289	350.897	189.8108
64.289	355.897	180.4297
70.432	2.647	92.6463
70.432	7.647	111.8744
70.432	12.647	129.6145
70.432	17.647	124.1661
70.432	22.647	150.6907
70.432	27.647	123.5826
70.432	32.647	145.8209
70.432	37.647	99.9261
70.432	42.647	83.95
70.432	47.647	118.9687
70.432	52.647	96.8102
70.432	57.647	156.786
70.432	62.647	134.2543
70.432	67.647	120.2014
70.432	72.647	101.4675
70.432	77.647	146.1194
70.432	82.647	79.319
70.432	87.647	94.2148
70.432	92.647	92.3968
70.432	97.647	126.8732
70.432	102.647	112.1052
70.432	107.647	104.1784
70.432	112.647	130.31
70.432	117.647	193.1752
70.432	122.647	110.7726
70.432	127.647	95.201
70.432	132.647	96.1295
70.432	137.647	117.7702
70.432	142.647	129.332
70.432	147.647	130.7159
70.432	152.647	112.9867
70.432	157.647	151.1281
70.432	162.647	131.937
70.432	167.647	123.6401
70.432	172.647	80.2234
70.432	177.647	113.3138
70.432	182.647	127.225
70.432	187.647	100.3762
70.432	192.647	105.5808
70.432	197.647	140.3032
70.432	202.647	162.5229
70.432	207.647	142.4121
70.432	212.647	117.0898
70.432	217.647	133.7861
70.432	222.647	122.974
70.432	227.647	105.5523
70.432	232.647	93.7389
70.432	237.647	120.4323
70.432	242.647	93.9739
70.432	247.647	96.6154
70.432	252.647	76.9836
70.432	257.647	161.4567
70.432	262.647	88.7395
70.432	267.647	92.7159
70.432	272.647	112.1452
70.432	277.647	139.1146
70.432	282.647	113.5801
70.432	287.647	102.5039
70.432	292.647	117.2453
70.432	297.647	101.0186
70.432	302.647	101.2464
70.432	307.647	109.8736
70.432	312.647	148.678
70.432	317.647	109.7545
70.432	322.647	150.7887
70.432	327.647	154.7399
70.432	332.647	123.1667
70.432	337.647	145.3119
70.432	342.647	109.1757
70.432	347.647	117.2459
70.432	352.647	140.3415
70.432	357.647	91.8758
74.806	4.387	110.1367
74.806	9.387	137.8564
74.806	14.387	107.7701
74.806	19.387	113.6541
74.806	24.387	96.8741
74.806	29.387	120.9858
74.806	34.387	149.9881
74.806	39.387	111.3794
74.806	44.387	121.2735
74.806	49.387	123.4309
74.806	54.387	92.7556
74.806	59.387	117.8378
74.806	64.387	123.1226
74.806	69.387	134.3689
74.806	74.387	148.4034
74.806	79.387	190.0486
74.806	84.387	81.8039
74.806	89.387	72.9087
74.806	94.387	127.9151
74.806	99.387	121.4195
74.806	104.387	106.7483
74.806	109.387	82.1672
74.806	114.387	108.532
74.806	119.387	123.2184
74.806	124.387	147.5612
74.806	129.387	98.1175
74.806	134.387	104.8404
74.806	139.387	155.8305
74.806	144.387	161.9891
74.806	149.387	103.5649
74.806	154.387	98.3052
74.806	159.387	63.3244
74.806	164.387	94.0754
74.806	169.387	108.429
74.806	174.387	79.2862
74.806	179.387	94.9063
74.806	184.387	78.6083
74.806	189.387	109.0106
74.806	194.387	106.5543
74.806	199.387	133.985
74.806	204.387	89.1229
74.806	209.387	129.9024
74.806	214.387	99.9373
74.806	219.387	102.2187
74.806	224.387	140.7016
74.806	229.387	114.391
74.806	234.387	72.44
74.806	239.387	136.5712
74.806	244.387	129.5743
74.806	249.387	74.3716
74.806	254.387	135.5858
74.806	259.387	63.065
74.806	264.387	110.4571
74.806	269.387	80.4803
74.806	274.387	80.5011
74.806	279.387	99.086
74.806	284.387	124.8597
74.806	289.387	97.0933
74.806	294.387	92.9896
74.806	299.387	96.2109
74.806	304.387	83.7541
74.806	309.387	99.6057
74.806	314.387	116.1673
74.806	319.387	115.9782
74.806	324.387	135.4276
74.806	329.387	117.3463
74.806	334.387	91.2649
74.806	339.387	98.4749
74.806	344.387	103.0126
74.806	349.387	122.8277
74.806	354.387	88.0431
74.806	359.387	116.5113
79.107	3.642	91.8029
79.107	8.642	154.0936
79.107	13.642	125.0035
79.107	18.642	85.0748
79.107	23.642	76.4193
79.107	28.642	106.6306
79.107	33.642	76.0969
79.107	38.642	119.4751
79.107	43.642	130.3951
79.107	48.642	127.273
79.107	53.642	137.5289
79.107	58.642	118.7458
79.107	63.642	79.4347
79.107	68.642	162.7814
79.107	73.642	99.6964
79.107	78.642	90.0524
79.107	83.642	95.9559
79.107	88.642	137.2074
79.107	93.642	86.3661
79.107	98.642	61.3909
79.107	103.642	64.1648
79.107	108.642	136.2624
79.107	113.642	108.8493
79.107	118.642	93.0879
79.107	123.642	102.2178
79.107	128.642	101.4827
79.107	133.642	143.5759
79.107	138.642	91.9493
79.107	143.642	113.1282
79.107	148.642	71.4115
79.107	153.642	114.5267
79.107	158.642	119.1077
79.107	163.642	74.5984
79.107	168.642	103.4879
79.107	173.642	116.5359
79.107	178.642	99.4238
79.107	183.642	98.456
79.107	188.642	93.7136
79.107	193.642	99.7391
79.107	198.642	84.2365
79.107	203.642	109.0081
79.107	208.642	99.5668
79.107	213.642	130.3634
79.107	218.642	101.6253
79.107	223.642	95.0812
79.107	228.642	121.4058
79.107	233.642	119.2912
79.107	238.642	96.8182
79.107	243.642	83.3925
79.107	248.642	121.8817
79.107	253.642	72.8342
79.107	258.642	89.4611
79.107	263.642	97.8468
79.107	268.642	94.6318
79.107	273.642	123.9649
79.107	278.642	83.5103
79.107	283.642	94.9447
79.107	288.642	97.6837
79.107	293.642	114.8798
79.107	298.642	81.0862
79.107	303.642	86.6779
79.107	308.642	109.3408
79.107	313.642	66.7227
79.107	318.642	88.4071
79.107	323.642	121.1673
79.107	328.642	137.7309
79.107	333.642	144.6115
79.107	338.642	124.8154
79.107	343.642	124.2959
79.107	348.642	111.2993
79.107	353.642	109.9183
79.107	358.642	48.0444
84.907	0	76.9087
84.907	5	109.556
84.907	10	95.767
84.907	15	79.86835
84.907	20	96.688
84.907	25	107.1164
84.907	30	114.8885
84.907	35	131.89025
84.907	40	107.9722
84.907	45	81.2468
84.907	50	125.59035
84.907	55	114.98015
84.907	60	123.4459
84.907	65	93.8223
84.907	70	85.42055
84.907	75	99.5566
84.907	80	109.1688
84.907	85	117.1804
84.907	90	113.9456
84.907	95	96.33415
84.907	100	140.88275
84.907	105	119.2126
84.907	110	115.0122
84.907	115	104.93505
84.907	120	89.21885
84.907	125	92.38165
84.907	130	99.1249
84.907	135	99.5026
84.907	140	87.9704
84.907	145	92.3584
84.907	150	122.97155
84.907	155	112.88555
84.907	160	108.6903
84.907	165	114.87235
84.907	170	95.5278
84.907	175	108.0137
84.907	180	75.82695
84.907	185	109.1556
84.907	190	108.69155
84.907	195	111.8564
84.907	200	120.76135
84.907	205	108.30885
84.907	210	125.52335
84.907	215	90.6268
84.907	220	96.9065
84.907	225	78.18395
84.907	230	99.2383
84.907	235	98.2733
84.907	240	79.997
84.907	245	59.38055
84.907	250	98.0783
84.907	255	104.46765
84.907	260	100.4842
84.907	265	99.53625
84.907	270	105.81235
84.907	275	94.6818
84.907	280	113.6684
84.907	285	103.395
84.907	290	101.3413
84.907	295	103.0976
84.907	300	113.9657
84.907	305	87.36025
84.907	310	98.1559
84.907	315	110.05355
84.907	320	95.91315
84.907	325	75.815
84.907	330	93.8099
84.907	335	95.11595
84.907	340	80.5785
84.907	345	79.27225
84.907	350	89.0855
84.907	355	98.3705
87.55	5	76.1763
87.55	10	84.8704
87.55	15	90.2138
87.55	20	94.013
87.55	25	87.4379
87.55	30	136.6372
87.55	35	96.5909
87.55	40	119.8989
87.55	45	78.5235
87.55	50	113.4832
87.55	55	97.9573
87.55	60	94.6862
87.55	65	96.2594
87.55	70	98.6875
87.55	75	105.8927
87.55	80	141.1778
87.55	85	65.9447
87.55	90	124.5268
87.55	95	103.464
87.55	100	129.0181
87.55	105	101.2074
87.55	110	90.3792
87.55	115	97.4345
87.55	120	120.1381
87.55	125	130.5171
87.55	130	104.7118
87.55	135	116.7955
87.55	140	91.9453
87.55	145	145.4076
87.55	150	127.0997
87.55	155	110.9121
87.55	160	151.1418
87.55	165	85.2575
87.55	170	92.3024
87.55	175	78.3287
87.55	180	90.6804
87.55	185	105.2993
87.55	190	94.9616
87.55	195	74.199
87.55	200	94.9225
87.55	205	80.4366
87.55	210	135.312
87.55	215	124.7463
87.55	220	133.9672
87.55	225	132.1782
87.55	230	101.963
87.55	235	115.1379
87.55	240	93.9516
87.55	245	97.4522
87.55	250	101.0897
87.55	255	130.7035
87.55	260	86.969
87.55	265	107.8718
87.55	270	83.2738
87.55	275	84.9196
87.55	280	103.3345
87.55	285	96.7671
87.55	290	82.0032
87.55	295	151.1846
87.55	300	113.8252
87.55	305	113.9917
87.55	310	122.7046
87.55	315	96.499
87.55	320	104.4236
87.55	325	64.419
87.55	330	87.2535
87.55	335	64.7148
87.55	340	90.6673
87.55	345	92.0043
87.55	350	67.3922
87.55	355	114.1635
87.55	360	109.121
