>BT8; Created QKowari;
>grid: 
>backgr: 
>-4.0
0	2.8	10847.9422
0	5.8	10841.292
0	8.8	10952.6991
0	11.8	11647.0307
0	14.8	12740.3544
0	17.8	14117.1372
0	20.8	16017.7098
0	23.8	18552.0665
0	26.8	21638.5048
0	29.8	25206.0067
0	32.8	29104.2803
0	35.8	34413.3362
0	38.8	40225.2529
0	41.8	46751.4296
0	44.8	55317.1277
0	47.8	63900.0391
0	50.8	73154.293
0	53.8	83927.1237
0	56.8	95479.0461
0	59.8	107470.6113
0	62.8	121240.1289
0	65.8	135517.5959
0	68.8	149486.5879
0	71.8	163203.5718
0	74.8	178571.2227
0	77.8	189245.2944
0	80.8	198892.632
0	83.8	206058.3629
0	86.8	208768.3956
0	89.8	211150.2166
0	92.8	209853.1608
0	95.8	207537.5651
0	98.8	204695.6927
0	101.8	199997.1415
0	104.8	191353.5897
0	107.8	181453.4674
0	110.8	171466.3251
0	113.8	158793.4345
0	116.8	145027.1836
0	119.8	132969.2012
0	122.8	120087.0606
0	125.8	108098.7924
0	128.8	96805.5961
0	131.8	85961.3028
0	134.8	76034.4468
0	137.8	67414.1384
0	140.8	58440.0326
0	143.8	51127.9203
0	146.8	44370.9401
0	149.8	38527.9178
0	152.8	32868.6666
0	155.8	28458.1038
0	158.8	24762.5083
0	161.8	21008.6427
0	164.8	18289.4476
0	167.8	16651.2976
0	170.8	14312.6477
0	173.8	13502.0826
0	176.8	12541.8548
0	179.8	12020.8014
0	182.8	11531.0282
0	185.8	11675.0487
0	188.8	11376.3384
0	191.8	12448.9982
0	194.8	13411.3314
0	197.8	14380.1572
0	200.8	15790.8861
0	203.8	18191.9926
0	206.8	20706.4653
0	209.8	24350.5595
0	212.8	28946.4196
0	215.8	33538.659
0	218.8	39163.8509
0	221.8	45274.3647
0	224.8	52905.9633
0	227.8	61270.5051
0	230.8	70244.5334
0	233.8	80869.4888
0	236.8	91999.3288
0	239.8	104464.4933
0	242.8	118029.5927
0	245.8	132631.9176
0	248.8	145509.0245
0	251.8	160446.2052
0	254.8	174389.4895
0	257.8	187886.1844
0	260.8	195661.8743
0	263.8	204721.5035
0	266.8	209511.5046
0	269.8	211600.0822
0	272.8	213013.5334
0	275.8	210587.8901
0	278.8	209530.2452
0	281.8	205204.6891
0	284.8	197927.2142
0	287.8	188324.093
0	290.8	179425.5416
0	293.8	167271.3087
0	296.8	153239.9439
0	299.8	140397.4164
0	302.8	127588.0103
0	305.8	115108.116
0	308.8	102732.5016
0	311.8	91793.6506
0	314.8	81368.0185
0	317.8	71514.0898
0	320.8	62739.9523
0	323.8	53746.155
0	326.8	47617.1678
0	329.8	41048.3205
0	332.8	35461.3194
0	335.8	29942.3057
0	338.8	25807.4862
0	341.8	22011.5536
0	344.8	18953.4475
0	347.8	16816.7242
0	350.8	14702.4378
0	353.8	12848.8344
0	356.8	11679.198
0	359.8	11054.7602
2.799	1.964	10956.5618
2.799	4.964	10922.0447
2.799	7.964	11074.1198
2.799	10.964	11674.1541
2.799	13.964	12693.1028
2.799	16.964	13671.7918
2.799	19.964	15303.3476
2.799	22.964	17493.6395
2.799	25.964	19970.0999
2.799	28.964	22597.8613
2.799	31.964	26388.8789
2.799	34.964	30048.9664
2.799	37.964	34729.3326
2.799	40.964	39932.3978
2.799	43.964	45774.8417
2.799	46.964	52260.4641
2.799	49.964	58664.7284
2.799	52.964	66836.0657
2.799	55.964	75203.2992
2.799	58.964	83184.2927
2.799	61.964	93546.4975
2.799	64.964	103622.0842
2.799	67.964	114277.5468
2.799	70.964	123332.5801
2.799	73.964	132206.9238
2.799	76.964	141929.6267
2.799	79.964	148497.3744
2.799	82.964	153426.2174
2.799	85.964	157760.4493
2.799	88.964	160902.4076
2.799	91.964	162840.1595
2.799	94.964	165826.511
2.799	97.964	166582.2179
2.799	100.964	166372.4359
2.799	103.964	163814.9426
2.799	106.964	160168.039
2.799	109.964	152490.9562
2.799	112.964	145698.0198
2.799	115.964	135634.9176
2.799	118.964	126606.7356
2.799	121.964	115852.5278
2.799	124.964	105552.2832
2.799	127.964	96755.1811
2.799	130.964	86543.4139
2.799	133.964	77510.5082
2.799	136.964	68845.9968
2.799	139.964	60999.7325
2.799	142.964	53305.8176
2.799	145.964	46912.1688
2.799	148.964	40333.0593
2.799	151.964	35230.2849
2.799	154.964	29936.6301
2.799	157.964	26360.4304
2.799	160.964	22879.8854
2.799	163.964	19004.6748
2.799	166.964	17140.9006
2.799	169.964	14964.6863
2.799	172.964	13734.1317
2.799	175.964	12077.9126
2.799	178.964	12006.6344
2.799	181.964	11222.1454
2.799	184.964	11253.0159
2.799	187.964	11117.0779
2.799	190.964	11693.9837
2.799	193.964	12446.6617
2.799	196.964	13725.0441
2.799	199.964	15141.7073
2.799	202.964	17143.5027
2.799	205.964	19583.6572
2.799	208.964	23034.8084
2.799	211.964	26971.7551
2.799	214.964	31225.4698
2.799	217.964	36586.752
2.799	220.964	42570.895
2.799	223.964	49855.0195
2.799	226.964	57213.6887
2.799	229.964	65692.91
2.799	232.964	75633.1956
2.799	235.964	85957.9514
2.799	238.964	97413.5612
2.799	241.964	107922.5825
2.799	244.964	121012.891
2.799	247.964	133958.9762
2.799	250.964	146542.7288
2.799	253.964	157894.5449
2.799	256.964	169010.418
2.799	259.964	177667.825
2.799	262.964	184336.7369
2.799	265.964	188530.9083
2.799	268.964	189413.0515
2.799	271.964	187929.7303
2.799	274.964	184426.1337
2.799	277.964	179229.3735
2.799	280.964	173758.8363
2.799	283.964	168228.2778
2.799	286.964	159420.9961
2.799	289.964	150350.5823
2.799	292.964	140995.4032
2.799	295.964	130277.3558
2.799	298.964	119702.4188
2.799	301.964	109413.4525
2.799	304.964	99442.1715
2.799	307.964	90067.888
2.799	310.964	81423.8518
2.799	313.964	73001.0395
2.799	316.964	64294.4278
2.799	319.964	57164.4695
2.799	322.964	50637.9051
2.799	325.964	44577.9079
2.799	328.964	39396.3399
2.799	331.964	34466.9424
2.799	334.964	30009.8617
2.799	337.964	26322.0216
2.799	340.964	22703.5278
2.799	343.964	19545.0915
2.799	346.964	17525.0625
2.799	349.964	15477.3339
2.799	352.964	13975.1096
2.799	355.964	12421.3245
2.799	358.964	11937.2247
7.201	2.964	13104.3172
7.201	5.964	12797.2804
7.201	8.964	13128.07215
7.201	11.964	13267.6437
7.201	14.964	13886.36155
7.201	17.964	14701.69235
7.201	20.964	15548.3091
7.201	23.964	16842.3804
7.201	26.964	18098.0366
7.201	29.964	19502.1081
7.201	32.964	21146.54435
7.201	35.964	22755.4503
7.201	38.964	24321.91145
7.201	41.964	26060.14995
7.201	44.964	27798.12385
7.201	47.964	29305.06525
7.201	50.964	30752.49875
7.201	53.964	32018.371
7.201	56.964	33591.4271
7.201	59.964	34454.88125
7.201	62.964	34990.1303
7.201	65.964	35779.32995
7.201	68.964	36598.5061
7.201	71.964	36644.76915
7.201	74.964	36991.26565
7.201	77.964	36760.3276
7.201	80.964	36768.88895
7.201	83.964	36765.3637
7.201	86.964	36911.30985
7.201	89.964	37613.66875
7.201	92.964	39005.37725
7.201	95.964	40313.59835
7.201	98.964	42581.7745
7.201	101.964	44491.2806
7.201	104.964	46666.08095
7.201	107.964	48185.2335
7.201	110.964	49878.6654
7.201	113.964	51362.56575
7.201	116.964	51047.9866
7.201	119.964	51663.13025
7.201	122.964	50363.34485
7.201	125.964	49433.67265
7.201	128.964	48501.25105
7.201	131.964	46790.13515
7.201	134.964	44103.0452
7.201	137.964	41878.41835
7.201	140.964	38934.1766
7.201	143.964	36016.4499
7.201	146.964	33341.0642
7.201	149.964	30371.1574
7.201	152.964	27509.8788
7.201	155.964	24245.00405
7.201	158.964	21833.1799
7.201	161.964	19580.0594
7.201	164.964	17404.13825
7.201	167.964	15475.49815
7.201	170.964	13981.66
7.201	173.964	12762.5546
7.201	176.964	12234.1304
7.201	179.964	11389.57625
7.201	182.964	10889.4768
7.201	185.964	10945.40745
7.201	188.964	11218.34605
7.201	191.964	11461.11225
7.201	194.964	12688.9306
7.201	197.964	13916.57215
7.201	200.964	15324.3773
7.201	203.964	17417.7013
7.201	206.964	19366.8003
7.201	209.964	22032.48065
7.201	212.964	25003.1657
7.201	215.964	28038.69135
7.201	218.964	31083.1047
7.201	221.964	34163.4732
7.201	224.964	38100.35545
7.201	227.964	41120.9916
7.201	230.964	44908.18255
7.201	233.964	47808.0611
7.201	236.964	50793.52265
7.201	239.964	53364.8539
7.201	242.964	55704.0586
7.201	245.964	57526.938
7.201	248.964	58612.87075
7.201	251.964	59057.8289
7.201	254.964	59905.68405
7.201	257.964	58963.73415
7.201	260.964	57575.51355
7.201	263.964	56052.2419
7.201	266.964	53954.13475
7.201	269.964	51820.0296
7.201	272.964	49283.736
7.201	275.964	46952.4703
7.201	278.964	45285.7177
7.201	281.964	43532.12345
7.201	284.964	42318.74925
7.201	287.964	41322.69495
7.201	290.964	39954.8266
7.201	293.964	39150.09075
7.201	296.964	38246.57045
7.201	299.964	37459.25305
7.201	302.964	36582.7355
7.201	305.964	35564.76055
7.201	308.964	34719.2497
7.201	311.964	33590.11435
7.201	314.964	32145.0463
7.201	317.964	31255.66575
7.201	320.964	29341.5971
7.201	323.964	27843.0104
7.201	326.964	26594.30815
7.201	329.964	24716.7253
7.201	332.964	22861.1291
7.201	335.964	21715.964
7.201	338.964	20183.0059
7.201	341.964	18758.9035
7.201	344.964	17305.1745
7.201	347.964	16194.6168
7.201	350.964	15157.86515
7.201	353.964	14506.11035
7.201	356.964	13658.97575
7.201	359.964	13446.32175
10	1.797	14674.7184
10	4.797	14738.3315
10	7.797	15202.3347
10	10.797	15027.9897
10	13.797	15573.7726
10	16.797	15562.4205
10	19.797	16117.5237
10	22.797	16635.9412
10	25.797	17085.3224
10	28.797	17423.0241
10	31.797	18177.1429
10	34.797	18709.6984
10	37.797	19200.328
10	40.797	19521.2535
10	43.797	19588.4598
10	46.797	20170.8029
10	49.797	19964.5757
10	52.797	20218.2264
10	55.797	19805.4468
10	58.797	19439.1332
10	61.797	19478.1403
10	64.797	18636.2104
10	67.797	18373.6326
10	70.797	17615.3538
10	73.797	16946.7683
10	76.797	16763.778
10	79.797	16036.3241
10	82.797	16023.7556
10	85.797	15359.0576
10	88.797	15993.2241
10	91.797	15914.9564
10	94.797	16683.53
10	97.797	17335.8621
10	100.797	18260.6938
10	103.797	19594.5822
10	106.797	20821.8746
10	109.797	22404.9451
10	112.797	23965.6657
10	115.797	25215.9125
10	118.797	26323.7827
10	121.797	27338.0213
10	124.797	28013.6453
10	127.797	28851.7058
10	130.797	29016.8151
10	133.797	29127.1855
10	136.797	29059.589
10	139.797	28248.9061
10	142.797	27460.7918
10	145.797	25955.6859
10	148.797	25234.8182
10	151.797	23667.4631
10	154.797	21980.2503
10	157.797	20700.1946
10	160.797	19454.4275
10	163.797	17942.5133
10	166.797	16335.296
10	169.797	14990.166
10	172.797	14657.4001
10	175.797	13245.4445
10	178.797	12906.6592
10	181.797	12618.8699
10	184.797	12654.731
10	187.797	12808.2383
10	190.797	13136.3296
10	193.797	14167.3404
10	196.797	14677.5983
10	199.797	15731.5965
10	202.797	17070.3786
10	205.797	18698.0096
10	208.797	20515.8282
10	211.797	22353.6574
10	214.797	23594.9905
10	217.797	25416.8935
10	220.797	27032.7194
10	223.797	28871.2611
10	226.797	30062.5742
10	229.797	30619.6576
10	232.797	31667.1107
10	235.797	32170.2127
10	238.797	32203.5523
10	241.797	31765.9239
10	244.797	31626.9009
10	247.797	30901.0978
10	250.797	29882.2489
10	253.797	28623.4614
10	256.797	27465.0082
10	259.797	25698.049
10	262.797	24210.4449
10	265.797	22754.8759
10	268.797	21697.6724
10	271.797	20110.758
10	274.797	20029.2949
10	277.797	19209.8143
10	280.797	18448.9494
10	283.797	18474.8042
10	286.797	17997.5645
10	289.797	18401.8687
10	292.797	18495.1521
10	295.797	18748.7945
10	298.797	19064.3357
10	301.797	19534.7989
10	304.797	19462.2515
10	307.797	20221.7818
10	310.797	20367.1041
10	313.797	20312.3155
10	316.797	20868.6019
10	319.797	20474.931
10	322.797	20410.8291
10	325.797	19674.6706
10	328.797	20076.6542
10	331.797	19471.9931
10	334.797	19060.5126
10	337.797	18825.7001
10	340.797	18023.001
10	343.797	17558.3078
10	346.797	17017.5924
10	349.797	16171.4176
10	352.797	15853.9276
10	355.797	15588.1273
10	358.797	15512.9924
12.799	0.963	15101.1464
12.799	3.963	15284.0192
12.799	6.963	14548.2246
12.799	9.963	15040.2042
12.799	12.963	14756.6413
12.799	15.963	14656.1701
12.799	18.963	14467.6103
12.799	21.963	14679.0677
12.799	24.963	14107.6507
12.799	27.963	14124.1927
12.799	30.963	14150.6835
12.799	33.963	13857.8101
12.799	36.963	13581.9568
12.799	39.963	13570.2027
12.799	42.963	13070.0563
12.799	45.963	12987.8554
12.799	48.963	12672.0975
12.799	51.963	12105.8502
12.799	54.963	11359.2858
12.799	57.963	10953.585
12.799	60.963	10111.1918
12.799	63.963	9521.8285
12.799	66.963	9310.1991
12.799	69.963	8777.4256
12.799	72.963	8559.6701
12.799	75.963	8349.1053
12.799	78.963	7903.0226
12.799	81.963	7665.2893
12.799	84.963	7421.9939
12.799	87.963	7655.3478
12.799	90.963	7653.2391
12.799	93.963	7901.9405
12.799	96.963	7809.1006
12.799	99.963	8157.9861
12.799	102.963	8727.7757
12.799	105.963	8867.8643
12.799	108.963	9935.679
12.799	111.963	10220.0316
12.799	114.963	11099.1764
12.799	117.963	12104.5416
12.799	120.963	13135.0457
12.799	123.963	14104.5032
12.799	126.963	14931.698
12.799	129.963	15613.4131
12.799	132.963	16566.6378
12.799	135.963	16711.1674
12.799	138.963	17684.786
12.799	141.963	18176.159
12.799	144.963	18047.9917
12.799	147.963	18497.6325
12.799	150.963	18016.0848
12.799	153.963	17905.4731
12.799	156.963	17487.4429
12.799	159.963	16985.7079
12.799	162.963	16502.3613
12.799	165.963	15373.3815
12.799	168.963	14840.851
12.799	171.963	14297.0192
12.799	174.963	13668.8598
12.799	177.963	13956.1479
12.799	180.963	13167.9922
12.799	183.963	13225.0446
12.799	186.963	13353.0729
12.799	189.963	13452.0001
12.799	192.963	13947.461
12.799	195.963	14472.9787
12.799	198.963	15193.15
12.799	201.963	15796.0025
12.799	204.963	16430.2219
12.799	207.963	17012.4752
12.799	210.963	18113.2488
12.799	213.963	18479.7206
12.799	216.963	19091.4143
12.799	219.963	19559.575
12.799	222.963	19989.8169
12.799	225.963	19977.8118
12.799	228.963	19472.8643
12.799	231.963	18912.5463
12.799	234.963	18451.3072
12.799	237.963	17753.5396
12.799	240.963	17018.3837
12.799	243.963	16107.1956
12.799	246.963	15341.4065
12.799	249.963	14184.3126
12.799	252.963	13151.4786
12.799	255.963	12299.0793
12.799	258.963	11262.6637
12.799	261.963	10936.1168
12.799	264.963	10399.1611
12.799	267.963	9656.3931
12.799	270.963	9069.4313
12.799	273.963	8824.4154
12.799	276.963	8926.0928
12.799	279.963	8414.9143
12.799	282.963	8580.8854
12.799	285.963	8626.5066
12.799	288.963	8627.8293
12.799	291.963	8686.112
12.799	294.963	8948.3132
12.799	297.963	9124.588
12.799	300.963	9739.5708
12.799	303.963	10370.3977
12.799	306.963	10643.4211
12.799	309.963	11225.634
12.799	312.963	11802.0397
12.799	315.963	12236.323
12.799	318.963	12069.4721
12.799	321.963	13035.9079
12.799	324.963	13286.464
12.799	327.963	13577.1936
12.799	330.963	14323.0538
12.799	333.963	14539.0015
12.799	336.963	14518.6721
12.799	339.963	14862.183
12.799	342.963	14820.5341
12.799	345.963	14787.2215
12.799	348.963	15117.1726
12.799	351.963	15175.0517
12.799	354.963	14897.8278
12.799	357.963	15137.5594
17.201	1.963	13548.9809
17.201	4.963	13795.3942
17.201	7.963	13289.8085
17.201	10.963	13193.504
17.201	13.963	12786.6825
17.201	16.963	12477.4189
17.201	19.963	11756.3761
17.201	22.963	11660.7799
17.201	25.963	11164.4352
17.201	28.963	10564.5608
17.201	31.963	10001.4461
17.201	34.963	9434.6023
17.201	37.963	9206.1366
17.201	40.963	8579.7733
17.201	43.963	7921.5971
17.201	46.963	7613.7905
17.201	49.963	7447.1213
17.201	52.963	6760.3264
17.201	55.963	6482.657
17.201	58.963	5940.0221
17.201	61.963	5755.1861
17.201	64.963	5505.6056
17.201	67.963	5064.2936
17.201	70.963	5090.7722
17.201	73.963	4745.7509
17.201	76.963	4681.365
17.201	79.963	4567.0649
17.201	82.963	4649.6495
17.201	85.963	4299.4635
17.201	88.963	4332.9994
17.201	91.963	4262.3992
17.201	94.963	4519.1261
17.201	97.963	4399.8951
17.201	100.963	4516.2537
17.201	103.963	4597.1136
17.201	106.963	4645.1235
17.201	109.963	4946.4707
17.201	112.963	4929.923
17.201	115.963	5435.7604
17.201	118.963	5906.2677
17.201	121.963	6200.9624
17.201	124.963	5970.2036
17.201	127.963	7281.887
17.201	130.963	7369.0299
17.201	133.963	8023.8437
17.201	136.963	8503.6119
17.201	139.963	9060.3064
17.201	142.963	9821.0962
17.201	145.963	9957.887
17.201	148.963	10646.5214
17.201	151.963	11223.0515
17.201	154.963	11838.9377
17.201	157.963	12055.825
17.201	160.963	12428.2668
17.201	163.963	13085.4347
17.201	166.963	13262.871
17.201	169.963	13119.8734
17.201	172.963	13220.0499
17.201	175.963	13684.8091
17.201	178.963	13630.2674
17.201	181.963	13623.661
17.201	184.963	13658.7532
17.201	187.963	13814.888
17.201	190.963	13752.4683
17.201	193.963	13956.4695
17.201	196.963	13850.2741
17.201	199.963	13799.6838
17.201	202.963	13357.9889
17.201	205.963	13272.7501
17.201	208.963	12838.1541
17.201	211.963	12890.9617
17.201	214.963	12267.9065
17.201	217.963	11716.7525
17.201	220.963	11526.1817
17.201	223.963	10729.0532
17.201	226.963	10052.6195
17.201	229.963	9487.6891
17.201	232.963	8739.628
17.201	235.963	8032.9202
17.201	238.963	7754.733
17.201	241.963	7282.8087
17.201	244.963	6598.7051
17.201	247.963	6219.0198
17.201	250.963	5776.8166
17.201	253.963	5409.5838
17.201	256.963	5133.4747
17.201	259.963	4953.8181
17.201	262.963	5090.8896
17.201	265.963	4640.2692
17.201	268.963	4777.642
17.201	271.963	4543.0716
17.201	274.963	4565.7903
17.201	277.963	4496.2887
17.201	280.963	4801.05
17.201	283.963	4667.0583
17.201	286.963	4895.9831
17.201	289.963	4692.4816
17.201	292.963	4784.3982
17.201	295.963	5342.1031
17.201	298.963	5505.66
17.201	301.963	5490.8491
17.201	304.963	5641.3508
17.201	307.963	5982.3186
17.201	310.963	6592.7297
17.201	313.963	6723.6895
17.201	316.963	7084.2507
17.201	319.963	7291.4292
17.201	322.963	7728.8757
17.201	325.963	8426.1919
17.201	328.963	8548.0526
17.201	331.963	9418.5384
17.201	334.963	9755.6165
17.201	337.963	10225.7323
17.201	340.963	10624.234
17.201	343.963	11256.0189
17.201	346.963	11654.4502
17.201	349.963	12188.2826
17.201	352.963	12540.8181
17.201	355.963	13152.3972
17.201	358.963	13761.2652
20	0.787	13218.8491
20	3.787	13097.8164
20	6.787	13173.2417
20	9.787	12941.7595
20	12.787	12237.839
20	15.787	12198.3965
20	18.787	11508.942
20	21.787	11092.0427
20	24.787	10681.0098
20	27.787	9889.4846
20	30.787	9575.644
20	33.787	9258.9784
20	36.787	8716.148
20	39.787	8147.633
20	42.787	7697.7708
20	45.787	7285.9955
20	48.787	6707.757
20	51.787	6387.1917
20	54.787	5999.7003
20	57.787	5695.3414
20	60.787	5397.4083
20	63.787	5194.5661
20	66.787	4994.7651
20	69.787	4676.8138
20	72.787	4628.02
20	75.787	4649.9564
20	78.787	4404.169
20	81.787	4247.0777
20	84.787	4176.0616
20	87.787	3877.805
20	90.787	4097.3028
20	93.787	4017.5847
20	96.787	3918.4339
20	99.787	4170.4844
20	102.787	4161.6
20	105.787	4244.2234
20	108.787	4394.0011
20	111.787	4525.6059
20	114.787	4881.0921
20	117.787	5024.2825
20	120.787	5240.3371
20	123.787	5438.9357
20	126.787	5907.0452
20	129.787	6362.8911
20	132.787	6744.6821
20	135.787	6927.9763
20	138.787	7346.2106
20	141.787	7886.9653
20	144.787	7929.0932
20	147.787	8935.7449
20	150.787	9781.594
20	153.787	10066.7209
20	156.787	10578.5422
20	159.787	11253.7914
20	162.787	11766.4965
20	165.787	12055.2381
20	168.787	12604.8793
20	171.787	12918.7407
20	174.787	13430.1045
20	177.787	13594.4464
20	180.787	13734.9243
20	183.787	13718.0098
20	186.787	14004.6065
20	189.787	13841.98
20	192.787	13727.1545
20	195.787	13453.1133
20	198.787	12828.3661
20	201.787	12508.618
20	204.787	12118.4879
20	207.787	11734.4889
20	210.787	11341.0262
20	213.787	10581.5896
20	216.787	9821.1652
20	219.787	9421.5011
20	222.787	9013.4494
20	225.787	8192.6953
20	228.787	7719.8698
20	231.787	7000.7559
20	234.787	6776.8143
20	237.787	5935.0581
20	240.787	6107.9675
20	243.787	5449.0402
20	246.787	5370.5447
20	249.787	5078.197
20	252.787	4727.0266
20	255.787	4560.3137
20	258.787	4371.3012
20	261.787	4331.0752
20	264.787	4188.6159
20	267.787	4191.1938
20	270.787	4218.193
20	273.787	3901.5013
20	276.787	4153.8251
20	279.787	4147.9673
20	282.787	4145.8268
20	285.787	4333.9915
20	288.787	4344.5799
20	291.787	4289.6844
20	294.787	4799.8962
20	297.787	4899.4788
20	300.787	4969.5053
20	303.787	5095.0023
20	306.787	5205.3799
20	309.787	5755.7353
20	312.787	5977.4584
20	315.787	6339.9898
20	318.787	6457.4702
20	321.787	6842.4997
20	324.787	7170.7156
20	327.787	7748.3125
20	330.787	8055.0626
20	333.787	8730.9536
20	336.787	9145.9134
20	339.787	9716.1654
20	342.787	10321.7258
20	345.787	10560.4533
20	348.787	11461.1769
20	351.787	11841.7444
20	354.787	12179.9581
20	357.787	12977.6958
22.799	2.961	12205.564
22.799	5.961	12196.6155
22.799	8.961	11933.5669
22.799	11.961	11745.0536
22.799	14.961	11232.1704
22.799	17.961	10925.9927
22.799	20.961	10417.7865
22.799	23.961	10048.128
22.799	26.961	9331.2738
22.799	29.961	9325.7367
22.799	32.961	8405.2578
22.799	35.961	7921.4886
22.799	38.961	7898.6532
22.799	41.961	7390.1846
22.799	44.961	6936.1668
22.799	47.961	6338.4542
22.799	50.961	6386.8879
22.799	53.961	5933.1317
22.799	56.961	5490.9478
22.799	59.961	5417.5594
22.799	62.961	5152.9855
22.799	65.961	4549.7772
22.799	68.961	4547.6722
22.799	71.961	4677.9324
22.799	74.961	4087.1321
22.799	77.961	4208.4231
22.799	80.961	3825.7077
22.799	83.961	3627.9237
22.799	86.961	3984.6319
22.799	89.961	3588.323
22.799	92.961	3515.99
22.799	95.961	3785.4224
22.799	98.961	3971.9132
22.799	101.961	3888.3648
22.799	104.961	3942.9765
22.799	107.961	3906.8116
22.799	110.961	4252.2628
22.799	113.961	4445.031
22.799	116.961	4318.6682
22.799	119.961	4672.3934
22.799	122.961	5023.6443
22.799	125.961	5043.928
22.799	128.961	5270.4351
22.799	131.961	5441.7128
22.799	134.961	6252.5926
22.799	137.961	6375.4808
22.799	140.961	6821.5481
22.799	143.961	7238.1783
22.799	146.961	7654.9776
22.799	149.961	8255.8759
22.799	152.961	8524.679
22.799	155.961	9027.8463
22.799	158.961	9353.5279
22.799	161.961	10205.7297
22.799	164.961	10692.774
22.799	167.961	11015.0807
22.799	170.961	11648.1154
22.799	173.961	12101.7023
22.799	176.961	12479.2244
22.799	179.961	12820.8192
22.799	182.961	12550.3323
22.799	185.961	12682.033
22.799	188.961	12382.4261
22.799	191.961	12529.4342
22.799	194.961	11837.0703
22.799	197.961	11914.114
22.799	200.961	11192.5907
22.799	203.961	10634.2892
22.799	206.961	10132.516
22.799	209.961	9407.8271
22.799	212.961	9038.5833
22.799	215.961	8268.1845
22.799	218.961	7895.3721
22.799	221.961	7606.0118
22.799	224.961	7313.1888
22.799	227.961	6779.652
22.799	230.961	6147.8815
22.799	233.961	5979.2959
22.799	236.961	5724.3673
22.799	239.961	5549.3634
22.799	242.961	4960.6539
22.799	245.961	4735.9218
22.799	248.961	4320.5409
22.799	251.961	4406.3213
22.799	254.961	4245.9374
22.799	257.961	4075.9554
22.799	260.961	3892.6625
22.799	263.961	3841.3442
22.799	266.961	3656.8468
22.799	269.961	3751.2478
22.799	272.961	3502.981
22.799	275.961	3729.3743
22.799	278.961	3782.2983
22.799	281.961	3754.0099
22.799	284.961	3650.0786
22.799	287.961	3990.8861
22.799	290.961	4191.591
22.799	293.961	4321.1353
22.799	296.961	4443.3165
22.799	299.961	4695.1335
22.799	302.961	4844.5528
22.799	305.961	4954.0841
22.799	308.961	5530.6472
22.799	311.961	5617.4516
22.799	314.961	5984.6632
22.799	317.961	6246.5375
22.799	320.961	6681.6593
22.799	323.961	6829.8567
22.799	326.961	7325.6005
22.799	329.961	7591.8266
22.799	332.961	7885.9951
22.799	335.961	8479.7593
22.799	338.961	8809.2826
22.799	341.961	9535.8905
22.799	344.961	9879.972
22.799	347.961	10189.1761
22.799	350.961	10688.9551
22.799	353.961	11099.5472
22.799	356.961	11607.246
22.799	359.961	11868.2623
27.201	0.96	9312.3891
27.201	3.96	9614.4896
27.201	6.96	9307.1246
27.201	9.96	9464.09
27.201	12.96	9430.0911
27.201	15.96	8972.6805
27.201	18.96	8671.8873
27.201	21.96	7979.5298
27.201	24.96	8043.2145
27.201	27.96	7695.2478
27.201	30.96	7137.4574
27.201	33.96	7074.4802
27.201	36.96	6487.7941
27.201	39.96	6413.0788
27.201	42.96	6260.7966
27.201	45.96	6137.8185
27.201	48.96	5655.199
27.201	51.96	5663.1031
27.201	54.96	5191.7391
27.201	57.96	5278.0635
27.201	60.96	4762.6816
27.201	63.96	4694.3016
27.201	66.96	4275.2478
27.201	69.96	4702.3507
27.201	72.96	4184.9625
27.201	75.96	3941.5333
27.201	78.96	4264.0268
27.201	81.96	3957.948
27.201	84.96	3526.9193
27.201	87.96	3544.8108
27.201	90.96	3371.6975
27.201	93.96	3647.7904
27.201	96.96	3600.5805
27.201	99.96	3549.2745
27.201	102.96	3752.0254
27.201	105.96	3922.8855
27.201	108.96	4005.1019
27.201	111.96	4107.4173
27.201	114.96	4476.0621
27.201	117.96	4443.6701
27.201	120.96	5081.1379
27.201	123.96	5098.1377
27.201	126.96	5404.8736
27.201	129.96	5694.6242
27.201	132.96	6225.3121
27.201	135.96	6631.4216
27.201	138.96	6738.8436
27.201	141.96	7440.0843
27.201	144.96	7459.3112
27.201	147.96	7533.6656
27.201	150.96	7780.8615
27.201	153.96	8431.0727
27.201	156.96	8720.3621
27.201	159.96	9148.2708
27.201	162.96	9668.2135
27.201	165.96	10119.0858
27.201	168.96	10344.4439
27.201	171.96	11227.9224
27.201	174.96	11132.2216
27.201	177.96	11262.2467
27.201	180.96	11947.5989
27.201	183.96	11668.917
27.201	186.96	11596.4719
27.201	189.96	11478.4519
27.201	192.96	11266.8609
27.201	195.96	10961.5941
27.201	198.96	10665.3618
27.201	201.96	10326.8338
27.201	204.96	9716.3387
27.201	207.96	9774.9499
27.201	210.96	8979.4821
27.201	213.96	8424.4995
27.201	216.96	7967.3372
27.201	219.96	7485.1494
27.201	222.96	7072.0718
27.201	225.96	7298.0451
27.201	228.96	6579.7299
27.201	231.96	6290.6586
27.201	234.96	6072.5527
27.201	237.96	5511.6673
27.201	240.96	5099.7402
27.201	243.96	4904.7888
27.201	246.96	4561.9485
27.201	249.96	4194.1358
27.201	252.96	4077.3725
27.201	255.96	4156.0692
27.201	258.96	3953.492
27.201	261.96	3838.8555
27.201	264.96	3396.3198
27.201	267.96	3523.6632
27.201	270.96	3502.5099
27.201	273.96	3340.4809
27.201	276.96	3520.9367
27.201	279.96	3334.3303
27.201	282.96	3999.4187
27.201	285.96	3615.3163
27.201	288.96	3676.6475
27.201	291.96	4140.1346
27.201	294.96	3973.341
27.201	297.96	4289.883
27.201	300.96	4534.8059
27.201	303.96	4654.4054
27.201	306.96	4796.168
27.201	309.96	4924.4004
27.201	312.96	5363.0959
27.201	315.96	5443.1934
27.201	318.96	5777.2727
27.201	321.96	5733.2453
27.201	324.96	5895.5345
27.201	327.96	6107.234
27.201	330.96	5977.9666
27.201	333.96	6394.2468
27.201	336.96	7013.9358
27.201	339.96	7228.9774
27.201	342.96	7495.6293
27.201	345.96	8222.6166
27.201	348.96	8314.2383
27.201	351.96	8353.7578
27.201	354.96	9071.6392
27.201	357.96	9548.3595
30	2.769	7192.8537
30	5.769	6953.5232
30	8.769	7157.6017
30	11.769	7109.9117
30	14.769	6726.3397
30	17.769	6522.3535
30	20.769	6425.5134
30	23.769	6270.1802
30	26.769	6045.5926
30	29.769	5755.2039
30	32.769	5448.3229
30	35.769	5342.6694
30	38.769	5150.4521
30	41.769	4804.2166
30	44.769	4745.3972
30	47.769	4639.569
30	50.769	4666.0481
30	53.769	4596.8153
30	56.769	4210.1299
30	59.769	3942.6436
30	62.769	4027.3302
30	65.769	3779.3014
30	68.769	4016.6107
30	71.769	3597.4902
30	74.769	3635.2662
30	77.769	3668.8668
30	80.769	3518.769
30	83.769	3347.979
30	86.769	3458.0596
30	89.769	3213.1682
30	92.769	3033.8353
30	95.769	3501.3554
30	98.769	3580.0203
30	101.769	3531.2742
30	104.769	3690.1282
30	107.769	3836.9747
30	110.769	4163.4565
30	113.769	4192.6789
30	116.769	4259.7222
30	119.769	4490.0167
30	122.769	4470.662
30	125.769	4800.9192
30	128.769	4821.7184
30	131.769	5228.7886
30	134.769	5761.621
30	137.769	5740.0022
30	140.769	6104.936
30	143.769	6263.872
30	146.769	6420.98
30	149.769	6668.5026
30	152.769	7243.5962
30	155.769	7404.0413
30	158.769	7786.3059
30	161.769	7950.5101
30	164.769	8552.363
30	167.769	9139.0458
30	170.769	9336.559
30	173.769	9695.5342
30	176.769	10046.3893
30	179.769	10238.1005
30	182.769	10563.5307
30	185.769	10131.9819
30	188.769	10046.5711
30	191.769	9985.7222
30	194.769	9751.9085
30	197.769	9562.6267
30	200.769	9056.0768
30	203.769	8742.4486
30	206.769	8369.4596
30	209.769	7895.3827
30	212.769	7846.8611
30	215.769	7125.8921
30	218.769	6889.3176
30	221.769	6349.6917
30	224.769	6084.7387
30	227.769	6109.3015
30	230.769	5731.9463
30	233.769	5266.1765
30	236.769	5046.7877
30	239.769	4813.7039
30	242.769	4476.0152
30	245.769	4597.1339
30	248.769	4154.971
30	251.769	4025.3473
30	254.769	3715.8115
30	257.769	3723.4294
30	260.769	3735.3381
30	263.769	3291.9778
30	266.769	3145.8592
30	269.769	3373.9163
30	272.769	3363.6495
30	275.769	3231.3008
30	278.769	3501.1158
30	281.769	3302.8592
30	284.769	3421.975
30	287.769	3549.3339
30	290.769	3451.6771
30	293.769	3905.156
30	296.769	3698.0384
30	299.769	3808.5556
30	302.769	4022.8459
30	305.769	4395.2118
30	308.769	3803.3494
30	311.769	3813.9536
30	314.769	4312.31
30	317.769	4444.2502
30	320.769	4359.6056
30	323.769	4972.6959
30	326.769	4862.7908
30	329.769	4839.4851
30	332.769	5216.1721
30	335.769	5275.0746
30	338.769	5656.8192
30	341.769	5719.7577
30	344.769	5966.1086
30	347.769	6466.4652
30	350.769	6634.9973
30	353.769	6655.4365
30	356.769	6955.9196
30	359.769	7210.7956
32.799	1.958	5239.2951
32.799	4.958	5070.8031
32.799	7.958	5010.318
32.799	10.958	4957.2432
32.799	13.958	4733.5786
32.799	16.958	4945.5507
32.799	19.958	4559.9341
32.799	22.958	4592.2356
32.799	25.958	4188.4461
32.799	28.958	4145.6041
32.799	31.958	3918.089
32.799	34.958	3939.0621
32.799	37.958	3563.4074
32.799	40.958	3466.4626
32.799	43.958	3527.7633
32.799	46.958	3484.3308
32.799	49.958	3654.5572
32.799	52.958	3292.9784
32.799	55.958	3209.5031
32.799	58.958	3431.6097
32.799	61.958	3700.4982
32.799	64.958	3264.4767
32.799	67.958	3355.8968
32.799	70.958	3281.5074
32.799	73.958	3580.3591
32.799	76.958	3399.1406
32.799	79.958	3279.6134
32.799	82.958	3330.9274
32.799	85.958	3446.4196
32.799	88.958	3100.5623
32.799	91.958	3324.8808
32.799	94.958	3135.8261
32.799	97.958	3195.0501
32.799	100.958	3195.1396
32.799	103.958	3571.4131
32.799	106.958	3469.1526
32.799	109.958	3524.0837
32.799	112.958	3635.9138
32.799	115.958	3816.4902
32.799	118.958	4069.8936
32.799	121.958	4145.7885
32.799	124.958	4422.5277
32.799	127.958	4240.2487
32.799	130.958	4590.4419
32.799	133.958	4990.8821
32.799	136.958	4729.4326
32.799	139.958	5350.4682
32.799	142.958	5478.6051
32.799	145.958	5701.1851
32.799	148.958	5690.1734
32.799	151.958	5759.1968
32.799	154.958	6205.5305
32.799	157.958	6122.049
32.799	160.958	6646.5564
32.799	163.958	7024.0007
32.799	166.958	7342.8209
32.799	169.958	7570.077
32.799	172.958	7943.8511
32.799	175.958	8163.5412
32.799	178.958	8417.0573
32.799	181.958	8353.6073
32.799	184.958	8452.004
32.799	187.958	8697.9587
32.799	190.958	8220.6166
32.799	193.958	8286.9238
32.799	196.958	8147.0948
32.799	199.958	8032.907
32.799	202.958	7257.4735
32.799	205.958	6975.2102
32.799	208.958	6838.8342
32.799	211.958	6252.344
32.799	214.958	6278.5487
32.799	217.958	5961.4218
32.799	220.958	5577.4167
32.799	223.958	5557.8082
32.799	226.958	4982.1491
32.799	229.958	5068.104
32.799	232.958	4505.5142
32.799	235.958	4504.5077
32.799	238.958	4391.7512
32.799	241.958	4090.5605
32.799	244.958	4035.5487
32.799	247.958	3959.073
32.799	250.958	3699.186
32.799	253.958	3531.2573
32.799	256.958	3560.9666
32.799	259.958	3341.3792
32.799	262.958	3187.0126
32.799	265.958	3189.9162
32.799	268.958	3068.6855
32.799	271.958	3050.8829
32.799	274.958	3093.7418
32.799	277.958	3078.0593
32.799	280.958	3246.2995
32.799	283.958	2979.674
32.799	286.958	3382.5651
32.799	289.958	3102.9926
32.799	292.958	3193.3551
32.799	295.958	3289.4048
32.799	298.958	3219.8441
32.799	301.958	3180.127
32.799	304.958	3231.863
32.799	307.958	3329.3868
32.799	310.958	3528.9331
32.799	313.958	3506.0342
32.799	316.958	3293.2714
32.799	319.958	3390.2712
32.799	322.958	3642.5252
32.799	325.958	3842.2897
32.799	328.958	3629.5606
32.799	331.958	3651.747
32.799	334.958	4031.7296
32.799	337.958	4128.9619
32.799	340.958	3949.0251
32.799	343.958	4350.3508
32.799	346.958	4515.0541
32.799	349.958	4287.3937
32.799	352.958	4590.0121
32.799	355.958	4948.2592
32.799	358.958	4838.7838
37.201	2.955	2150.2995
37.201	5.955	1919.1824
37.201	8.955	1964.8488
37.201	11.955	1849.2354
37.201	14.955	1946.1169
37.201	17.955	2012.2428
37.201	20.955	1971.7462
37.201	23.955	2178.1076
37.201	26.955	2080.5511
37.201	29.955	1992.5118
37.201	32.955	2065.8062
37.201	35.955	1949.5451
37.201	38.955	1870.1447
37.201	41.955	1928.44
37.201	44.955	1636.8673
37.201	47.955	1868.0667
37.201	50.955	1785.6372
37.201	53.955	2227.4544
37.201	56.955	1895.4518
37.201	59.955	2184.1261
37.201	62.955	2010.5688
37.201	65.955	1892.3377
37.201	68.955	2161.4785
37.201	71.955	2336.6409
37.201	74.955	2408.9636
37.201	77.955	2272.2127
37.201	80.955	2562.0091
37.201	83.955	2511.9593
37.201	86.955	2383.8803
37.201	89.955	2366.2595
37.201	92.955	2657.5027
37.201	95.955	2552.6773
37.201	98.955	2470.8296
37.201	101.955	2577.0414
37.201	104.955	2575.9012
37.201	107.955	2881.51
37.201	110.955	2731.6778
37.201	113.955	2649.5074
37.201	116.955	2825.3201
37.201	119.955	2813.3705
37.201	122.955	2839.5993
37.201	125.955	2645.7933
37.201	128.955	2661.4842
37.201	131.955	2830.828
37.201	134.955	2776.5001
37.201	137.955	2548.5352
37.201	140.955	2809.108
37.201	143.955	2893.2585
37.201	146.955	2799.7976
37.201	149.955	2852.402
37.201	152.955	2874.8113
37.201	155.955	2850.0039
37.201	158.955	2912.0117
37.201	161.955	3279.3137
37.201	164.955	3105.8754
37.201	167.955	3275.7507
37.201	170.955	3522.6047
37.201	173.955	3755.1702
37.201	176.955	3927.6328
37.201	179.955	4018.0748
37.201	182.955	3938.1545
37.201	185.955	4195.011
37.201	188.955	3893.7976
37.201	191.955	3648.906
37.201	194.955	3614.4917
37.201	197.955	3711.8586
37.201	200.955	3591.5336
37.201	203.955	3364.1655
37.201	206.955	3290.9286
37.201	209.955	3205.3001
37.201	212.955	2928.6894
37.201	215.955	3157.291
37.201	218.955	2975.7392
37.201	221.955	2705.328
37.201	224.955	2676.0059
37.201	227.955	2698.702
37.201	230.955	2743.5498
37.201	233.955	2451.2707
37.201	236.955	2638.346
37.201	239.955	2547.5301
37.201	242.955	2559.1264
37.201	245.955	2587.7386
37.201	248.955	2474.8221
37.201	251.955	2354.7698
37.201	254.955	2546.3627
37.201	257.955	2523.7925
37.201	260.955	2516.9278
37.201	263.955	2539.565
37.201	266.955	2384.6297
37.201	269.955	2556.4871
37.201	272.955	2605.6418
37.201	275.955	2377.7399
37.201	278.955	2399.756
37.201	281.955	2166.291
37.201	284.955	2326.818
37.201	287.955	2426.1081
37.201	290.955	2256.0941
37.201	293.955	2183.3344
37.201	296.955	2104.0804
37.201	299.955	2172.867
37.201	302.955	2282.4378
37.201	305.955	1974.1565
37.201	308.955	1968.2439
37.201	311.955	2037.4004
37.201	314.955	1810.5621
37.201	317.955	1735.4955
37.201	320.955	2021.661
37.201	323.955	2038.4613
37.201	326.955	1860.2992
37.201	329.955	1756.3178
37.201	332.955	1728.7813
37.201	335.955	1592.3794
37.201	338.955	1901.0128
37.201	341.955	1707.0137
37.201	344.955	1826.0166
37.201	347.955	1818.9747
37.201	350.955	1910.0564
37.201	353.955	1846.3044
37.201	356.955	1846.6904
37.201	359.955	1943.7478
40	1.739	1488.532
40	4.739	1566.5869
40	7.739	1680.513
40	10.739	1644.0104
40	13.739	1479.6641
40	16.739	1467.2177
40	19.739	1492.3553
40	22.739	1545.4466
40	25.739	1650.2854
40	28.739	1584.735
40	31.739	1526.8826
40	34.739	1580.0666
40	37.739	1665.5069
40	40.739	1668.7954
40	43.739	1861.1549
40	46.739	2044.5164
40	49.739	1742.2405
40	52.739	1745.4238
40	55.739	1653.0578
40	58.739	1809.5834
40	61.739	1908.9006
40	64.739	1832.4191
40	67.739	1935.9171
40	70.739	2128.8145
40	73.739	2031.5133
40	76.739	2074.1322
40	79.739	2223.2912
40	82.739	2456.8497
40	85.739	2087.5654
40	88.739	2463.1826
40	91.739	2365.7926
40	94.739	2452.9668
40	97.739	2364.9884
40	100.739	2247.0488
40	103.739	2533.8752
40	106.739	2406.6882
40	109.739	2610.636
40	112.739	2601.0354
40	115.739	2381.4026
40	118.739	2262.7748
40	121.739	2319.8833
40	124.739	2065.113
40	127.739	2341.8585
40	130.739	2206.0366
40	133.739	2101.1551
40	136.739	2203.4828
40	139.739	2300.4001
40	142.739	2195.7484
40	145.739	2481.5801
40	148.739	1932.0308
40	151.739	2237.8755
40	154.739	2446.3016
40	157.739	2403.3252
40	160.739	2034.5679
40	163.739	2237.9927
40	166.739	2211.8122
40	169.739	2465.2115
40	172.739	2379.1538
40	175.739	2469.6966
40	178.739	2814.6292
40	181.739	2582.68
40	184.739	2609.0277
40	187.739	2976.9711
40	190.739	2701.8526
40	193.739	2584.468
40	196.739	2689.9717
40	199.739	2507.1661
40	202.739	2239.1996
40	205.739	2328.4166
40	208.739	2083.7749
40	211.739	2262.3311
40	214.739	2254.8909
40	217.739	2192.7127
40	220.739	2176.019
40	223.739	2188.6877
40	226.739	2066.4077
40	229.739	2196.7244
40	232.739	1990.5394
40	235.739	2289.055
40	238.739	2243.9996
40	241.739	1956.5654
40	244.739	2327.3099
40	247.739	2146.9636
40	250.739	2219.8113
40	253.739	2326.2559
40	256.739	2461.3911
40	259.739	2367.3929
40	262.739	2237.6112
40	265.739	2462.8585
40	268.739	2076.4439
40	271.739	2137.8105
40	274.739	2038.8009
40	277.739	2108.6811
40	280.739	2134.2966
40	283.739	2395.2034
40	286.739	2178.0249
40	289.739	2283.5359
40	292.739	2218.3839
40	295.739	1984.6942
40	298.739	2282.7279
40	301.739	1772.249
40	304.739	2045.1502
40	307.739	1759.3214
40	310.739	1595.3654
40	313.739	1761.2588
40	316.739	1629.8335
40	319.739	1738.7083
40	322.739	1674.515
40	325.739	1538.9695
40	328.739	1683.3661
40	331.739	1488.1785
40	334.739	1510.3133
40	337.739	1536.614
40	340.739	1616.2818
40	343.739	1343.3373
40	346.739	1404.7234
40	349.739	1369.8122
40	352.739	1599.8493
40	355.739	1554.8738
40	358.739	1395.1698
42.799	0.951	1218.9204
42.799	3.951	1017.9647
42.799	6.951	991.3907
42.799	9.951	1057.0564
42.799	12.951	1142.4792
42.799	15.951	1278.7828
42.799	18.951	1188.7857
42.799	21.951	1110.4402
42.799	24.951	1223.3273
42.799	27.951	1375.3778
42.799	30.951	1328.4312
42.799	33.951	1432.1294
42.799	36.951	1217.5629
42.799	39.951	1445.6136
42.799	42.951	1692.1632
42.799	45.951	1524.7196
42.799	48.951	1555.8625
42.799	51.951	1448.7864
42.799	54.951	1512.7963
42.799	57.951	1662.9438
42.799	60.951	1836.3782
42.799	63.951	1592.6014
42.799	66.951	1715.3354
42.799	69.951	1861.517
42.799	72.951	1966.3183
42.799	75.951	1861.3819
42.799	78.951	2006.1703
42.799	81.951	2056.6363
42.799	84.951	2214.4342
42.799	87.951	2147.8855
42.799	90.951	2152.4035
42.799	93.951	2066.8163
42.799	96.951	2203.9679
42.799	99.951	2356.0339
42.799	102.951	2290.4146
42.799	105.951	2214.3752
42.799	108.951	2008.3779
42.799	111.951	2091.916
42.799	114.951	2328.4754
42.799	117.951	2057.8374
42.799	120.951	2063.4071
42.799	123.951	1833.0901
42.799	126.951	1771.8975
42.799	129.951	1769.1132
42.799	132.951	1642.8192
42.799	135.951	1673.7573
42.799	138.951	1910.4676
42.799	141.951	1571.3773
42.799	144.951	1759.582
42.799	147.951	1788.1336
42.799	150.951	1761.4142
42.799	153.951	1686.6761
42.799	156.951	1834.3868
42.799	159.951	1549.9349
42.799	162.951	1863.4088
42.799	165.951	1902.0385
42.799	168.951	1759.0082
42.799	171.951	1725.2469
42.799	174.951	1821.2754
42.799	177.951	1822.7416
42.799	180.951	1786.7206
42.799	183.951	1990.4511
42.799	186.951	1710.0599
42.799	189.951	1908.0089
42.799	192.951	1805.2892
42.799	195.951	1747.9982
42.799	198.951	1872.8514
42.799	201.951	1576.89
42.799	204.951	1835.7279
42.799	207.951	1535.6049
42.799	210.951	1541.4279
42.799	213.951	1524.8073
42.799	216.951	1806.4395
42.799	219.951	1916.2266
42.799	222.951	1691.2726
42.799	225.951	1688.1162
42.799	228.951	1714.5888
42.799	231.951	1687.4274
42.799	234.951	1825.1065
42.799	237.951	1560.3217
42.799	240.951	1779.7225
42.799	243.951	1854.5266
42.799	246.951	1484.2254
42.799	249.951	1845.068
42.799	252.951	1831.0164
42.799	255.951	1829.0787
42.799	258.951	2006.9497
42.799	261.951	2038.5344
42.799	264.951	2118.2995
42.799	267.951	2116.4264
42.799	270.951	2153.9874
42.799	273.951	1711.3323
42.799	276.951	2212.6831
42.799	279.951	2096.1619
42.799	282.951	1972.5537
42.799	285.951	2177.9801
42.799	288.951	1948.4539
42.799	291.951	1889.8444
42.799	294.951	1591.0968
42.799	297.951	1622.2564
42.799	300.951	1748.1052
42.799	303.951	1515.5454
42.799	306.951	1580.9263
42.799	309.951	1573.401
42.799	312.951	1413.6881
42.799	315.951	1219.4937
42.799	318.951	1360.8643
42.799	321.951	1090.7958
42.799	324.951	1188.7245
42.799	327.951	1087.633
42.799	330.951	1261.6207
42.799	333.951	1115.527
42.799	336.951	1409.9197
42.799	339.951	1217.9417
42.799	342.951	1125.9388
42.799	345.951	1255.3449
42.799	348.951	1190.928
42.799	351.951	1274.2316
42.799	354.951	995.5936
42.799	357.951	1243.1029
47.201	1.948	899.1418
47.201	4.948	978.331
47.201	7.948	1003.3
47.201	10.948	1012.428
47.201	13.948	979.6402
47.201	16.948	991.9752
47.201	19.948	797.3897
47.201	22.948	1136.3706
47.201	25.948	1238.2712
47.201	28.948	1051.9985
47.201	31.948	1029.4253
47.201	34.948	1335.8867
47.201	37.948	1367.3548
47.201	40.948	1108.9162
47.201	43.948	1352.7631
47.201	46.948	1357.0926
47.201	49.948	1504.6505
47.201	52.948	1611.2516
47.201	55.948	1465.5149
47.201	58.948	1788.2961
47.201	61.948	1596.5904
47.201	64.948	1725.4506
47.201	67.948	1777.7106
47.201	70.948	1952.0431
47.201	73.948	2088.7113
47.201	76.948	1733.0674
47.201	79.948	1915.023
47.201	82.948	2030.9674
47.201	85.948	2133.8517
47.201	88.948	2258.3997
47.201	91.948	2417.0384
47.201	94.948	2200.373
47.201	97.948	2154.8517
47.201	100.948	2307.7775
47.201	103.948	2243.766
47.201	106.948	2036.3647
47.201	109.948	1879.0496
47.201	112.948	1717.4788
47.201	115.948	1834.6015
47.201	118.948	1653.3332
47.201	121.948	1671.8932
47.201	124.948	1685.9755
47.201	127.948	1661.6489
47.201	130.948	1333.5919
47.201	133.948	1566.512
47.201	136.948	1538.4893
47.201	139.948	1428.3798
47.201	142.948	1143.3367
47.201	145.948	1523.6025
47.201	148.948	1470.4956
47.201	151.948	1239.1192
47.201	154.948	1299.4117
47.201	157.948	1073.1616
47.201	160.948	1328.1314
47.201	163.948	1087.759
47.201	166.948	1028.7018
47.201	169.948	973.5888
47.201	172.948	1129.3574
47.201	175.948	993.5708
47.201	178.948	1081.1738
47.201	181.948	1197.4001
47.201	184.948	977.5229
47.201	187.948	1047.6874
47.201	190.948	1195.6989
47.201	193.948	945.4526
47.201	196.948	933.8755
47.201	199.948	997.9293
47.201	202.948	1161.9957
47.201	205.948	1230.4616
47.201	208.948	1253.7784
47.201	211.948	1304.5052
47.201	214.948	1135.7993
47.201	217.948	1200.5316
47.201	220.948	1466.2939
47.201	223.948	1157.4014
47.201	226.948	1342.054
47.201	229.948	1460.7273
47.201	232.948	1369.3015
47.201	235.948	1492.6348
47.201	238.948	1326.9589
47.201	241.948	1408.8905
47.201	244.948	1508.6626
47.201	247.948	1462.3617
47.201	250.948	1700.1078
47.201	253.948	1699.0087
47.201	256.948	1944.3023
47.201	259.948	1611.856
47.201	262.948	1767.8643
47.201	265.948	2110.9601
47.201	268.948	2342.1465
47.201	271.948	1961.3204
47.201	274.948	1977.9706
47.201	277.948	1892.1372
47.201	280.948	1949.6068
47.201	283.948	2078.7747
47.201	286.948	1816.1134
47.201	289.948	1743.1827
47.201	292.948	1814.1196
47.201	295.948	1706.0827
47.201	298.948	1748.9071
47.201	301.948	1551.0893
47.201	304.948	1535.3871
47.201	307.948	1584.2609
47.201	310.948	1472.2356
47.201	313.948	1280.9936
47.201	316.948	1284.1775
47.201	319.948	1329.839
47.201	322.948	1207.4059
47.201	325.948	1224.2786
47.201	328.948	1131.8434
47.201	331.948	1121.4867
47.201	334.948	1146.0414
47.201	337.948	1292.2436
47.201	340.948	1016.871
47.201	343.948	932.8553
47.201	346.948	1130.5985
47.201	349.948	929.8149
47.201	352.948	766.7736
47.201	355.948	810.6755
47.201	358.948	836.3655
50	0.689	1027.6193
50	3.689	899.9494
50	6.689	869.0064
50	9.689	980.368
50	12.689	911.4565
50	15.689	1017.7143
50	18.689	1059.317
50	21.689	1161.0766
50	24.689	1169.8881
50	27.689	1140.7489
50	30.689	1271.4663
50	33.689	1242.1399
50	36.689	1356.2072
50	39.689	1415.3085
50	42.689	1654.4802
50	45.689	1592.6288
50	48.689	1790.5031
50	51.689	1497.7176
50	54.689	1719.4264
50	57.689	1871.3295
50	60.689	1889.2761
50	63.689	2055.1569
50	66.689	2095.5411
50	69.689	1936.6309
50	72.689	2315.7702
50	75.689	2364.3849
50	78.689	2274.2515
50	81.689	2286.4246
50	84.689	2508.1935
50	87.689	2508.6292
50	90.689	2590.1245
50	93.689	2523.1187
50	96.689	2374.2846
50	99.689	2675.3252
50	102.689	2646.0886
50	105.689	2427.4658
50	108.689	2128.2031
50	111.689	2305.2981
50	114.689	2190.7583
50	117.689	2050.6457
50	120.689	1614.8655
50	123.689	1852.5325
50	126.689	1975.6613
50	129.689	1585.7584
50	132.689	1596.081
50	135.689	1442.2303
50	138.689	1487.9944
50	141.689	1404.042
50	144.689	1457.6132
50	147.689	1436.4547
50	150.689	1517.5077
50	153.689	1410.2957
50	156.689	933.5434
50	159.689	900.0836
50	162.689	978.494
50	165.689	1153.5802
50	168.689	1060.1643
50	171.689	1119.7542
50	174.689	964.499
50	177.689	994.674
50	180.689	911.522
50	183.689	1040.4164
50	186.689	925.3345
50	189.689	775.7323
50	192.689	1104.479
50	195.689	1076.0049
50	198.689	888.8165
50	201.689	837.0858
50	204.689	1063.2285
50	207.689	1219.592
50	210.689	1169.4758
50	213.689	1290.6065
50	216.689	1410.9101
50	219.689	1350.7231
50	222.689	1171.315
50	225.689	1327.761
50	228.689	1335.545
50	231.689	1538.1432
50	234.689	1732.8353
50	237.689	1540.6564
50	240.689	1703.5791
50	243.689	1901.2439
50	246.689	1732.5063
50	249.689	2019.7215
50	252.689	1933.2464
50	255.689	2012.0026
50	258.689	2127.2943
50	261.689	2325.737
50	264.689	2199.7726
50	267.689	2395.137
50	270.689	2046.0887
50	273.689	2222.5117
50	276.689	2124.7986
50	279.689	2096.5832
50	282.689	2071.8531
50	285.689	2325.3703
50	288.689	2299.9775
50	291.689	1789.2065
50	294.689	2015.8893
50	297.689	1859.8152
50	300.689	1892.0442
50	303.689	1820.6123
50	306.689	1900.9183
50	309.689	1754.866
50	312.689	1744.1344
50	315.689	1850.6468
50	318.689	1567.5211
50	321.689	1334.5184
50	324.689	1558.3591
50	327.689	1225.6718
50	330.689	1327.6591
50	333.689	1240.9131
50	336.689	1151.4809
50	339.689	1364.1087
50	342.689	1097.3822
50	345.689	989.0784
50	348.689	945.3665
50	351.689	999.2872
50	354.689	706.0472
50	357.689	1030.4713
52.799	2.941	953.4791
52.799	5.941	789.6858
52.799	8.941	891.6729
52.799	11.941	943.7109
52.799	14.941	1047.3505
52.799	17.941	1083.8928
52.799	20.941	1186.4517
52.799	23.941	1309.9341
52.799	26.941	1141.8236
52.799	29.941	1172.0659
52.799	32.941	1619.9882
52.799	35.941	1397.9012
52.799	38.941	1590.0548
52.799	41.941	1714.3161
52.799	44.941	1851.5919
52.799	47.941	1710.6187
52.799	50.941	1667.4078
52.799	53.941	2088.9107
52.799	56.941	2268.1967
52.799	59.941	2489.7385
52.799	62.941	2316.5639
52.799	65.941	2550.3
52.799	68.941	2671.5747
52.799	71.941	2652.1591
52.799	74.941	2698.158
52.799	77.941	2793.7262
52.799	80.941	2606.9935
52.799	83.941	3058.1421
52.799	86.941	3377.7802
52.799	89.941	3022.7028
52.799	92.941	2947.9776
52.799	95.941	3163.2486
52.799	98.941	2822.4825
52.799	101.941	2889.1127
52.799	104.941	2793.2701
52.799	107.941	2681.6899
52.799	110.941	2445.2053
52.799	113.941	2393.7032
52.799	116.941	2168.6285
52.799	119.941	2071.591
52.799	122.941	2114.6562
52.799	125.941	1960.7792
52.799	128.941	1772.5735
52.799	131.941	1864.7186
52.799	134.941	1740.4302
52.799	137.941	1670.8586
52.799	140.941	1553.7989
52.799	143.941	1676.5317
52.799	146.941	1672.7515
52.799	149.941	1338.0805
52.799	152.941	1353.3949
52.799	155.941	1202.7576
52.799	158.941	1088.5773
52.799	161.941	967.7657
52.799	164.941	1174.6684
52.799	167.941	1108.3269
52.799	170.941	1124.8028
52.799	173.941	919.9891
52.799	176.941	830.73
52.799	179.941	744.0957
52.799	182.941	757.34
52.799	185.941	1009.7221
52.799	188.941	964.8033
52.799	191.941	1006.0803
52.799	194.941	907.0575
52.799	197.941	957.5699
52.799	200.941	1077.0886
52.799	203.941	861.7746
52.799	206.941	1148.4195
52.799	209.941	1136.9847
52.799	212.941	1185.3895
52.799	215.941	1332.1734
52.799	218.941	1342.5104
52.799	221.941	1334.8912
52.799	224.941	1583.962
52.799	227.941	1641.1892
52.799	230.941	1770.1561
52.799	233.941	1621.0128
52.799	236.941	1637.9841
52.799	239.941	1995.4342
52.799	242.941	1908.577
52.799	245.941	1982.9742
52.799	248.941	2317.2198
52.799	251.941	2037.7373
52.799	254.941	2301.3245
52.799	257.941	2299.6404
52.799	260.941	2452.9853
52.799	263.941	2213.9866
52.799	266.941	2451.5577
52.799	269.941	2495.3338
52.799	272.941	2782.9222
52.799	275.941	2622.6872
52.799	278.941	2655.0011
52.799	281.941	2444.4191
52.799	284.941	2571.9498
52.799	287.941	2792.7422
52.799	290.941	2821.5464
52.799	293.941	2539.9961
52.799	296.941	2510.6979
52.799	299.941	2132.7717
52.799	302.941	2362.6745
52.799	305.941	2009.1548
52.799	308.941	1957.6639
52.799	311.941	2138.1241
52.799	314.941	1937.1965
52.799	317.941	1850.5038
52.799	320.941	1792.514
52.799	323.941	1722.3085
52.799	326.941	1598.7163
52.799	329.941	1466.7677
52.799	332.941	1449.6533
52.799	335.941	1360.1622
52.799	338.941	1225.7833
52.799	341.941	1120.1281
52.799	344.941	959.281
52.799	347.941	1161.7299
52.799	350.941	1252.9743
52.799	353.941	988.5297
52.799	356.941	922.0198
52.799	359.941	1188.7632
57.201	0.934	1195.5628
57.201	3.934	1051.3063
57.201	6.934	1130.6033
57.201	9.934	1342.554
57.201	12.934	1084.9263
57.201	15.934	1020.1111
57.201	18.934	1185.9067
57.201	21.934	1538.0531
57.201	24.934	1651.1657
57.201	27.934	1444.9385
57.201	30.934	1765.3869
57.201	33.934	1449.6782
57.201	36.934	2006.543
57.201	39.934	2099.4882
57.201	42.934	2290.5569
57.201	45.934	2437.3614
57.201	48.934	2703.8014
57.201	51.934	2922.7353
57.201	54.934	3294.6927
57.201	57.934	4052.6104
57.201	60.934	4030.1039
57.201	63.934	4429.884
57.201	66.934	4724.8769
57.201	69.934	5174.7236
57.201	72.934	5930.1198
57.201	75.934	6057.7851
57.201	78.934	6403.1415
57.201	81.934	6454.3241
57.201	84.934	6474.6528
57.201	87.934	6861.2108
57.201	90.934	6746.7427
57.201	93.934	7039.9378
57.201	96.934	6393.1108
57.201	99.934	6235.3738
57.201	102.934	6135.013
57.201	105.934	5627.6367
57.201	108.934	5192.7325
57.201	111.934	5074.5237
57.201	114.934	4991.8756
57.201	117.934	4282.0126
57.201	120.934	4082.8104
57.201	123.934	3806.1918
57.201	126.934	3211.9648
57.201	129.934	3191.3608
57.201	132.934	2926.0198
57.201	135.934	2683.6694
57.201	138.934	2267.9507
57.201	141.934	2033.1464
57.201	144.934	2062.5412
57.201	147.934	2012.083
57.201	150.934	1556.1575
57.201	153.934	1712.3249
57.201	156.934	1429.9715
57.201	159.934	1575.1824
57.201	162.934	1106.2488
57.201	165.934	1161.223
57.201	168.934	1092.6788
57.201	171.934	1054.6141
57.201	174.934	1117.5791
57.201	177.934	994.6646
57.201	180.934	1023.196
57.201	183.934	1027.1857
57.201	186.934	1039.9024
57.201	189.934	927.4809
57.201	192.934	831.938
57.201	195.934	1266.214
57.201	198.934	1041.3792
57.201	201.934	1062.7635
57.201	204.934	1640.8264
57.201	207.934	1341.9874
57.201	210.934	1510.6183
57.201	213.934	1558.7074
57.201	216.934	1557.0888
57.201	219.934	1605.42
57.201	222.934	1838.1703
57.201	225.934	1984.7165
57.201	228.934	2246.1566
57.201	231.934	2388.7508
57.201	234.934	2714.8837
57.201	237.934	2765.4593
57.201	240.934	2797.1418
57.201	243.934	3219.0419
57.201	246.934	3540.158
57.201	249.934	3531.7979
57.201	252.934	3929.6035
57.201	255.934	4560.9049
57.201	258.934	4640.5881
57.201	261.934	5114.6053
57.201	264.934	5199.3797
57.201	267.934	5656.1402
57.201	270.934	5965.6357
57.201	273.934	6139.6258
57.201	276.934	6484.446
57.201	279.934	6098.4507
57.201	282.934	6005.1233
57.201	285.934	6305.8284
57.201	288.934	6256.6827
57.201	291.934	5563.2282
57.201	294.934	5617.655
57.201	297.934	4836.2281
57.201	300.934	5132.0412
57.201	303.934	4430.5028
57.201	306.934	4231.2368
57.201	309.934	3967.092
57.201	312.934	3607.8843
57.201	315.934	3350.0804
57.201	318.934	2682.5061
57.201	321.934	2821.7191
57.201	324.934	2563.3198
57.201	327.934	2564.7648
57.201	330.934	1963.3559
57.201	333.934	1744.3536
57.201	336.934	1665.3052
57.201	339.934	1798.1124
57.201	342.934	1360.8411
57.201	345.934	1358.1363
57.201	348.934	1420.3335
57.201	351.934	1174.0863
57.201	354.934	1307.0454
57.201	357.934	1208.3618
59.999	2.6	1285.4809
59.999	5.6	1296.899
59.999	8.6	1273.6794
59.999	11.6	1102.3021
59.999	14.6	1360.3272
59.999	17.6	1369.0865
59.999	20.6	1324.469
59.999	23.6	1071.9263
59.999	26.6	1479.7457
59.999	29.6	1691.9208
59.999	32.6	1707.7874
59.999	35.6	1777.7574
59.999	38.6	1799.2459
59.999	41.6	1906.5926
59.999	44.6	2124.599
59.999	47.6	2418.1672
59.999	50.6	2800.688
59.999	53.6	2708.5463
59.999	56.6	3337.2048
59.999	59.6	3507.9856
59.999	62.6	3881.8794
59.999	65.6	4430.3107
59.999	68.6	5061.2196
59.999	71.6	5661.4523
59.999	74.6	5812.4194
59.999	77.6	6062.1587
59.999	80.6	6052.5473
59.999	83.6	6332.4595
59.999	86.6	6632.6893
59.999	89.6	6828.8926
59.999	92.6	6313.0975
59.999	95.6	6248.7511
59.999	98.6	6267.0518
59.999	101.6	6027.3234
59.999	104.6	5882.9683
59.999	107.6	5320.0611
59.999	110.6	4870.9873
59.999	113.6	4585.9201
59.999	116.6	4634.5693
59.999	119.6	4078.5572
59.999	122.6	3666.9644
59.999	125.6	3261.2279
59.999	128.6	3202.3243
59.999	131.6	2768.7187
59.999	134.6	2399.923
59.999	137.6	2321.1178
59.999	140.6	1966.3335
59.999	143.6	1859.5848
59.999	146.6	1768.9886
59.999	149.6	1694.4043
59.999	152.6	1489.5156
59.999	155.6	1346.6761
59.999	158.6	1435.2995
59.999	161.6	1374.0273
59.999	164.6	1182.9918
59.999	167.6	1177.0388
59.999	170.6	928.3896
59.999	173.6	1045.5645
59.999	176.6	1312.7159
59.999	179.6	1206.9818
59.999	182.6	950.8089
59.999	185.6	1243.3996
59.999	188.6	994.2301
59.999	191.6	1206.8731
59.999	194.6	1021.749
59.999	197.6	1092.5231
59.999	200.6	1132.7449
59.999	203.6	1350.2193
59.999	206.6	1191.7948
59.999	209.6	1284.0594
59.999	212.6	1717.6102
59.999	215.6	1363.1389
59.999	218.6	1729.7974
59.999	221.6	1699.8814
59.999	224.6	1687.1965
59.999	227.6	1893.678
59.999	230.6	2408.4943
59.999	233.6	2390.241
59.999	236.6	2804.7987
59.999	239.6	3129.3977
59.999	242.6	3567.0136
59.999	245.6	3549.8175
59.999	248.6	4177.7335
59.999	251.6	3961.9793
59.999	254.6	4518.8763
59.999	257.6	4863.0472
59.999	260.6	5327.9756
59.999	263.6	5499.2474
59.999	266.6	5763.9636
59.999	269.6	6405.6508
59.999	272.6	6608.2861
59.999	275.6	6502.0351
59.999	278.6	6643.5665
59.999	281.6	6374.5615
59.999	284.6	6551.8516
59.999	287.6	6143.5385
59.999	290.6	5971.727
59.999	293.6	5377.2993
59.999	296.6	5395.7423
59.999	299.6	4943.6681
59.999	302.6	4604.2583
59.999	305.6	4362.4235
59.999	308.6	3692.7731
59.999	311.6	3318.5616
59.999	314.6	3017.6288
59.999	317.6	2643.0262
59.999	320.6	2782.881
59.999	323.6	2450.9999
59.999	326.6	2120.4465
59.999	329.6	2069.3307
59.999	332.6	1744.4007
59.999	335.6	1673.096
59.999	338.6	1536.2025
59.999	341.6	1547.5409
59.999	344.6	1305.9295
59.999	347.6	1307.5486
59.999	350.6	1308.1551
59.999	353.6	1190.7833
59.999	356.6	1195.78
59.999	359.6	1141.0963
62.799	1.922	1141.1435
62.799	4.922	922.1282
62.799	7.922	1086.0615
62.799	10.922	1145.0962
62.799	13.922	1237.0272
62.799	16.922	1303.7871
62.799	19.922	1259.9489
62.799	22.922	1134.6915
62.799	25.922	1451.727
62.799	28.922	1507.0135
62.799	31.922	1736.3455
62.799	34.922	1522.1571
62.799	37.922	1937.7753
62.799	40.922	2078.4426
62.799	43.922	2278.9418
62.799	46.922	2413.1822
62.799	49.922	2722.4341
62.799	52.922	2982.6144
62.799	55.922	3220.7683
62.799	58.922	3812.792
62.799	61.922	3981.4275
62.799	64.922	4375.8542
62.799	67.922	4599.9602
62.799	70.922	5366.8599
62.799	73.922	5756.3849
62.799	76.922	6278.4266
62.799	79.922	6805.009
62.799	82.922	6885.8853
62.799	85.922	7189.901
62.799	88.922	7429.8244
62.799	91.922	7512.9258
62.799	94.922	7441.8451
62.799	97.922	7330.9316
62.799	100.922	7249.6289
62.799	103.922	7219.3658
62.799	106.922	6749.4648
62.799	109.922	6112.6521
62.799	112.922	5780.2037
62.799	115.922	5095.4647
62.799	118.922	4960.7578
62.799	121.922	4588.578
62.799	124.922	3851.0283
62.799	127.922	3630.9018
62.799	130.922	3288.5695
62.799	133.922	2996.1353
62.799	136.922	2976.6315
62.799	139.922	2571.4642
62.799	142.922	2261.8882
62.799	145.922	1863.005
62.799	148.922	1998.5567
62.799	151.922	1707.6302
62.799	154.922	1613.779
62.799	157.922	1505.58
62.799	160.922	1528.932
62.799	163.922	1370.9516
62.799	166.922	1084.665
62.799	169.922	1161.3626
62.799	172.922	1435.5321
62.799	175.922	1368.271
62.799	178.922	1264.4428
62.799	181.922	1158.5649
62.799	184.922	1128.2477
62.799	187.922	1023.8483
62.799	190.922	1127.774
62.799	193.922	938.8125
62.799	196.922	1068.3863
62.799	199.922	1294.6058
62.799	202.922	1351.6149
62.799	205.922	1122.6978
62.799	208.922	1357.3584
62.799	211.922	1647.7666
62.799	214.922	1707.0494
62.799	217.922	1844.0598
62.799	220.922	1701.5644
62.799	223.922	2050.9675
62.799	226.922	2085.6426
62.799	229.922	2260.9616
62.799	232.922	2388.2399
62.799	235.922	3022.2682
62.799	238.922	3140.6814
62.799	241.922	3601.8938
62.799	244.922	3974.2167
62.799	247.922	4338.3223
62.799	250.922	4585.0612
62.799	253.922	5125.3429
62.799	256.922	5418.4573
62.799	259.922	5952.3991
62.799	262.922	6018.8774
62.799	265.922	7266.225
62.799	268.922	7026.1682
62.799	271.922	7281.6055
62.799	274.922	7347.2903
62.799	277.922	7441.301
62.799	280.922	7515.6694
62.799	283.922	7432.1379
62.799	286.922	7224.6683
62.799	289.922	6782.129
62.799	292.922	6436.1004
62.799	295.922	6399.1373
62.799	298.922	5459.9218
62.799	301.922	5265.5078
62.799	304.922	4667.4619
62.799	307.922	4161.4066
62.799	310.922	3871.5936
62.799	313.922	3367.9476
62.799	316.922	2956.154
62.799	319.922	2833.7942
62.799	322.922	2630.3799
62.799	325.922	2297.2718
62.799	328.922	2106.2084
62.799	331.922	2038.6323
62.799	334.922	1815.8274
62.799	337.922	1798.5059
62.799	340.922	1664.9621
62.799	343.922	1476.218
62.799	346.922	1189.6952
62.799	349.922	1406.7823
62.799	352.922	1160.368
62.799	355.922	1312.8384
62.799	358.922	1081.3721
67.201	2.908	1194.4477
67.201	5.908	1085.006
67.201	8.908	1116.1601
67.201	11.908	1262.4156
67.201	14.908	1247.8877
67.201	17.908	1204.191
67.201	20.908	1589.985
67.201	23.908	1227.6967
67.201	26.908	1184.2844
67.201	29.908	1289.6993
67.201	32.908	1557.2977
67.201	35.908	1466.7932
67.201	38.908	1598.5547
67.201	41.908	1397.0898
67.201	44.908	1766.6268
67.201	47.908	1745.1444
67.201	50.908	1956.0742
67.201	53.908	2133.9941
67.201	56.908	2048.2991
67.201	59.908	2349.9154
67.201	62.908	2317.1631
67.201	65.908	2435.2312
67.201	68.908	2890.3985
67.201	71.908	3121.941
67.201	74.908	3206.2577
67.201	77.908	3349.3847
67.201	80.908	3653.932
67.201	83.908	3942.4618
67.201	86.908	3536.9742
67.201	89.908	4008.8973
67.201	92.908	4030.3352
67.201	95.908	3870.605
67.201	98.908	3957.4282
67.201	101.908	3767.8439
67.201	104.908	3881.591
67.201	107.908	3796.7877
67.201	110.908	3725.9504
67.201	113.908	3474.9398
67.201	116.908	3225.7797
67.201	119.908	3120.9701
67.201	122.908	2985.8582
67.201	125.908	2622.2834
67.201	128.908	2739.6292
67.201	131.908	2519.805
67.201	134.908	2204.5355
67.201	137.908	2136.8391
67.201	140.908	2088.1128
67.201	143.908	1984.2394
67.201	146.908	1640.7321
67.201	149.908	1603.2475
67.201	152.908	1599.284
67.201	155.908	1640.6513
67.201	158.908	1537.2577
67.201	161.908	1551.7786
67.201	164.908	1277.989
67.201	167.908	1303.539
67.201	170.908	1212.2028
67.201	173.908	1315.2024
67.201	176.908	1222.1405
67.201	179.908	1379.8154
67.201	182.908	1281.3879
67.201	185.908	1171.1417
67.201	188.908	1109.2044
67.201	191.908	1439.023
67.201	194.908	1235.9431
67.201	197.908	1639.5665
67.201	200.908	1310.0159
67.201	203.908	1194.7678
67.201	206.908	1324.6806
67.201	209.908	1524.7141
67.201	212.908	1303.3712
67.201	215.908	1501.3081
67.201	218.908	1768.3252
67.201	221.908	1650.0733
67.201	224.908	1934.8615
67.201	227.908	1903.8414
67.201	230.908	2098.0876
67.201	233.908	2208.1365
67.201	236.908	2663.5804
67.201	239.908	2370.061
67.201	242.908	2772.1697
67.201	245.908	3000.7771
67.201	248.908	3176.7472
67.201	251.908	3242.1872
67.201	254.908	3625.0662
67.201	257.908	3608.108
67.201	260.908	3972.8767
67.201	263.908	4196.7088
67.201	266.908	4494.3689
67.201	269.908	4275.3123
67.201	272.908	4457.2917
67.201	275.908	4414.1745
67.201	278.908	4565.0889
67.201	281.908	4206.2186
67.201	284.908	4303.5763
67.201	287.908	4143.7071
67.201	290.908	3850.907
67.201	293.908	3725.7141
67.201	296.908	3229.8934
67.201	299.908	3414.0367
67.201	302.908	2838.1719
67.201	305.908	2758.2351
67.201	308.908	2576.0215
67.201	311.908	2471.1911
67.201	314.908	2386.6695
67.201	317.908	2239.8257
67.201	320.908	1944.7699
67.201	323.908	1802.6836
67.201	326.908	1693.6247
67.201	329.908	1567.0438
67.201	332.908	1356.8582
67.201	335.908	1391.6336
67.201	338.908	1333.0653
67.201	341.908	1333.7019
67.201	344.908	1227.2199
67.201	347.908	1230.7474
67.201	350.908	1351.4919
67.201	353.908	1296.4309
67.201	356.908	1169.2964
67.201	359.908	1186.2217
69.999	1.415	1025.5129
69.999	4.415	826.2023
69.999	7.415	1115.5774
69.999	10.415	1285.8608
69.999	13.415	1101.0003
69.999	16.415	1166.7012
69.999	19.415	1261.8842
69.999	22.415	1165.2953
69.999	25.415	1151.4685
69.999	28.415	1339.1555
69.999	31.415	1470.3368
69.999	34.415	1483.0956
69.999	37.415	1349.1284
69.999	40.415	1474.2794
69.999	43.415	1675.3731
69.999	46.415	1596.9726
69.999	49.415	1681.6821
69.999	52.415	1755.3047
69.999	55.415	2011.9369
69.999	58.415	2035.0017
69.999	61.415	2151.3491
69.999	64.415	2365.0304
69.999	67.415	2470.9644
69.999	70.415	2492.6526
69.999	73.415	2925.6137
69.999	76.415	2911.0209
69.999	79.415	2702.5767
69.999	82.415	3091.1012
69.999	85.415	3086.9282
69.999	88.415	3262.2248
69.999	91.415	3334.4429
69.999	94.415	3511.0641
69.999	97.415	3149.0713
69.999	100.415	3350.0244
69.999	103.415	3008.5258
69.999	106.415	2912.1009
69.999	109.415	2745.8455
69.999	112.415	2680.1193
69.999	115.415	2514.9556
69.999	118.415	2696.411
69.999	121.415	2296.4456
69.999	124.415	2335.1613
69.999	127.415	1836.5065
69.999	130.415	1841.0445
69.999	133.415	1934.7922
69.999	136.415	1600.7383
69.999	139.415	1875.9744
69.999	142.415	1607.6314
69.999	145.415	1458.7265
69.999	148.415	1414.6616
69.999	151.415	1743.6517
69.999	154.415	1416.1525
69.999	157.415	1464.5836
69.999	160.415	1103.3882
69.999	163.415	1196.9898
69.999	166.415	1323.1285
69.999	169.415	1098.3621
69.999	172.415	1225.7555
69.999	175.415	1231.8914
69.999	178.415	744.1864
69.999	181.415	1165.978
69.999	184.415	1118.7497
69.999	187.415	952.1985
69.999	190.415	986.6287
69.999	193.415	1017.9278
69.999	196.415	1067.5763
69.999	199.415	1128.5153
69.999	202.415	1027.3934
69.999	205.415	1291.7208
69.999	208.415	1227.9878
69.999	211.415	1099.5041
69.999	214.415	1227.5712
69.999	217.415	1310.9511
69.999	220.415	1315.9971
69.999	223.415	1727.1062
69.999	226.415	1519.1267
69.999	229.415	1999.5395
69.999	232.415	1812.4454
69.999	235.415	1943.494
69.999	238.415	2052.6255
69.999	241.415	2058.2254
69.999	244.415	2181.8126
69.999	247.415	2373.8324
69.999	250.415	2557.1322
69.999	253.415	2652.3472
69.999	256.415	2945.1238
69.999	259.415	3091.1524
69.999	262.415	3404.2881
69.999	265.415	3695.9018
69.999	268.415	3382.2948
69.999	271.415	3250.8724
69.999	274.415	3875.1792
69.999	277.415	3750.7599
69.999	280.415	3581.1218
69.999	283.415	3424.7011
69.999	286.415	3310.3651
69.999	289.415	3523.1164
69.999	292.415	3088.676
69.999	295.415	3011.795
69.999	298.415	2930.679
69.999	301.415	2484.1093
69.999	304.415	2579.8918
69.999	307.415	2344.7523
69.999	310.415	2435.3444
69.999	313.415	1939.6597
69.999	316.415	1813.0005
69.999	319.415	1556.0434
69.999	322.415	1814.022
69.999	325.415	1491.0121
69.999	328.415	1663.178
69.999	331.415	1301.8641
69.999	334.415	1239.4379
69.999	337.415	1310.2484
69.999	340.415	1524.2505
69.999	343.415	1130.666
69.999	346.415	1172.0565
69.999	349.415	1043.939
69.999	352.415	925.9315
69.999	355.415	1021.073
69.999	358.415	1103.7032
72.799	0.879	1186.3966
72.799	3.879	1207.1221
72.799	6.879	1258.8441
72.799	9.879	1004.0206
72.799	12.879	1306.0517
72.799	15.879	1497.9919
72.799	18.879	1195.8217
72.799	21.879	1169.6154
72.799	24.879	1348.9388
72.799	27.879	1556.9829
72.799	30.879	1026.3279
72.799	33.879	1529.4272
72.799	36.879	1619.0905
72.799	39.879	1478.5667
72.799	42.879	1501.2404
72.799	45.879	1679.7749
72.799	48.879	1641.6738
72.799	51.879	1853.5948
72.799	54.879	1843.1472
72.799	57.879	1964.973
72.799	60.879	2052.9195
72.799	63.879	2200.8274
72.799	66.879	2586.7884
72.799	69.879	2679.0135
72.799	72.879	2716.2638
72.799	75.879	2793.4028
72.799	78.879	2779.9422
72.799	81.879	3179.2069
72.799	84.879	3460.3997
72.799	87.879	3205.1749
72.799	90.879	3038.5224
72.799	93.879	3085.9187
72.799	96.879	3199.8291
72.799	99.879	2789.976
72.799	102.879	3107.537
72.799	105.879	3091.5104
72.799	108.879	2605.9822
72.799	111.879	2550.1334
72.799	114.879	2529.2635
72.799	117.879	2154.0768
72.799	120.879	2234.8024
72.799	123.879	1992.5339
72.799	126.879	2204.112
72.799	129.879	2079.6024
72.799	132.879	1921.8102
72.799	135.879	1756.2922
72.799	138.879	1842.5892
72.799	141.879	1552.0637
72.799	144.879	1627.4847
72.799	147.879	1351.8343
72.799	150.879	1342.8401
72.799	153.879	1484.407
72.799	156.879	1401.9282
72.799	159.879	1257.5475
72.799	162.879	1138.4345
72.799	165.879	1274.1857
72.799	168.879	1154.787
72.799	171.879	1131.8859
72.799	174.879	1315.8016
72.799	177.879	1013.5582
72.799	180.879	1260.4208
72.799	183.879	1188.0344
72.799	186.879	1423.3864
72.799	189.879	1084.6957
72.799	192.879	1249.1607
72.799	195.879	1232.5465
72.799	198.879	1198.4453
72.799	201.879	1308.7779
72.799	204.879	1191.4628
72.799	207.879	1278.527
72.799	210.879	1320.6349
72.799	213.879	1269.3621
72.799	216.879	1241.9383
72.799	219.879	1308.73
72.799	222.879	1312.4902
72.799	225.879	1422.4111
72.799	228.879	1709.403
72.799	231.879	1697.4875
72.799	234.879	1841.4852
72.799	237.879	1763.8965
72.799	240.879	2048.1765
72.799	243.879	1997.0611
72.799	246.879	2182.5169
72.799	249.879	2131.3962
72.799	252.879	2328.9368
72.799	255.879	2606.4619
72.799	258.879	2682.2772
72.799	261.879	2751.317
72.799	264.879	3088.6789
72.799	267.879	3152.0802
72.799	270.879	3157.8351
72.799	273.879	3447.1699
72.799	276.879	3229.5037
72.799	279.879	3209.9218
72.799	282.879	3308.737
72.799	285.879	3215.9025
72.799	288.879	3586.0091
72.799	291.879	3246.6211
72.799	294.879	3034.0486
72.799	297.879	2925.4997
72.799	300.879	3055.2333
72.799	303.879	2635.6981
72.799	306.879	2731.6379
72.799	309.879	2200.8705
72.799	312.879	2251.3259
72.799	315.879	2068.0389
72.799	318.879	2043.7177
72.799	321.879	1778.1126
72.799	324.879	1717.725
72.799	327.879	1740.3193
72.799	330.879	1439.4316
72.799	333.879	1666.2938
72.799	336.879	1310.6095
72.799	339.879	1227.6253
72.799	342.879	1448.137
72.799	345.879	1240.973
72.799	348.879	1411.9066
72.799	351.879	1332.7794
72.799	354.879	1099.5798
72.799	357.879	1146.3027
77.201	1.839	1447.7498
77.201	4.839	1788.1706
77.201	7.839	1655.2313
77.201	10.839	1759.2693
77.201	13.839	1764.5703
77.201	16.839	1775.3488
77.201	19.839	1715.8019
77.201	22.839	2008.7722
77.201	25.839	1795.4573
77.201	28.839	2047.7893
77.201	31.839	2110.8296
77.201	34.839	1864.267
77.201	37.839	2114.1646
77.201	40.839	2203.4059
77.201	43.839	2455.1371
77.201	46.839	2643.1162
77.201	49.839	2518.4243
77.201	52.839	2654.349
77.201	55.839	3032.9582
77.201	58.839	3150.1569
77.201	61.839	3020.8834
77.201	64.839	3366.9315
77.201	67.839	3470.7097
77.201	70.839	3698.8253
77.201	73.839	3573.7885
77.201	76.839	3718.4511
77.201	79.839	3914.1173
77.201	82.839	3991.4544
77.201	85.839	4080.2484
77.201	88.839	4110.2702
77.201	91.839	4072.5312
77.201	94.839	4074.5989
77.201	97.839	3657.1899
77.201	100.839	3937.6511
77.201	103.839	3581.289
77.201	106.839	3514.7861
77.201	109.839	3534.0901
77.201	112.839	3127.4692
77.201	115.839	2891.3742
77.201	118.839	2524.6659
77.201	121.839	2289.882
77.201	124.839	2330.2912
77.201	127.839	2160.0715
77.201	130.839	2062.9669
77.201	133.839	1942.1001
77.201	136.839	1985.0491
77.201	139.839	1679.196
77.201	142.839	1840.1166
77.201	145.839	1793.2037
77.201	148.839	1570.9528
77.201	151.839	1461.8372
77.201	154.839	1517.0243
77.201	157.839	1329.8389
77.201	160.839	1464.8346
77.201	163.839	1424.4519
77.201	166.839	1231.7214
77.201	169.839	966.053
77.201	172.839	1075.3136
77.201	175.839	1310.1443
77.201	178.839	1077.1146
77.201	181.839	1069.6542
77.201	184.839	1262.2479
77.201	187.839	1220.125
77.201	190.839	1314.3104
77.201	193.839	1174.7658
77.201	196.839	1257.1669
77.201	199.839	1309.9186
77.201	202.839	1292.2081
77.201	205.839	1198.0755
77.201	208.839	1325.9925
77.201	211.839	1472.869
77.201	214.839	1560.5259
77.201	217.839	1565.0542
77.201	220.839	1478.1284
77.201	223.839	1422.0948
77.201	226.839	1534.6579
77.201	229.839	1704.3069
77.201	232.839	1613.3133
77.201	235.839	1685.277
77.201	238.839	1812.4589
77.201	241.839	2032.4052
77.201	244.839	2140.0281
77.201	247.839	2204.8603
77.201	250.839	2318.7142
77.201	253.839	2577.6554
77.201	256.839	2517.8905
77.201	259.839	3037.1129
77.201	262.839	2883.8959
77.201	265.839	3169.9197
77.201	268.839	3241.5647
77.201	271.839	3281.4877
77.201	274.839	3597.4745
77.201	277.839	3670.5274
77.201	280.839	3930.9157
77.201	283.839	3865.703
77.201	286.839	4097.734
77.201	289.839	4218.5067
77.201	292.839	4059.2252
77.201	295.839	3849.3738
77.201	298.839	3646.0944
77.201	301.839	3689.5588
77.201	304.839	3730.3286
77.201	307.839	3449.8018
77.201	310.839	3081.5574
77.201	313.839	3141.1359
77.201	316.839	3303.5516
77.201	319.839	2810.3428
77.201	322.839	2837.7988
77.201	325.839	2581.7602
77.201	328.839	2621.756
77.201	331.839	2314.1357
77.201	334.839	2358.0011
77.201	337.839	2125.193
77.201	340.839	2089.2232
77.201	343.839	2139.4052
77.201	346.839	2074.2708
77.201	349.839	2008.1636
77.201	352.839	1768.5558
77.201	355.839	1786.6776
77.201	358.839	1757.3435
79.998	2.848	3033.3689
79.998	5.848	2855.4893
79.998	8.848	2906.8933
79.998	11.848	3247.8271
79.998	14.848	3233.4381
79.998	17.848	3448.202
79.998	20.848	3277.5136
79.998	23.848	3236.7088
79.998	26.848	3084.6746
79.998	29.848	3389.319
79.998	32.848	3782.3379
79.998	35.848	3993.6872
79.998	38.848	3748.5802
79.998	41.848	3906.9166
79.998	44.848	3919.0555
79.998	47.848	4192.6855
79.998	50.848	4399.5791
79.998	53.848	4413.8602
79.998	56.848	4777.4218
79.998	59.848	4697.2468
79.998	62.848	4878.5787
79.998	65.848	5220.6574
79.998	68.848	5066.3747
79.998	71.848	5224.5401
79.998	74.848	5205.5256
79.998	77.848	5467.7769
79.998	80.848	5484.1895
79.998	83.848	5637.0912
79.998	86.848	5593.7786
79.998	89.848	5509.9875
79.998	92.848	5567.0068
79.998	95.848	5293.0153
79.998	98.848	5139.8443
79.998	101.848	4901.5743
79.998	104.848	4577.9779
79.998	107.848	4210.9092
79.998	110.848	4390.4791
79.998	113.848	3914.1446
79.998	116.848	3691.8959
79.998	119.848	3529.1588
79.998	122.848	3224.0434
79.998	125.848	3385.118
79.998	128.848	2922.6955
79.998	131.848	2938.4805
79.998	134.848	2628.6666
79.998	137.848	2590.1243
79.998	140.848	2554.4357
79.998	143.848	2376.5011
79.998	146.848	2436.8029
79.998	149.848	2123.0298
79.998	152.848	2234.8501
79.998	155.848	1997.2699
79.998	158.848	2187.6619
79.998	161.848	1836.2665
79.998	164.848	1871.711
79.998	167.848	1676.165
79.998	170.848	1802.5186
79.998	173.848	1706.7765
79.998	176.848	1561.5368
79.998	179.848	1496.6054
79.998	182.848	1477.6793
79.998	185.848	1783.8142
79.998	188.848	1656.274
79.998	191.848	1845.1047
79.998	194.848	1543.7319
79.998	197.848	1627.2287
79.998	200.848	1772.351
79.998	203.848	1739.0049
79.998	206.848	1766.8366
79.998	209.848	2122.244
79.998	212.848	1765.7977
79.998	215.848	1705.0323
79.998	218.848	1894.48
79.998	221.848	2285.2759
79.998	224.848	2030.1097
79.998	227.848	2255.6147
79.998	230.848	2134.2508
79.998	233.848	2463.4468
79.998	236.848	2643.7158
79.998	239.848	2825.9921
79.998	242.848	2849.6621
79.998	245.848	2783.6345
79.998	248.848	3107.8533
79.998	251.848	3353.6555
79.998	254.848	3565.392
79.998	257.848	3517.9375
79.998	260.848	4034.5396
79.998	263.848	4304.7833
79.998	266.848	4351.8119
79.998	269.848	4474.8178
79.998	272.848	4992.3462
79.998	275.848	4986.6387
79.998	278.848	5246.1016
79.998	281.848	5373.4404
79.998	284.848	5404.0081
79.998	287.848	5466.6094
79.998	290.848	5552.3906
79.998	293.848	5659.8495
79.998	296.848	5464.7995
79.998	299.848	5562.2929
79.998	302.848	5350.742
79.998	305.848	5226.7114
79.998	308.848	5127.2023
79.998	311.848	5119.395
79.998	314.848	4807.737
79.998	317.848	4958.5109
79.998	320.848	4594.3133
79.998	323.848	4372.4028
79.998	326.848	4290.6926
79.998	329.848	4113.4596
79.998	332.848	3836.7823
79.998	335.848	3826.0644
79.998	338.848	3561.8094
79.998	341.848	3477.5723
79.998	344.848	3606.1561
79.998	347.848	3352.8817
79.998	350.848	3089.579
79.998	353.848	3140.3418
79.998	356.848	3115.247
79.998	359.848	3282.7411
82.799	3	4997.87385
82.799	6	4993.71835
82.799	9	4960.86645
82.799	12	5126.4798
82.799	15	5052.07435
82.799	18	5123.8368
82.799	21	5463.34995
82.799	24	5530.2269
82.799	27	5470.8377
82.799	30	5595.64075
82.799	33	5732.8013
82.799	36	6127.7631
82.799	39	6058.55495
82.799	42	6333.1894
82.799	45	6398.86715
82.799	48	6537.222
82.799	51	6859.20775
82.799	54	6857.1659
82.799	57	6895.27005
82.799	60	6910.8391
82.799	63	7121.84785
82.799	66	7153.94495
82.799	69	7191.8219
82.799	72	7321.6949
82.799	75	7221.5414
82.799	78	7145.2621
82.799	81	7230.67765
82.799	84	7301.6064
82.799	87	6997.253
82.799	90	6979.11745
82.799	93	6645.96625
82.799	96	6456.09135
82.799	99	6373.28715
82.799	102	6120.28525
82.799	105	5972.70565
82.799	108	5837.87115
82.799	111	5567.96225
82.799	114	5380.66355
82.799	117	5033.33085
82.799	120	4895.6232
82.799	123	4494.46375
82.799	126	4358.399
82.799	129	4247.703
82.799	132	3955.0996
82.799	135	3904.7002
82.799	138	3610.79025
82.799	141	3470.38765
82.799	144	3471.8723
82.799	147	3318.91965
82.799	150	3306.31675
82.799	153	3127.1999
82.799	156	2958.22255
82.799	159	2878.169
82.799	162	2864.2469
82.799	165	2670.6808
82.799	168	2599.69925
82.799	171	2644.1045
82.799	174	2521.83995
82.799	177	2358.1278
82.799	180	2496.1613
82.799	183	2313.9923
82.799	186	2325.57615
82.799	189	2310.13295
82.799	192	2407.8966
82.799	195	2483.80095
82.799	198	2487.2838
82.799	201	2605.8055
82.799	204	2484.5287
82.799	207	2631.21895
82.799	210	2792.5514
82.799	213	2900.81105
82.799	216	2857.58225
82.799	219	3028.12335
82.799	222	3016.1642
82.799	225	3169.02135
82.799	228	3266.48625
82.799	231	3227.70275
82.799	234	3570.31985
82.799	237	3655.61955
82.799	240	3831.35105
82.799	243	3916.3538
82.799	246	4141.6421
82.799	249	4440.5171
82.799	252	4620.4655
82.799	255	4855.40675
82.799	258	4917.8339
82.799	261	5122.07805
82.799	264	5478.3951
82.799	267	5424.7621
82.799	270	5809.5757
82.799	273	6078.4145
82.799	276	6214.1355
82.799	279	6281.61435
82.799	282	6709.4411
82.799	285	6941.9335
82.799	288	6686.46265
82.799	291	7081.23965
82.799	294	6985.71455
82.799	297	6932.93745
82.799	300	6976.8163
82.799	303	6896.24585
82.799	306	7040.38795
82.799	309	7177.64045
82.799	312	6690.6266
82.799	315	6876.95665
82.799	318	6677.17385
82.799	321	6505.69675
82.799	324	6350.91295
82.799	327	6237.74275
82.799	330	5911.19415
82.799	333	6114.4426
82.799	336	5908.9867
82.799	339	6045.5277
82.799	342	5334.7589
82.799	345	5237.8697
82.799	348	5239.36235
82.799	351	5255.67255
82.799	354	5274.07195
82.799	357	5007.3941
82.799	360	5111.6046
87.201	0.27	8075.1349
87.201	3.27	8461.0905
87.201	6.27	8637.2009
87.201	9.27	8344.6193
87.201	12.27	8737.9475
87.201	15.27	9092.2866
87.201	18.27	9066.0397
87.201	21.27	9157.3568
87.201	24.27	8905.3857
87.201	27.27	9494.1487
87.201	30.27	9568.2366
87.201	33.27	9669.9293
87.201	36.27	9587.9705
87.201	39.27	9674.0794
87.201	42.27	9969.1844
87.201	45.27	9977.7742
87.201	48.27	10032.2062
87.201	51.27	9960.9605
87.201	54.27	10271.5094
87.201	57.27	10445.4663
87.201	60.27	10023.8271
87.201	63.27	10299.9374
87.201	66.27	10067.7558
87.201	69.27	9979.5652
87.201	72.27	10208.0696
87.201	75.27	9995.6203
87.201	78.27	10090.2155
87.201	81.27	10077.587
87.201	84.27	10065.9566
87.201	87.27	10245.2537
87.201	90.27	9910.3686
87.201	93.27	10123.5079
87.201	96.27	9750.2317
87.201	99.27	9724.5589
87.201	102.27	9899.4714
87.201	105.27	9672.0827
87.201	108.27	9295.0542
87.201	111.27	8975.5245
87.201	114.27	9055.3373
87.201	117.27	8862.8861
87.201	120.27	8462.3728
87.201	123.27	8429.4251
87.201	126.27	8282.8698
87.201	129.27	8181.8044
87.201	132.27	8029.0414
87.201	135.27	8045.8451
87.201	138.27	7989.309
87.201	141.27	7650.3567
87.201	144.27	7401.9775
87.201	147.27	7336.4971
87.201	150.27	7172.5278
87.201	153.27	6670.7979
87.201	156.27	6724.7969
87.201	159.27	6543.5241
87.201	162.27	6323.7661
87.201	165.27	6266.8399
87.201	168.27	6138.7338
87.201	171.27	5723.0959
87.201	174.27	5964.0564
87.201	177.27	5822.2499
87.201	180.27	5637.462
87.201	183.27	5876.9998
87.201	186.27	5909.0553
87.201	189.27	5624.363
87.201	192.27	6037.7332
87.201	195.27	6231.2728
87.201	198.27	5820.301
87.201	201.27	6039.8501
87.201	204.27	6497.2258
87.201	207.27	6014.0285
87.201	210.27	6140.808
87.201	213.27	6468.4715
87.201	216.27	6700.4831
87.201	219.27	6238.5068
87.201	222.27	6665.9203
87.201	225.27	6841.4853
87.201	228.27	7005.7008
87.201	231.27	6878.6395
87.201	234.27	6870.7296
87.201	237.27	6998.6496
87.201	240.27	7118.3304
87.201	243.27	7427.272
87.201	246.27	7411.871
87.201	249.27	7199.2273
87.201	252.27	7754.2751
87.201	255.27	7506.2557
87.201	258.27	7838.2473
87.201	261.27	8076.6238
87.201	264.27	8127.168
87.201	267.27	8004.1526
87.201	270.27	8273.2932
87.201	273.27	8230.4776
87.201	276.27	8601.1667
87.201	279.27	8637.0765
87.201	282.27	8631.0862
87.201	285.27	9032.5878
87.201	288.27	9039.3883
87.201	291.27	9037.9329
87.201	294.27	9144.1296
87.201	297.27	9279.9814
87.201	300.27	9494.4291
87.201	303.27	9361.2876
87.201	306.27	9418.0947
87.201	309.27	9316.6225
87.201	312.27	9817.8155
87.201	315.27	9258.5411
87.201	318.27	9541.5798
87.201	321.27	9557.2197
87.201	324.27	9614.5262
87.201	327.27	9422.6779
87.201	330.27	9404.0758
87.201	333.27	9094.435
87.201	336.27	9129.8651
87.201	339.27	9068.5793
87.201	342.27	9015.0989
87.201	345.27	8727.2378
87.201	348.27	8534.6563
87.201	351.27	8425.6749
87.201	354.27	8927.2197
87.201	357.27	8502.9578
89.8	3	9986.6266
89.8	6	10252.6983
89.8	9	10054.1115
89.8	12	9965.3542
89.8	15	10001.3822
89.8	18	10116.3427
89.8	21	10041.6092
89.8	24	9954.5571
89.8	27	10141.3566
89.8	30	9873.6643
89.8	33	9795.4022
89.8	36	9506.0982
89.8	39	9772.6574
89.8	42	9643.6041
89.8	45	9551.6657
89.8	48	9587.4962
89.8	51	9386.5754
89.8	54	9042.9854
89.8	57	9070.8649
89.8	60	9039.6085
89.8	63	9039.5026
89.8	66	8646.857
89.8	69	8694.0872
89.8	72	8403.1774
89.8	75	8251.1875
89.8	78	8021.8928
89.8	81	8034.1165
89.8	84	7974.7561
89.8	87	8011.7439
89.8	90	7784.9752
89.8	93	8074.1935
89.8	96	8170.8632
89.8	99	7871.3464
89.8	102	7913.3756
89.8	105	7905.9907
89.8	108	8223.7511
89.8	111	8171.4009
89.8	114	8638.3873
89.8	117	8713.559
89.8	120	8612.1996
89.8	123	9076.188
89.8	126	8975.1011
89.8	129	9130.4938
89.8	132	8943.9303
89.8	135	9187.0206
89.8	138	9061.1451
89.8	141	9078.8381
89.8	144	9568.6266
89.8	147	9558.6737
89.8	150	9512.7232
89.8	153	9446.4364
89.8	156	9568.9802
89.8	159	9405.5884
89.8	162	9539.0578
89.8	165	9394.0585
89.8	168	9647.7724
89.8	171	9768.0939
89.8	174	9791.5371
89.8	177	9585.7134
89.8	180	9847.7642
89.8	183	9510.6172
89.8	186	9658.5597
89.8	189	9524.0675
89.8	192	9508.4956
89.8	195	9740.7278
89.8	198	9590.2992
89.8	201	9631.2331
89.8	204	9289.8207
89.8	207	9409.6186
89.8	210	9634.0339
89.8	213	9341.8516
89.8	216	9523.3415
89.8	219	9418.6648
89.8	222	8924.1485
89.8	225	9317.2136
89.8	228	9315.2806
89.8	231	9129.8601
89.8	234	8761.6599
89.8	237	9209.4944
89.8	240	9101.4931
89.8	243	8902.0741
89.8	246	8566.4409
89.8	249	8717.285
89.8	252	8534.2739
89.8	255	8261.6469
89.8	258	8092.7791
89.8	261	8080.1267
89.8	264	7895.904
89.8	267	7955.5858
89.8	270	8030.5794
89.8	273	7918.5305
89.8	276	7713.6389
89.8	279	7803.5575
89.8	282	8071.5925
89.8	285	8027.2787
89.8	288	8001.4781
89.8	291	8157.133
89.8	294	8397.3615
89.8	297	8637.9444
89.8	300	9185.1676
89.8	303	8922.2346
89.8	306	8929.3159
89.8	309	9279.2429
89.8	312	9331.5866
89.8	315	9545.451
89.8	318	9281.5105
89.8	321	9613.9779
89.8	324	9827.9436
89.8	327	9785.9007
89.8	330	9539.5797
89.8	333	9811.4802
89.8	336	9838.62
89.8	339	10120.4918
89.8	342	9764.8291
89.8	345	10020.1143
89.8	348	10032.7173
89.8	351	9906.0068
89.8	354	10180.7038
89.8	357	10214.8881
89.8	360	9833.4143
