>BT8; Created QKowari;
>grid: 
>backgr: 
-4.0
0	1.35	483.9767
0	4.35	628.2473
0	7.35	450.797
0	10.35	566.1645
0	13.35	618.692
0	16.35	609.2774
0	19.35	441.9541
0	22.35	412.0129
0	25.35	589.7318
0	28.35	426.4017
0	31.35	643.9581
0	34.35	668.6977
0	37.35	1093.9827
0	40.35	862.4793
0	43.35	962.9758
0	46.35	1285.0136
0	49.35	1062.1128
0	52.35	1374.4753
0	55.35	1321.0686
0	58.35	1442.2684
0	61.35	1588.4333
0	64.35	1851.6119
0	67.35	1802.6207
0	70.35	1924.1237
0	73.35	2319.8235
0	76.35	2083.4959
0	79.35	2150.8303
0	82.35	2312.9229
0	85.35	2570.2477
0	88.35	2543.1139
0	91.35	2476.2349
0	94.35	2317.0336
0	97.35	2197.0441
0	100.35	2247.8003
0	103.35	1991.8348
0	106.35	1878.8911
0	109.35	1594.5698
0	112.35	1321.2976
0	115.35	1242.8615
0	118.35	1355.8068
0	121.35	1257.5736
0	124.35	824.7633
0	127.35	890.5225
0	130.35	895.775
0	133.35	713.4746
0	136.35	872.5285
0	139.35	562.7926
0	142.35	724.8175
0	145.35	509.3727
0	148.35	329.7534
0	151.35	443.7311
0	154.35	303.1992
0	157.35	604.361
0	160.35	373.5444
0	163.35	502.3858
0	166.35	559.6105
0	169.35	401.1202
0	172.35	604.8708
0	175.35	414.5487
0	178.35	601.876
0	181.35	736.2518
0	184.35	650.1345
0	187.35	503.3735
0	190.35	480.615
0	193.35	704.6319
0	196.35	511.6979
0	199.35	652.4528
0	202.35	566.7522
0	205.35	405.9575
0	208.35	536.0539
0	211.35	922.7831
0	214.35	543.3962
0	217.35	608.606
0	220.35	741.1673
0	223.35	753.5912
0	226.35	755.0744
0	229.35	1048.7313
0	232.35	1205.5308
0	235.35	1253.0554
0	238.35	1086.1354
0	241.35	1210.3871
0	244.35	1433.5019
0	247.35	1641.8312
0	250.35	1371.0482
0	253.35	1891.879
0	256.35	1935.717
0	259.35	1920.4357
0	262.35	2427.9936
0	265.35	2624.4624
0	268.35	2450.8763
0	271.35	2930.075
0	274.35	2733.4511
0	277.35	2580.0026
0	280.35	2885.2744
0	283.35	2485.6098
0	286.35	2376.5717
0	289.35	2239.6211
0	292.35	2153.9717
0	295.35	1784.2707
0	298.35	2026.7592
0	301.35	1947.019
0	304.35	1732.3817
0	307.35	1455.3464
0	310.35	1315.7781
0	313.35	1355.1785
0	316.35	1411.2535
0	319.35	1193.5404
0	322.35	1080.4834
0	325.35	1033.9176
0	328.35	998.6509
0	331.35	978.9034
0	334.35	707.7283
0	337.35	751.7378
0	340.35	431.5587
0	343.35	783.3332
0	346.35	390.8633
0	349.35	641.114
0	352.35	500.855
0	355.35	563.2791
0	358.35	487.8286
2.26	0.537	113.3292
2.26	3.537	99.0454
2.26	6.537	103.2657
2.26	9.537	356.8121
2.26	12.537	84.6365
2.26	15.537	231.7392
2.26	18.537	312.5272
2.26	21.537	396.656
2.26	24.537	417.1629
2.26	27.537	231.3381
2.26	30.537	332.5848
2.26	33.537	323.6429
2.26	36.537	594.0203
2.26	39.537	547.8835
2.26	42.537	662.7031
2.26	45.537	700.788
2.26	48.537	751.4487
2.26	51.537	634.9407
2.26	54.537	858.1773
2.26	57.537	924.108
2.26	60.537	735.9556
2.26	63.537	1037.0387
2.26	66.537	905.8992
2.26	69.537	911.7612
2.26	72.537	949.0037
2.26	75.537	1117.485
2.26	78.537	1046.1487
2.26	81.537	1071.356
2.26	84.537	1447.0756
2.26	87.537	853.0397
2.26	90.537	1099.0251
2.26	93.537	1384.9311
2.26	96.537	1104.439
2.26	99.537	1354.8185
2.26	102.537	1121.9516
2.26	105.537	967.7253
2.26	108.537	806.7955
2.26	111.537	813.3081
2.26	114.537	813.2977
2.26	117.537	517.5605
2.26	120.537	475.4657
2.26	123.537	657.7786
2.26	126.537	672.7807
2.26	129.537	419.731
2.26	132.537	429.2251
2.26	135.537	130.7368
2.26	138.537	367.6024
2.26	141.537	199.5252
2.26	144.537	513.6795
2.26	147.537	405.0309
2.26	150.537	492.4311
2.26	153.537	270.0337
2.26	156.537	49.1769
2.26	159.537	415.0506
2.26	162.537	38.8253
2.26	165.537	557.3952
2.26	168.537	393.4739
2.26	171.537	477.1667
2.26	174.537	418.4208
2.26	177.537	415.5079
2.26	180.537	445.2673
2.26	183.537	514.8842
2.26	186.537	388.0931
2.26	189.537	391.9894
2.26	192.537	524.2184
2.26	195.537	455.0345
2.26	198.537	411.5447
2.26	201.537	425.3038
2.26	204.537	379.8227
2.26	207.537	375.9586
2.26	210.537	334.504
2.26	213.537	416.2191
2.26	216.537	360.8929
2.26	219.537	316.6737
2.26	222.537	589.2094
2.26	225.537	414.3872
2.26	228.537	746.8138
2.26	231.537	589.1026
2.26	234.537	676.1794
2.26	237.537	756.871
2.26	240.537	559.4008
2.26	243.537	838.9308
2.26	246.537	1175.8193
2.26	249.537	1158.3685
2.26	252.537	953.0401
2.26	255.537	1250.512
2.26	258.537	1267.035
2.26	261.537	1368.8355
2.26	264.537	1596.2074
2.26	267.537	1734.1414
2.26	270.537	1780.2695
2.26	273.537	1964.8659
2.26	276.537	1737.3689
2.26	279.537	1762.1536
2.26	282.537	1805.848
2.26	285.537	1515.1638
2.26	288.537	1691.7092
2.26	291.537	1516.9051
2.26	294.537	1325.5983
2.26	297.537	1184.6892
2.26	300.537	1186.9512
2.26	303.537	1073.3594
2.26	306.537	843.627
2.26	309.537	983.7141
2.26	312.537	1053.2507
2.26	315.537	748.4559
2.26	318.537	1018.7269
2.26	321.537	692.6221
2.26	324.537	670.2546
2.26	327.537	687.7622
2.26	330.537	736.0009
2.26	333.537	389.8903
2.26	336.537	500.3091
2.26	339.537	447.59
2.26	342.537	394.7667
2.26	345.537	506.4826
2.26	348.537	543.3155
2.26	351.537	480.0832
2.26	354.537	164.129
2.26	357.537	329.5845
7.737	1.525	244.3045
7.737	4.525	142.4333
7.737	7.525	262.55005
7.737	10.525	291.22595
7.737	13.525	168.50365
7.737	16.525	330.70575
7.737	19.525	203.38225
7.737	22.525	275.54065
7.737	25.525	367.7139
7.737	28.525	330.9337
7.737	31.525	500.7491
7.737	34.525	546.55945
7.737	37.525	558.6947
7.737	40.525	679.63555
7.737	43.525	819.81575
7.737	46.525	823.4917
7.737	49.525	936.5593
7.737	52.525	901.9055
7.737	55.525	983.8527
7.737	58.525	959.36165
7.737	61.525	1224.7254
7.737	64.525	1181.9516
7.737	67.525	1022.19
7.737	70.525	1244.25125
7.737	73.525	1021.4289
7.737	76.525	1261.862
7.737	79.525	1354.31675
7.737	82.525	1314.27095
7.737	85.525	1280.158
7.737	88.525	1357.3797
7.737	91.525	1187.1438
7.737	94.525	1274.6475
7.737	97.525	1262.8812
7.737	100.525	1357.94615
7.737	103.525	1229.0624
7.737	106.525	1002.39645
7.737	109.525	1017.77615
7.737	112.525	1115.03205
7.737	115.525	1008.796
7.737	118.525	1049.2641
7.737	121.525	919.9723
7.737	124.525	817.83935
7.737	127.525	834.0261
7.737	130.525	782.42045
7.737	133.525	745.06885
7.737	136.525	574.73895
7.737	139.525	610.3601
7.737	142.525	412.4826
7.737	145.525	442.2321
7.737	148.525	527.0359
7.737	151.525	410.051
7.737	154.525	418.36245
7.737	157.525	310.64925
7.737	160.525	169.4366
7.737	163.525	255.0964
7.737	166.525	250.67325
7.737	169.525	244.13445
7.737	172.525	329.53705
7.737	175.525	291.4626
7.737	178.525	186.2777
7.737	181.525	253.55605
7.737	184.525	272.25665
7.737	187.525	249.55145
7.737	190.525	217.95385
7.737	193.525	219.5942
7.737	196.525	285.12635
7.737	199.525	219.6634
7.737	202.525	178.9401
7.737	205.525	214.31695
7.737	208.525	194.3603
7.737	211.525	480.65395
7.737	214.525	605.3625
7.737	217.525	435.7614
7.737	220.525	532.8828
7.737	223.525	681.55885
7.737	226.525	813.0555
7.737	229.525	784.66125
7.737	232.525	829.54485
7.737	235.525	1028.777
7.737	238.525	1008.61835
7.737	241.525	992.4776
7.737	244.525	1216.2839
7.737	247.525	1254.64425
7.737	250.525	1357.8022
7.737	253.525	1265.77155
7.737	256.525	1424.6359
7.737	259.525	1397.55295
7.737	262.525	1692.8026
7.737	265.525	1400.7743
7.737	268.525	1673.9964
7.737	271.525	1547.29955
7.737	274.525	1639.24235
7.737	277.525	1548.6897
7.737	280.525	1573.1646
7.737	283.525	1455.1572
7.737	286.525	1299.31935
7.737	289.525	1262.1724
7.737	292.525	1238.4026
7.737	295.525	1103.43475
7.737	298.525	972.29895
7.737	301.525	1051.2403
7.737	304.525	966.3725
7.737	307.525	891.11465
7.737	310.525	980.0072
7.737	313.525	850.692
7.737	316.525	911.48635
7.737	319.525	816.118
7.737	322.525	776.7415
7.737	325.525	682.58325
7.737	328.525	515.32645
7.737	331.525	477.7486
7.737	334.525	431.79615
7.737	337.525	295.86375
7.737	340.525	291.28905
7.737	343.525	206.56
7.737	346.525	317.6476
7.737	349.525	111.7579
7.737	352.525	265.50645
7.737	355.525	170.1596
7.737	358.525	154.3143
9.996	0.325	743.0344
9.996	3.325	602.7016
9.996	6.325	702.9367
9.996	9.325	846.5675
9.996	12.325	711.0329
9.996	15.325	900.2368
9.996	18.325	995.3304
9.996	21.325	713.731
9.996	24.325	1078.874
9.996	27.325	808.295
9.996	30.325	1046.5327
9.996	33.325	1143.9992
9.996	36.325	1178.2981
9.996	39.325	1151.5259
9.996	42.325	1240.3732
9.996	45.325	1399.1823
9.996	48.325	1123.0251
9.996	51.325	1212.1739
9.996	54.325	1269.8177
9.996	57.325	1058.3228
9.996	60.325	1164.1108
9.996	63.325	1177.2046
9.996	66.325	975.4351
9.996	69.325	1195.961
9.996	72.325	984.1758
9.996	75.325	1199.0898
9.996	78.325	952.3465
9.996	81.325	1198.929
9.996	84.325	912.438
9.996	87.325	1238.0197
9.996	90.325	958.4814
9.996	93.325	967.4227
9.996	96.325	1128.9625
9.996	99.325	858.6724
9.996	102.325	851.4021
9.996	105.325	826.853
9.996	108.325	783.1758
9.996	111.325	756.6939
9.996	114.325	872.3803
9.996	117.325	774.7367
9.996	120.325	631.1482
9.996	123.325	909.8412
9.996	126.325	831.9085
9.996	129.325	810.4039
9.996	132.325	755.0783
9.996	135.325	704.6802
9.996	138.325	643.7017
9.996	141.325	733.4498
9.996	144.325	556.4939
9.996	147.325	631.5484
9.996	150.325	690.0801
9.996	153.325	470.5492
9.996	156.325	604.6125
9.996	159.325	550.4633
9.996	162.325	554.0755
9.996	165.325	656.4882
9.996	168.325	482.3868
9.996	171.325	707.9213
9.996	174.325	383.8895
9.996	177.325	684.5634
9.996	180.325	617.6411
9.996	183.325	606.0127
9.996	186.325	590.7241
9.996	189.325	654.8736
9.996	192.325	515.6077
9.996	195.325	528.5281
9.996	198.325	422.6926
9.996	201.325	567.9386
9.996	204.325	554.8361
9.996	207.325	631.5205
9.996	210.325	826.0397
9.996	213.325	788.3927
9.996	216.325	909.0821
9.996	219.325	833.8359
9.996	222.325	1068.7578
9.996	225.325	846.8466
9.996	228.325	978.8953
9.996	231.325	977.1055
9.996	234.325	1137.5708
9.996	237.325	1085.366
9.996	240.325	998.5355
9.996	243.325	1007.2514
9.996	246.325	1176.2655
9.996	249.325	1279.8534
9.996	252.325	1227.7555
9.996	255.325	1496.0256
9.996	258.325	1224.9528
9.996	261.325	1233.1249
9.996	264.325	1104.6546
9.996	267.325	975.9958
9.996	270.325	1231.4818
9.996	273.325	1155.6278
9.996	276.325	1388.0917
9.996	279.325	1193.6632
9.996	282.325	1093.9135
9.996	285.325	1082.4027
9.996	288.325	1078.2373
9.996	291.325	1181.3583
9.996	294.325	1271.4178
9.996	297.325	1240.8765
9.996	300.325	990.8515
9.996	303.325	1132.4218
9.996	306.325	959.3173
9.996	309.325	1105.6115
9.996	312.325	1312.6082
9.996	315.325	920.8662
9.996	318.325	1391.7685
9.996	321.325	1125.5947
9.996	324.325	1060.9221
9.996	327.325	894.828
9.996	330.325	978.2046
9.996	333.325	1033.893
9.996	336.325	910.4953
9.996	339.325	789.7043
9.996	342.325	725.0225
9.996	345.325	737.8727
9.996	348.325	855.595
9.996	351.325	747.6284
9.996	354.325	766.1274
9.996	357.325	687.1584
12.257	2.504	1137.325
12.257	5.504	1246.952
12.257	8.504	1163.6271
12.257	11.504	1229.9726
12.257	14.504	1250.8733
12.257	17.504	1103.9068
12.257	20.504	1379.1739
12.257	23.504	1252.6942
12.257	26.504	1176.5409
12.257	29.504	1354.4581
12.257	32.504	1330.6149
12.257	35.504	1328.2342
12.257	38.504	1290.8836
12.257	41.504	1345.2071
12.257	44.504	1311.9816
12.257	47.504	1302.403
12.257	50.504	1449.8103
12.257	53.504	1398.6979
12.257	56.504	1227.7228
12.257	59.504	1035.883
12.257	62.504	1097.6006
12.257	65.504	1143.6731
12.257	68.504	1153.6939
12.257	71.504	1056.5343
12.257	74.504	1107.2905
12.257	77.504	1123.6869
12.257	80.504	1024.6369
12.257	83.504	939.8934
12.257	86.504	1130.9697
12.257	89.504	960.8656
12.257	92.504	884.4957
12.257	95.504	710.7279
12.257	98.504	746.6217
12.257	101.504	670.6125
12.257	104.504	704.0218
12.257	107.504	710.7726
12.257	110.504	749.0212
12.257	113.504	599.6301
12.257	116.504	551.7629
12.257	119.504	636.1502
12.257	122.504	581.1705
12.257	125.504	810.564
12.257	128.504	511.4306
12.257	131.504	908.7314
12.257	134.504	567.614
12.257	137.504	662.9356
12.257	140.504	692.2272
12.257	143.504	759.4375
12.257	146.504	598.8047
12.257	149.504	623.3037
12.257	152.504	731.392
12.257	155.504	671.088
12.257	158.504	523.851
12.257	161.504	513.377
12.257	164.504	649.7027
12.257	167.504	471.2862
12.257	170.504	531.7204
12.257	173.504	536.4231
12.257	176.504	688.4813
12.257	179.504	621.8208
12.257	182.504	643.7174
12.257	185.504	664.8833
12.257	188.504	645.9463
12.257	191.504	567.1103
12.257	194.504	628.2775
12.257	197.504	596.9235
12.257	200.504	651.2595
12.257	203.504	675.3586
12.257	206.504	632.597
12.257	209.504	539.5867
12.257	212.504	735.0666
12.257	215.504	712.2064
12.257	218.504	700.9492
12.257	221.504	773.2999
12.257	224.504	760.8981
12.257	227.504	808.8031
12.257	230.504	743.2137
12.257	233.504	838.7582
12.257	236.504	812.0135
12.257	239.504	851.0618
12.257	242.504	890.1754
12.257	245.504	888.7436
12.257	248.504	873.8372
12.257	251.504	887.7609
12.257	254.504	699.8271
12.257	257.504	1040.5119
12.257	260.504	961.4605
12.257	263.504	986.9625
12.257	266.504	1162.447
12.257	269.504	704.0977
12.257	272.504	1130.1212
12.257	275.504	1055.0022
12.257	278.504	1230.0357
12.257	281.504	1195.8755
12.257	284.504	974.8581
12.257	287.504	979.2026
12.257	290.504	1051.7217
12.257	293.504	957.3909
12.257	296.504	1127.0222
12.257	299.504	944.8775
12.257	302.504	950.9928
12.257	305.504	1197.6314
12.257	308.504	1189.3989
12.257	311.504	1102.4295
12.257	314.504	1167.6082
12.257	317.504	1208.9179
12.257	320.504	1333.9782
12.257	323.504	1099.0794
12.257	326.504	1256.4335
12.257	329.504	1274.0709
12.257	332.504	1307.7461
12.257	335.504	1227.4412
12.257	338.504	1186.2589
12.257	341.504	1300.0871
12.257	344.504	1316.1844
12.257	347.504	1222.786
12.257	350.504	1179.6746
12.257	353.504	1132.3816
12.257	356.504	1077.4925
12.257	359.504	1228.0858
17.733	0.465	1866.7982
17.733	3.465	1711.9439
17.733	6.465	1750.2005
17.733	9.465	1670.4905
17.733	12.465	1863.1606
17.733	15.465	1645.7131
17.733	18.465	1790.9227
17.733	21.465	1789.604
17.733	24.465	1776.7664
17.733	27.465	2118.1946
17.733	30.465	1937.3405
17.733	33.465	1842.6934
17.733	36.465	1680.2831
17.733	39.465	1915.9823
17.733	42.465	1640.1546
17.733	45.465	1540.1111
17.733	48.465	1630.9481
17.733	51.465	1636.1927
17.733	54.465	1609.0196
17.733	57.465	1291.8021
17.733	60.465	1433.1585
17.733	63.465	1158.6458
17.733	66.465	1299.7347
17.733	69.465	1178.2969
17.733	72.465	1057.1658
17.733	75.465	1013.6057
17.733	78.465	1097.8306
17.733	81.465	922.9993
17.733	84.465	871.9215
17.733	87.465	1045.3331
17.733	90.465	900.0691
17.733	93.465	1007.9737
17.733	96.465	837.8668
17.733	99.465	1055.044
17.733	102.465	748.5865
17.733	105.465	980.9325
17.733	108.465	1087.969
17.733	111.465	693.3037
17.733	114.465	964.4332
17.733	117.465	1011.4018
17.733	120.465	901.7014
17.733	123.465	762.4255
17.733	126.465	963.3574
17.733	129.465	1257.2795
17.733	132.465	1100.0421
17.733	135.465	971.5502
17.733	138.465	1008.9702
17.733	141.465	1184.4136
17.733	144.465	919.3422
17.733	147.465	873.2539
17.733	150.465	729.2781
17.733	153.465	940.6608
17.733	156.465	809.9018
17.733	159.465	1130.2434
17.733	162.465	776.3943
17.733	165.465	842.5102
17.733	168.465	822.3051
17.733	171.465	799.1483
17.733	174.465	977.6613
17.733	177.465	594.0174
17.733	180.465	782.8012
17.733	183.465	820.6341
17.733	186.465	706.1914
17.733	189.465	724.1421
17.733	192.465	875.3049
17.733	195.465	939.2698
17.733	198.465	980.0869
17.733	201.465	714.6412
17.733	204.465	863.1
17.733	207.465	862.7392
17.733	210.465	923.7538
17.733	213.465	1140.5606
17.733	216.465	1022.7266
17.733	219.465	1261.0994
17.733	222.465	1378.2083
17.733	225.465	1171.8426
17.733	228.465	1176.5314
17.733	231.465	1209.0898
17.733	234.465	1376.8502
17.733	237.465	1256.3161
17.733	240.465	1157.9659
17.733	243.465	1314.8403
17.733	246.465	1200.1255
17.733	249.465	1073.3688
17.733	252.465	1313.8663
17.733	255.465	1022.1289
17.733	258.465	1377.2759
17.733	261.465	1058.3777
17.733	264.465	1041.8622
17.733	267.465	1201.4643
17.733	270.465	1195.3394
17.733	273.465	1011.1031
17.733	276.465	990.3317
17.733	279.465	1167.1077
17.733	282.465	1043.1164
17.733	285.465	1142.0029
17.733	288.465	935.6829
17.733	291.465	1166.9804
17.733	294.465	1349.0182
17.733	297.465	1328.5607
17.733	300.465	997.4054
17.733	303.465	1229.1434
17.733	306.465	1250.5899
17.733	309.465	1506.297
17.733	312.465	1405.2052
17.733	315.465	1527.4417
17.733	318.465	1522.117
17.733	321.465	1469.2779
17.733	324.465	1775.8509
17.733	327.465	1767.6678
17.733	330.465	1819.0997
17.733	333.465	1690.3103
17.733	336.465	1811.5607
17.733	339.465	1765.09
17.733	342.465	2007.7144
17.733	345.465	1691.8785
17.733	348.465	1774.7987
17.733	351.465	1669.111
17.733	354.465	1775.8435
17.733	357.465	1782.5728
19.991	2.244	5124.8325
19.991	5.244	5466.0927
19.991	8.244	5304.5019
19.991	11.244	5044.1501
19.991	14.244	5483.0109
19.991	17.244	5231.5407
19.991	20.244	5318.6991
19.991	23.244	5197.7934
19.991	26.244	5160.9282
19.991	29.244	5127.5909
19.991	32.244	5026.7706
19.991	35.244	4689.5024
19.991	38.244	4506.0821
19.991	41.244	4250.5944
19.991	44.244	4201.8766
19.991	47.244	3649.6083
19.991	50.244	3600.2822
19.991	53.244	3079.9076
19.991	56.244	3050.0105
19.991	59.244	2713.4835
19.991	62.244	2901.7738
19.991	65.244	2361.0897
19.991	68.244	2453.6649
19.991	71.244	2238.2268
19.991	74.244	2076.2016
19.991	77.244	1871.4423
19.991	80.244	1838.5769
19.991	83.244	1627.8404
19.991	86.244	1378.8498
19.991	89.244	1443.0321
19.991	92.244	1756.5723
19.991	95.244	1645.8481
19.991	98.244	1565.6986
19.991	101.244	1625.3561
19.991	104.244	1711.032
19.991	107.244	1615.9517
19.991	110.244	1795.4673
19.991	113.244	1974.4151
19.991	116.244	1736.5081
19.991	119.244	1786.7335
19.991	122.244	2347.5479
19.991	125.244	2087.578
19.991	128.244	2275.7479
19.991	131.244	2218.596
19.991	134.244	1989.3189
19.991	137.244	2330.3166
19.991	140.244	2401.1337
19.991	143.244	2248.1197
19.991	146.244	2524.8145
19.991	149.244	2407.637
19.991	152.244	2477.5616
19.991	155.244	2449.6921
19.991	158.244	2652.8785
19.991	161.244	2257.725
19.991	164.244	2650.2034
19.991	167.244	2533.0431
19.991	170.244	2229.5268
19.991	173.244	2376.1226
19.991	176.244	2592.691
19.991	179.244	2600.337
19.991	182.244	2394.0363
19.991	185.244	2560.4958
19.991	188.244	2714.6468
19.991	191.244	2676.1637
19.991	194.244	2897.3236
19.991	197.244	2735.1454
19.991	200.244	2738.7094
19.991	203.244	2679.2392
19.991	206.244	2693.8088
19.991	209.244	2727.3286
19.991	212.244	2680.2672
19.991	215.244	2787.0235
19.991	218.244	2787.6631
19.991	221.244	2935.2556
19.991	224.244	2462.846
19.991	227.244	2709.8187
19.991	230.244	2467.058
19.991	233.244	2565.8467
19.991	236.244	2384.1044
19.991	239.244	2331.1065
19.991	242.244	2374.9147
19.991	245.244	2363.9765
19.991	248.244	2431.8119
19.991	251.244	2195.3144
19.991	254.244	2187.1232
19.991	257.244	1921.2432
19.991	260.244	2071.3354
19.991	263.244	1808.2228
19.991	266.244	1645.1262
19.991	269.244	1720.6238
19.991	272.244	1710.1504
19.991	275.244	1583.5956
19.991	278.244	1765.8047
19.991	281.244	1786.8673
19.991	284.244	1809.7196
19.991	287.244	1877.3521
19.991	290.244	1972.4892
19.991	293.244	2085.4388
19.991	296.244	2339.2327
19.991	299.244	2207.1204
19.991	302.244	2420.9284
19.991	305.244	2495.5016
19.991	308.244	2767.9291
19.991	311.244	2819.3099
19.991	314.244	3066.357
19.991	317.244	3121.0582
19.991	320.244	3313.0164
19.991	323.244	3431.0707
19.991	326.244	3692.0262
19.991	329.244	3885.8259
19.991	332.244	4218.531
19.991	335.244	3983.2871
19.991	338.244	4402.0442
19.991	341.244	4684.3227
19.991	344.244	4678.8468
19.991	347.244	4859.1601
19.991	350.244	4873.6846
19.991	353.244	4779.6594
19.991	356.244	5310.9808
19.991	359.244	5264.3763
22.253	1.42	7765.8884
22.253	4.42	7702.121
22.253	7.42	7627.725
22.253	10.42	7704.9497
22.253	13.42	7513.919
22.253	16.42	8097.7464
22.253	19.42	7561.8466
22.253	22.42	7190.781
22.253	25.42	6918.1384
22.253	28.42	7047.178
22.253	31.42	6552.0839
22.253	34.42	6369.6972
22.253	37.42	6014.6292
22.253	40.42	5594.2313
22.253	43.42	5149.1083
22.253	46.42	5033.1642
22.253	49.42	4542.8093
22.253	52.42	4306.8934
22.253	55.42	3881.9168
22.253	58.42	3617.1286
22.253	61.42	3410.5063
22.253	64.42	3111.3921
22.253	67.42	2706.6235
22.253	70.42	2627.4702
22.253	73.42	2246.4842
22.253	76.42	2069.3667
22.253	79.42	1758.6251
22.253	82.42	1968.6069
22.253	85.42	1959.8559
22.253	88.42	1677.3899
22.253	91.42	1492.7574
22.253	94.42	1865.9478
22.253	97.42	1640.3226
22.253	100.42	1635.3894
22.253	103.42	1758.9481
22.253	106.42	2146.888
22.253	109.42	2336.2482
22.253	112.42	2358.1878
22.253	115.42	2138.5988
22.253	118.42	2477.4299
22.253	121.42	2729.4408
22.253	124.42	2678.7527
22.253	127.42	2782.5933
22.253	130.42	3053.7339
22.253	133.42	3446.5023
22.253	136.42	3515.2996
22.253	139.42	3545.5558
22.253	142.42	3629.2135
22.253	145.42	3734.5533
22.253	148.42	4030.8181
22.253	151.42	4074.9522
22.253	154.42	4020.2334
22.253	157.42	4022.1909
22.253	160.42	4390.4511
22.253	163.42	4343.3129
22.253	166.42	4556.1143
22.253	169.42	4782.3263
22.253	172.42	4566.1787
22.253	175.42	4550.6029
22.253	178.42	4891.2948
22.253	181.42	4827.5639
22.253	184.42	5258.7855
22.253	187.42	5048.1173
22.253	190.42	5082.4963
22.253	193.42	5227.7464
22.253	196.42	5298.2164
22.253	199.42	4934.3953
22.253	202.42	5086.0745
22.253	205.42	4789.9733
22.253	208.42	4530.0573
22.253	211.42	4804.3505
22.253	214.42	4818.6111
22.253	217.42	4599.7658
22.253	220.42	4393.0908
22.253	223.42	4573.3935
22.253	226.42	4132.9889
22.253	229.42	3847.6669
22.253	232.42	3731.9628
22.253	235.42	3385.3502
22.253	238.42	3700.4686
22.253	241.42	3273.5881
22.253	244.42	2966.8503
22.253	247.42	2870.6604
22.253	250.42	2638.9586
22.253	253.42	2544.9646
22.253	256.42	2503.4933
22.253	259.42	2273.207
22.253	262.42	2027.6221
22.253	265.42	2005.0342
22.253	268.42	1956.0664
22.253	271.42	1765.282
22.253	274.42	1777.9514
22.253	277.42	1638.5929
22.253	280.42	1980.4899
22.253	283.42	1951.4838
22.253	286.42	1993.9585
22.253	289.42	2173.4739
22.253	292.42	2282.6676
22.253	295.42	2309.0179
22.253	298.42	2688.0477
22.253	301.42	3148.4216
22.253	304.42	3079.6436
22.253	307.42	3557.15
22.253	310.42	3802.7818
22.253	313.42	4119.0049
22.253	316.42	4114.5758
22.253	319.42	4266.8995
22.253	322.42	4600.9454
22.253	325.42	4687.2141
22.253	328.42	5283.2694
22.253	331.42	5644.9268
22.253	334.42	5512.0474
22.253	337.42	5916.2562
22.253	340.42	5999.9904
22.253	343.42	6368.6316
22.253	346.42	6691.3983
22.253	349.42	6810.224
22.253	352.42	7046.1581
22.253	355.42	7127.6123
22.253	358.42	7355.6866
27.729	2.348	6221.458
27.729	5.348	6714.3979
27.729	8.348	6621.12
27.729	11.348	6697.707
27.729	14.348	6579.3266
27.729	17.348	6134.7864
27.729	20.348	5904.6098
27.729	23.348	5788.9151
27.729	26.348	5145.8379
27.729	29.348	4963.4341
27.729	32.348	4967.7476
27.729	35.348	4417.8368
27.729	38.348	4342.6186
27.729	41.348	3726.5867
27.729	44.348	3863.3619
27.729	47.348	3850.8617
27.729	50.348	3443.5075
27.729	53.348	3171.6445
27.729	56.348	3182.6273
27.729	59.348	2649.1261
27.729	62.348	2707.6185
27.729	65.348	2431.1472
27.729	68.348	2371.9958
27.729	71.348	2129.2451
27.729	74.348	1894.9048
27.729	77.348	1970.9363
27.729	80.348	1772.1654
27.729	83.348	1563.4468
27.729	86.348	1623.2307
27.729	89.348	1456.0979
27.729	92.348	1454.2472
27.729	95.348	1345.2453
27.729	98.348	1524.9689
27.729	101.348	1629.6814
27.729	104.348	1696.1935
27.729	107.348	1764.2571
27.729	110.348	1908.2096
27.729	113.348	2089.5997
27.729	116.348	2050.9569
27.729	119.348	2647.1739
27.729	122.348	2617.1989
27.729	125.348	2892.8352
27.729	128.348	2679.7047
27.729	131.348	3079.4009
27.729	134.348	3281.8928
27.729	137.348	3281.8625
27.729	140.348	3688.3832
27.729	143.348	3903.9598
27.729	146.348	3877.2228
27.729	149.348	3879.5204
27.729	152.348	4478.7442
27.729	155.348	4369.4794
27.729	158.348	4556.2533
27.729	161.348	5012.3626
27.729	164.348	5336.9621
27.729	167.348	5196.1498
27.729	170.348	5544.4183
27.729	173.348	5573.3617
27.729	176.348	5627.3672
27.729	179.348	5873.0828
27.729	182.348	5873.614
27.729	185.348	5887.5455
27.729	188.348	5771.9339
27.729	191.348	5943.3283
27.729	194.348	6277.8631
27.729	197.348	6013.3252
27.729	200.348	5579.3368
27.729	203.348	5642.0085
27.729	206.348	5501.2666
27.729	209.348	5576.2113
27.729	212.348	5527.5605
27.729	215.348	5110.7184
27.729	218.348	4567.0979
27.729	221.348	4778.4606
27.729	224.348	4421.0942
27.729	227.348	4179.5826
27.729	230.348	3818.5271
27.729	233.348	4107.3926
27.729	236.348	3565.8135
27.729	239.348	3068.7406
27.729	242.348	3105.0213
27.729	245.348	2783.2415
27.729	248.348	2402.6484
27.729	251.348	2571.5579
27.729	254.348	2480.7639
27.729	257.348	1871.3597
27.729	260.348	2142.6327
27.729	263.348	1898.1897
27.729	266.348	1587.0237
27.729	269.348	1511.5236
27.729	272.348	1525.9172
27.729	275.348	1474.7172
27.729	278.348	1580.6095
27.729	281.348	1649.3277
27.729	284.348	1598.3581
27.729	287.348	1762.5032
27.729	290.348	2047.1371
27.729	293.348	2059.2165
27.729	296.348	2150.9087
27.729	299.348	2361.9696
27.729	302.348	2598.783
27.729	305.348	2652.0067
27.729	308.348	2896.1822
27.729	311.348	3029.1914
27.729	314.348	3457.8573
27.729	317.348	3684.2824
27.729	320.348	3594.2825
27.729	323.348	3601.4412
27.729	326.348	3964.3275
27.729	329.348	4034.0169
27.729	332.348	4396.5514
27.729	335.348	4419.6609
27.729	338.348	5031.9076
27.729	341.348	5008.5381
27.729	344.348	5594.3326
27.729	347.348	5554.2506
27.729	350.348	5883.6017
27.729	353.348	5948.0059
27.729	356.348	6081.1102
27.729	359.348	6158.4437
29.986	1.095	5768.3236
29.986	4.095	5508.5104
29.986	7.095	5528.77
29.986	10.095	5473.3407
29.986	13.095	5424.7607
29.986	16.095	5422.7308
29.986	19.095	5293.051
29.986	22.095	4715.5109
29.986	25.095	4655.9061
29.986	28.095	4422.3913
29.986	31.095	4080.7425
29.986	34.095	3965.6719
29.986	37.095	3779.2362
29.986	40.095	3523.7431
29.986	43.095	3296.6741
29.986	46.095	3189.5138
29.986	49.095	3013.2664
29.986	52.095	3054.7149
29.986	55.095	2959.0369
29.986	58.095	2457.2286
29.986	61.095	2567.6525
29.986	64.095	2411.5242
29.986	67.095	2378.1848
29.986	70.095	2080.926
29.986	73.095	2094.4596
29.986	76.095	1893.5502
29.986	79.095	1820.5797
29.986	82.095	1863.4762
29.986	85.095	1842.1049
29.986	88.095	1629.6895
29.986	91.095	1461.6482
29.986	94.095	1610.9464
29.986	97.095	1923.4102
29.986	100.095	1716.7989
29.986	103.095	1975.3824
29.986	106.095	2019.7001
29.986	109.095	2284.3525
29.986	112.095	2217.9947
29.986	115.095	2320.9955
29.986	118.095	2561.3427
29.986	121.095	2825.957
29.986	124.095	2774.8779
29.986	127.095	2894.9478
29.986	130.095	3427.9215
29.986	133.095	3679.3699
29.986	136.095	3518.3147
29.986	139.095	3843.2554
29.986	142.095	4313.8283
29.986	145.095	4571.378
29.986	148.095	4666.1233
29.986	151.095	4942.0916
29.986	154.095	5283.8757
29.986	157.095	5521.1342
29.986	160.095	5707.9566
29.986	163.095	6097.4821
29.986	166.095	6713.1768
29.986	169.095	6746.8313
29.986	172.095	7156.766
29.986	175.095	7155.7252
29.986	178.095	7516.1514
29.986	181.095	7509.8401
29.986	184.095	7894.539
29.986	187.095	7706.4335
29.986	190.095	7758.4746
29.986	193.095	7651.5674
29.986	196.095	7818.196
29.986	199.095	7578.89
29.986	202.095	7428.5349
29.986	205.095	7153.0479
29.986	208.095	6654.8227
29.986	211.095	6815.3552
29.986	214.095	6369.2594
29.986	217.095	6174.556
29.986	220.095	5532.835
29.986	223.095	5174.7505
29.986	226.095	5129.8026
29.986	229.095	4430.3047
29.986	232.095	4281.0677
29.986	235.095	3813.373
29.986	238.095	3752.0499
29.986	241.095	3503.8205
29.986	244.095	3119.3631
29.986	247.095	3031.1419
29.986	250.095	2618.6274
29.986	253.095	2659.9401
29.986	256.095	2183.8021
29.986	259.095	2476.2008
29.986	262.095	2074.1714
29.986	265.095	1883.2855
29.986	268.095	1969.7138
29.986	271.095	1899.5904
29.986	274.095	1763.6132
29.986	277.095	1965.3868
29.986	280.095	1802.1702
29.986	283.095	1678.5975
29.986	286.095	1896.04
29.986	289.095	1809.9378
29.986	292.095	2323.1578
29.986	295.095	2073.8852
29.986	298.095	2340.1833
29.986	301.095	2418.6037
29.986	304.095	2593.4029
29.986	307.095	2249.9364
29.986	310.095	2379.4393
29.986	313.095	2729.8986
29.986	316.095	2847.9536
29.986	319.095	2804.0938
29.986	322.095	3289.0416
29.986	325.095	3101.3357
29.986	328.095	3021.0272
29.986	331.095	3568.1482
29.986	334.095	3611.7323
29.986	337.095	3748.3798
29.986	340.095	3765.9183
29.986	343.095	4008.9043
29.986	346.095	4565.8502
29.986	349.095	4772.2673
29.986	352.095	4871.5025
29.986	355.095	5270.992
29.986	358.095	5463.7192
32.249	0.271	3063.8525
32.249	3.271	3018.3519
32.249	6.271	3072.6351
32.249	9.271	2951.2347
32.249	12.271	3158.8364
32.249	15.271	2892.6118
32.249	18.271	2725.1091
32.249	21.271	2589.835
32.249	24.271	2491.3262
32.249	27.271	2462.9078
32.249	30.271	2057.1588
32.249	33.271	2081.9195
32.249	36.271	1783.7611
32.249	39.271	1575.1954
32.249	42.271	1636.6602
32.249	45.271	1430.0218
32.249	48.271	1528.7397
32.249	51.271	1427.0094
32.249	54.271	1364.6058
32.249	57.271	1538.4507
32.249	60.271	1566.1353
32.249	63.271	1565.3016
32.249	66.271	1468.8482
32.249	69.271	1343.9291
32.249	72.271	1491.463
32.249	75.271	1585.2126
32.249	78.271	1491.747
32.249	81.271	1476.3523
32.249	84.271	1341.1467
32.249	87.271	1189.4208
32.249	90.271	1492.8364
32.249	93.271	1349.225
32.249	96.271	1405.5714
32.249	99.271	1321.1624
32.249	102.271	1473.9216
32.249	105.271	1450.028
32.249	108.271	1551.0039
32.249	111.271	1865.6827
32.249	114.271	1532.2566
32.249	117.271	1882.4894
32.249	120.271	1938.3692
32.249	123.271	2072.7684
32.249	126.271	1871.1107
32.249	129.271	2272.7465
32.249	132.271	2234.3205
32.249	135.271	2384.0474
32.249	138.271	2507.487
32.249	141.271	2451.5739
32.249	144.271	2751.414
32.249	147.271	2905.5096
32.249	150.271	3176.2375
32.249	153.271	3401.7548
32.249	156.271	3493.5497
32.249	159.271	3880.4213
32.249	162.271	4058.7431
32.249	165.271	4349.3928
32.249	168.271	4529.9326
32.249	171.271	5013.946
32.249	174.271	5197.037
32.249	177.271	5243.7806
32.249	180.271	5301.8055
32.249	183.271	5352.4671
32.249	186.271	5727.1111
32.249	189.271	5478.4554
32.249	192.271	5570.0952
32.249	195.271	5712.8537
32.249	198.271	5534.6192
32.249	201.271	5190.0249
32.249	204.271	4840.9977
32.249	207.271	4794.3534
32.249	210.271	4279.8714
32.249	213.271	4273.0287
32.249	216.271	3826.9415
32.249	219.271	3777.6258
32.249	222.271	3342.7189
32.249	225.271	3210.4505
32.249	228.271	3124.4764
32.249	231.271	3070.4114
32.249	234.271	2790.4074
32.249	237.271	2732.3321
32.249	240.271	2603.5552
32.249	243.271	2399.4028
32.249	246.271	2236.7681
32.249	249.271	2157.5283
32.249	252.271	1885.6686
32.249	255.271	1945.7757
32.249	258.271	1753.9272
32.249	261.271	1699.098
32.249	264.271	1737.5631
32.249	267.271	1603.9906
32.249	270.271	1531.1972
32.249	273.271	1495.9047
32.249	276.271	1432.488
32.249	279.271	1342.4185
32.249	282.271	1223.0873
32.249	285.271	1383.3997
32.249	288.271	1367.3849
32.249	291.271	1383.6741
32.249	294.271	1342.6651
32.249	297.271	1413.4349
32.249	300.271	1366.0033
32.249	303.271	1541.8864
32.249	306.271	1531.4356
32.249	309.271	1407.3436
32.249	312.271	1607.9425
32.249	315.271	1455.8775
32.249	318.271	1444.4396
32.249	321.271	1492.2277
32.249	324.271	1735.3814
32.249	327.271	1682.7967
32.249	330.271	1655.535
32.249	333.271	2026.5296
32.249	336.271	2095.9846
32.249	339.271	2068.4418
32.249	342.271	2200.1037
32.249	345.271	2291.8418
32.249	348.271	2370.4983
32.249	351.271	2650.4447
32.249	354.271	2931.2106
32.249	357.271	3182.2396
37.725	1.152	1215.4399
37.725	4.152	1252.5972
37.725	7.152	1347.8884
37.725	10.152	1292.7443
37.725	13.152	1109.2254
37.725	16.152	1202.0354
37.725	19.152	990.3953
37.725	22.152	1026.4448
37.725	25.152	1028.4401
37.725	28.152	863.2828
37.725	31.152	937.6536
37.725	34.152	980.3079
37.725	37.152	905.0853
37.725	40.152	709.2585
37.725	43.152	730.6261
37.725	46.152	689.9564
37.725	49.152	710.3142
37.725	52.152	812.9527
37.725	55.152	806.7643
37.725	58.152	789.2709
37.725	61.152	619.8963
37.725	64.152	676.7276
37.725	67.152	802.3498
37.725	70.152	801.3482
37.725	73.152	855.0293
37.725	76.152	765.6229
37.725	79.152	1006.9466
37.725	82.152	950.586
37.725	85.152	951.8119
37.725	88.152	913.3416
37.725	91.152	1155.4443
37.725	94.152	989.5797
37.725	97.152	911.5855
37.725	100.152	986.5742
37.725	103.152	952.6289
37.725	106.152	981.817
37.725	109.152	1028.0921
37.725	112.152	984.9232
37.725	115.152	1105.346
37.725	118.152	1085.053
37.725	121.152	1066.5038
37.725	124.152	1268.7159
37.725	127.152	1075.0319
37.725	130.152	1000.4095
37.725	133.152	1098.2538
37.725	136.152	1340.3217
37.725	139.152	1410.9949
37.725	142.152	1502.167
37.725	145.152	968.8552
37.725	148.152	1378.421
37.725	151.152	1471.3782
37.725	154.152	1670.2509
37.725	157.152	1751.9942
37.725	160.152	1982.4689
37.725	163.152	1912.1203
37.725	166.152	1992.0363
37.725	169.152	2089.0737
37.725	172.152	2431.563
37.725	175.152	2462.8574
37.725	178.152	2481.3471
37.725	181.152	2794.8546
37.725	184.152	2678.8872
37.725	187.152	2903.6558
37.725	190.152	2698.6237
37.725	193.152	2550.1878
37.725	196.152	2517.2958
37.725	199.152	2447.0572
37.725	202.152	2258.5279
37.725	205.152	2149.7079
37.725	208.152	1921.5439
37.725	211.152	1760.9708
37.725	214.152	1891.2553
37.725	217.152	1620.265
37.725	220.152	1344.8091
37.725	223.152	1530.2977
37.725	226.152	1422.748
37.725	229.152	1786.3698
37.725	232.152	1252.1604
37.725	235.152	1478.3337
37.725	238.152	1190.9276
37.725	241.152	1275.0537
37.725	244.152	1167.2948
37.725	247.152	1330.633
37.725	250.152	958.2045
37.725	253.152	1161.1265
37.725	256.152	1084.8669
37.725	259.152	1199.7755
37.725	262.152	1025.4713
37.725	265.152	982.6122
37.725	268.152	1128.2609
37.725	271.152	1108.4099
37.725	274.152	964.6755
37.725	277.152	826.8123
37.725	280.152	993.5275
37.725	283.152	966.5613
37.725	286.152	748.6512
37.725	289.152	984.6033
37.725	292.152	1058.8831
37.725	295.152	793.9894
37.725	298.152	965.9552
37.725	301.152	986.8887
37.725	304.152	889.4162
37.725	307.152	844.2867
37.725	310.152	777.1903
37.725	313.152	626.6418
37.725	316.152	647.5412
37.725	319.152	857.6858
37.725	322.152	867.5828
37.725	325.152	757.4028
37.725	328.152	664.0291
37.725	331.152	711.9107
37.725	334.152	695.4689
37.725	337.152	848.9534
37.725	340.152	887.033
37.725	343.152	901.5633
37.725	346.152	859.4599
37.725	349.152	1225.3761
37.725	352.152	1236.8252
37.725	355.152	1245.9734
37.725	358.152	1182.1977
39.98	2.846	765.7732
39.98	5.846	652.8608
39.98	8.846	883.8286
39.98	11.846	796.3581
39.98	14.846	553.8397
39.98	17.846	894.0276
39.98	20.846	693.2834
39.98	23.846	870.235
39.98	26.846	736.9999
39.98	29.846	652.7518
39.98	32.846	647.7307
39.98	35.846	704.5917
39.98	38.846	806.083
39.98	41.846	637.2673
39.98	44.846	661.0886
39.98	47.846	775.7661
39.98	50.846	555.0616
39.98	53.846	585.7885
39.98	56.846	585.2799
39.98	59.846	571.9862
39.98	62.846	792.2732
39.98	65.846	811.169
39.98	68.846	886.1025
39.98	71.846	776.0866
39.98	74.846	607.7511
39.98	77.846	780.0218
39.98	80.846	868.7639
39.98	83.846	940.1514
39.98	86.846	1054.7385
39.98	89.846	1032.5937
39.98	92.846	998.9435
39.98	95.846	989.8795
39.98	98.846	1002.1889
39.98	101.846	944.8374
39.98	104.846	852.1867
39.98	107.846	1048.9785
39.98	110.846	1083.4384
39.98	113.846	1159.5025
39.98	116.846	816.4162
39.98	119.846	988.4431
39.98	122.846	1000.0415
39.98	125.846	1051.9122
39.98	128.846	829.7957
39.98	131.846	1024.3216
39.98	134.846	865.8678
39.98	137.846	976.5392
39.98	140.846	810.9354
39.98	143.846	880.9822
39.98	146.846	949.0492
39.98	149.846	1052.1098
39.98	152.846	844.8527
39.98	155.846	1059.4224
39.98	158.846	802.2761
39.98	161.846	1357.2152
39.98	164.846	1347.3068
39.98	167.846	1610.3296
39.98	170.846	1346.5302
39.98	173.846	1402.442
39.98	176.846	1668.2772
39.98	179.846	1471.5687
39.98	182.846	1531.3455
39.98	185.846	1684.8342
39.98	188.846	1523.9453
39.98	191.846	1582.9077
39.98	194.846	1405.1295
39.98	197.846	1567.8665
39.98	200.846	1404.3877
39.98	203.846	1263.8392
39.98	206.846	1250.1705
39.98	209.846	1131.7136
39.98	212.846	1202.0626
39.98	215.846	1208.2716
39.98	218.846	1072.3667
39.98	221.846	1042.9887
39.98	224.846	1055.7943
39.98	227.846	1056.0686
39.98	230.846	917.0866
39.98	233.846	966.6554
39.98	236.846	1018.4909
39.98	239.846	985.5632
39.98	242.846	951.4558
39.98	245.846	884.3253
39.98	248.846	855.4208
39.98	251.846	1030.3744
39.98	254.846	1012.7304
39.98	257.846	1078.9581
39.98	260.846	1065.4031
39.98	263.846	1002.093
39.98	266.846	919.3815
39.98	269.846	867.8587
39.98	272.846	997.8914
39.98	275.846	957.8662
39.98	278.846	934.929
39.98	281.846	1070.7735
39.98	284.846	1175.7595
39.98	287.846	1013.0748
39.98	290.846	1143.5325
39.98	293.846	941.4304
39.98	296.846	986.5588
39.98	299.846	679.5373
39.98	302.846	800.9678
39.98	305.846	788.0623
39.98	308.846	620.5512
39.98	311.846	725.9772
39.98	314.846	764.2057
39.98	317.846	950.1688
39.98	320.846	735.4127
39.98	323.846	733.4684
39.98	326.846	767.2742
39.98	329.846	668.0193
39.98	332.846	601.7777
39.98	335.846	835.1529
39.98	338.846	911.9797
39.98	341.846	495.2169
39.98	344.846	705.1653
39.98	347.846	703.1269
39.98	350.846	932.4334
39.98	353.846	745.9303
39.98	356.846	702.3642
39.98	359.846	601.3174
42.244	2.025	524.1002
42.244	5.025	508.3393
42.244	8.025	511.7945
42.244	11.025	373.0768
42.244	14.025	617.0151
42.244	17.025	699.716
42.244	20.025	592.3345
42.244	23.025	489.982
42.244	26.025	546.405
42.244	29.025	596.7906
42.244	32.025	704.9572
42.244	35.025	735.1066
42.244	38.025	631.4845
42.244	41.025	761.1941
42.244	44.025	520.3506
42.244	47.025	744.5558
42.244	50.025	748.2304
42.244	53.025	647.3541
42.244	56.025	809.1566
42.244	59.025	755.4022
42.244	62.025	652.7474
42.244	65.025	839.1156
42.244	68.025	824.3575
42.244	71.025	641.662
42.244	74.025	608.8383
42.244	77.025	968.9807
42.244	80.025	858.2514
42.244	83.025	841.4648
42.244	86.025	823.6106
42.244	89.025	831.1479
42.244	92.025	785.9368
42.244	95.025	914.57
42.244	98.025	825.9177
42.244	101.025	968.6033
42.244	104.025	840.6632
42.244	107.025	727.7215
42.244	110.025	938.8144
42.244	113.025	1031.6759
42.244	116.025	706.4683
42.244	119.025	744.1692
42.244	122.025	710.0918
42.244	125.025	642.3193
42.244	128.025	713.0704
42.244	131.025	675.0214
42.244	134.025	562.0057
42.244	137.025	446.8151
42.244	140.025	516.3496
42.244	143.025	656.0276
42.244	146.025	754.9381
42.244	149.025	573.6824
42.244	152.025	513.0075
42.244	155.025	605.9813
42.244	158.025	478.7051
42.244	161.025	721.355
42.244	164.025	639.915
42.244	167.025	705.9736
42.244	170.025	646.9459
42.244	173.025	684.8142
42.244	176.025	860.7789
42.244	179.025	753.2158
42.244	182.025	724.6251
42.244	185.025	857.7787
42.244	188.025	977.1166
42.244	191.025	832.0893
42.244	194.025	727.8854
42.244	197.025	753.3356
42.244	200.025	769.459
42.244	203.025	590.7026
42.244	206.025	667.3733
42.244	209.025	455.5543
42.244	212.025	641.7984
42.244	215.025	688.5485
42.244	218.025	573.9732
42.244	221.025	529.978
42.244	224.025	502.4696
42.244	227.025	636.0685
42.244	230.025	723.7466
42.244	233.025	725.3012
42.244	236.025	702.5933
42.244	239.025	907.5119
42.244	242.025	672.5589
42.244	245.025	587.8784
42.244	248.025	856.979
42.244	251.025	848.0046
42.244	254.025	787.5629
42.244	257.025	794.9531
42.244	260.025	772.7602
42.244	263.025	875.7258
42.244	266.025	1040.6376
42.244	269.025	858.2384
42.244	272.025	617.2909
42.244	275.025	962.7672
42.244	278.025	805.6917
42.244	281.025	702.1762
42.244	284.025	904.7557
42.244	287.025	714.0911
42.244	290.025	815.7874
42.244	293.025	739.5208
42.244	296.025	754.9588
42.244	299.025	579.2719
42.244	302.025	735.9163
42.244	305.025	484.4372
42.244	308.025	724.0294
42.244	311.025	645.9604
42.244	314.025	576.0335
42.244	317.025	704.6959
42.244	320.025	593.2927
42.244	323.025	504.022
42.244	326.025	494.3523
42.244	329.025	666.5072
42.244	332.025	514.2412
42.244	335.025	654.3435
42.244	338.025	399.3739
42.244	341.025	517.4897
42.244	344.025	579.9177
42.244	347.025	554.5557
42.244	350.025	522.911
42.244	353.025	429.3102
42.244	356.025	450.2715
42.244	359.025	666.4896
47.719	2.827	256.8512
47.719	5.827	199.2641
47.719	8.827	162.8075
47.719	11.827	313.6052
47.719	14.827	312.3731
47.719	17.827	176.7159
47.719	20.827	282.0543
47.719	23.827	351.6327
47.719	26.827	140.8308
47.719	29.827	183.7424
47.719	32.827	270.9199
47.719	35.827	272.57
47.719	38.827	298.5404
47.719	41.827	533.022
47.719	44.827	391.538
47.719	47.827	733.4986
47.719	50.827	666.2276
47.719	53.827	606.2828
47.719	56.827	550.761
47.719	59.827	575.9474
47.719	62.827	800.7619
47.719	65.827	708.308
47.719	68.827	892.2736
47.719	71.827	555.0843
47.719	74.827	464.7572
47.719	77.827	799.7479
47.719	80.827	798.8761
47.719	83.827	672.0043
47.719	86.827	973.2486
47.719	89.827	742.7149
47.719	92.827	1014.4178
47.719	95.827	849.7582
47.719	98.827	978.2151
47.719	101.827	947.5815
47.719	104.827	749.9235
47.719	107.827	776.0383
47.719	110.827	578.2374
47.719	113.827	697.004
47.719	116.827	562.2047
47.719	119.827	781.0381
47.719	122.827	650.811
47.719	125.827	534.6317
47.719	128.827	247.4494
47.719	131.827	560.3172
47.719	134.827	345.9279
47.719	137.827	585.095
47.719	140.827	49.8783
47.719	143.827	561.7722
47.719	146.827	410.0127
47.719	149.827	467.9114
47.719	152.827	568.7747
47.719	155.827	314.8246
47.719	158.827	356.611
47.719	161.827	251.3599
47.719	164.827	285.0217
47.719	167.827	201.3818
47.719	170.827	261.4437
47.719	173.827	293.2013
47.719	176.827	398.1678
47.719	179.827	386.7645
47.719	182.827	290.6245
47.719	185.827	245.6782
47.719	188.827	437.9415
47.719	191.827	468.5536
47.719	194.827	348.2884
47.719	197.827	343.3205
47.719	200.827	265.8476
47.719	203.827	336.1379
47.719	206.827	318.7491
47.719	209.827	267.3213
47.719	212.827	222.4046
47.719	215.827	263.5395
47.719	218.827	286.6265
47.719	221.827	132.5829
47.719	224.827	334.7809
47.719	227.827	532.2016
47.719	230.827	529.5358
47.719	233.827	628.7345
47.719	236.827	418.35
47.719	239.827	507.1569
47.719	242.827	598.9438
47.719	245.827	622.3854
47.719	248.827	561.3796
47.719	251.827	656.7873
47.719	254.827	824.6922
47.719	257.827	893.8372
47.719	260.827	762.658
47.719	263.827	922.5639
47.719	266.827	887.5246
47.719	269.827	779.266
47.719	272.827	842.4425
47.719	275.827	820.4228
47.719	278.827	473.2878
47.719	281.827	807.3882
47.719	284.827	862.7073
47.719	287.827	739.6188
47.719	290.827	785.3128
47.719	293.827	719.5457
47.719	296.827	839.6096
47.719	299.827	810.7577
47.719	302.827	891.8905
47.719	305.827	704.0983
47.719	308.827	560.9344
47.719	311.827	608.3737
47.719	314.827	508.0265
47.719	317.827	594.0497
47.719	320.827	635.8168
47.719	323.827	420.8025
47.719	326.827	313.3507
47.719	329.827	406.2825
47.719	332.827	455.9651
47.719	335.827	395.081
47.719	338.827	301.3979
47.719	341.827	470.0128
47.719	344.827	453.2257
47.719	347.827	286.8662
47.719	350.827	325.15
47.719	353.827	337.4389
47.719	356.827	274.3294
47.719	359.827	444.5264
49.972	1.434	226.0483
49.972	4.434	303.4495
49.972	7.434	250.6574
49.972	10.434	562.7242
49.972	13.434	435.955
49.972	16.434	327.1659
49.972	19.434	371.2037
49.972	22.434	413.2036
49.972	25.434	597.4217
49.972	28.434	653.6522
49.972	31.434	760.7364
49.972	34.434	1015.7698
49.972	37.434	836.8165
49.972	40.434	849.0726
49.972	43.434	941.719
49.972	46.434	1113.4041
49.972	49.434	1078.3879
49.972	52.434	1213.9344
49.972	55.434	1357.6245
49.972	58.434	1213.1075
49.972	61.434	1523.2956
49.972	64.434	1469.171
49.972	67.434	1388.1394
49.972	70.434	1531.7067
49.972	73.434	1746.0237
49.972	76.434	1512.5258
49.972	79.434	1453.0893
49.972	82.434	1566.6503
49.972	85.434	1547.5938
49.972	88.434	1557.9567
49.972	91.434	1276.1397
49.972	94.434	1395.7667
49.972	97.434	1341.4533
49.972	100.434	1383.5826
49.972	103.434	1036.2911
49.972	106.434	1222.4362
49.972	109.434	1318.2362
49.972	112.434	1324.1259
49.972	115.434	1138.8172
49.972	118.434	995.403
49.972	121.434	959.2043
49.972	124.434	954.646
49.972	127.434	689.8372
49.972	130.434	776.5982
49.972	133.434	698.9303
49.972	136.434	576.482
49.972	139.434	626.5704
49.972	142.434	628.9483
49.972	145.434	520.3149
49.972	148.434	593.4274
49.972	151.434	398.2467
49.972	154.434	333.5499
49.972	157.434	436.4178
49.972	160.434	397.2195
49.972	163.434	301.8481
49.972	166.434	477.3377
49.972	169.434	266.4727
49.972	172.434	233.3052
49.972	175.434	280.3273
49.972	178.434	253.9854
49.972	181.434	516.2654
49.972	184.434	331.0622
49.972	187.434	296.7637
49.972	190.434	510.9391
49.972	193.434	397.181
49.972	196.434	596.7997
49.972	199.434	333.1729
49.972	202.434	430.7124
49.972	205.434	338.4377
49.972	208.434	452.8933
49.972	211.434	500.2435
49.972	214.434	804.1355
49.972	217.434	522.7942
49.972	220.434	622.4961
49.972	223.434	450.587
49.972	226.434	769.4661
49.972	229.434	605.9763
49.972	232.434	800.8765
49.972	235.434	766.8549
49.972	238.434	856.9841
49.972	241.434	1064.5318
49.972	244.434	802.8251
49.972	247.434	1188.9757
49.972	250.434	1077.8708
49.972	253.434	1341.3493
49.972	256.434	1184.8604
49.972	259.434	1186.4119
49.972	262.434	1315.352
49.972	265.434	1409.352
49.972	268.434	1272.5514
49.972	271.434	1420.659
49.972	274.434	1276.7296
49.972	277.434	1393.0435
49.972	280.434	1305.9052
49.972	283.434	1419.9823
49.972	286.434	1286.9558
49.972	289.434	1306.9329
49.972	292.434	1363.2716
49.972	295.434	1258.2538
49.972	298.434	1265.0744
49.972	301.434	1431.4039
49.972	304.434	1163.3271
49.972	307.434	1287.5443
49.972	310.434	1196.2627
49.972	313.434	1409.4978
49.972	316.434	1064.5662
49.972	319.434	959.9404
49.972	322.434	993.1437
49.972	325.434	678.6786
49.972	328.434	789.5596
49.972	331.434	648.0758
49.972	334.434	678.554
49.972	337.434	795.6303
49.972	340.434	488.4183
49.972	343.434	576.8541
49.972	346.434	403.2051
49.972	349.434	563.6057
49.972	352.434	469.3364
49.972	355.434	451.1251
49.972	358.434	474.7879
52.237	0.612	475.0616
52.237	3.612	493.3888
52.237	6.612	603.0382
52.237	9.612	456.2235
52.237	12.612	603.5154
52.237	15.612	601.9763
52.237	18.612	453.3276
52.237	21.612	617.2315
52.237	24.612	764.21
52.237	27.612	702.8512
52.237	30.612	876.5175
52.237	33.612	686.4837
52.237	36.612	994.9233
52.237	39.612	959.8294
52.237	42.612	1435.1446
52.237	45.612	1338.774
52.237	48.612	1475.618
52.237	51.612	1703.5626
52.237	54.612	1803.6834
52.237	57.612	2155.345
52.237	60.612	2169.6437
52.237	63.612	2248.4252
52.237	66.612	2696.8185
52.237	69.612	2694.0543
52.237	72.612	2403.6341
52.237	75.612	2886.9534
52.237	78.612	2596.5109
52.237	81.612	2616.6663
52.237	84.612	2535.5549
52.237	87.612	2579.2796
52.237	90.612	2293.8708
52.237	93.612	2434.0706
52.237	96.612	2355.7207
52.237	99.612	2350.5978
52.237	102.612	2147.0933
52.237	105.612	2105.9033
52.237	108.612	2140.614
52.237	111.612	1853.3168
52.237	114.612	1723.2111
52.237	117.612	1765.9954
52.237	120.612	1640.1694
52.237	123.612	1758.364
52.237	126.612	1528.1692
52.237	129.612	1134.2917
52.237	132.612	1259.1375
52.237	135.612	1076.0557
52.237	138.612	985.4192
52.237	141.612	892.5058
52.237	144.612	788.47
52.237	147.612	762.8372
52.237	150.612	776.4333
52.237	153.612	388.3016
52.237	156.612	492.3721
52.237	159.612	447.2585
52.237	162.612	671.9707
52.237	165.612	527.7049
52.237	168.612	572.198
52.237	171.612	278.3153
52.237	174.612	248.2907
52.237	177.612	168.913
52.237	180.612	388.8889
52.237	183.612	463.1989
52.237	186.612	352.0594
52.237	189.612	432.8236
52.237	192.612	432.8252
52.237	195.612	350.7278
52.237	198.612	515.0922
52.237	201.612	379.6873
52.237	204.612	564.0534
52.237	207.612	468.1177
52.237	210.612	421.8863
52.237	213.612	583.2128
52.237	216.612	748.5948
52.237	219.612	743.4412
52.237	222.612	758.0327
52.237	225.612	910.3493
52.237	228.612	1108.6075
52.237	231.612	1112.8257
52.237	234.612	1106.2935
52.237	237.612	1429.2646
52.237	240.612	1499.7853
52.237	243.612	1672.4436
52.237	246.612	1746.5057
52.237	249.612	1664.7391
52.237	252.612	2037.9937
52.237	255.612	1996.3814
52.237	258.612	2055.3699
52.237	261.612	1941.4256
52.237	264.612	1938.6267
52.237	267.612	2137.2199
52.237	270.612	2116.7272
52.237	273.612	2057.7183
52.237	276.612	2205.2611
52.237	279.612	2321.7741
52.237	282.612	2096.6963
52.237	285.612	2396.6078
52.237	288.612	2359.9778
52.237	291.612	2120.3069
52.237	294.612	2495.0894
52.237	297.612	2274.4758
52.237	300.612	2309.2674
52.237	303.612	2144.8928
52.237	306.612	1845.4735
52.237	309.612	1817.3701
52.237	312.612	1882.1653
52.237	315.612	1633.646
52.237	318.612	1638.6179
52.237	321.612	1147.4862
52.237	324.612	978.1438
52.237	327.612	1096.6015
52.237	330.612	1053.3457
52.237	333.612	1022.65
52.237	336.612	696.9346
52.237	339.612	820.8834
52.237	342.612	779.1323
52.237	345.612	755.8329
52.237	348.612	609.4827
52.237	351.612	343.8189
52.237	354.612	636.4227
52.237	357.612	694.6119
57.71	1.263	452.2308
57.71	4.263	574.5271
57.71	7.263	650.0023
57.71	10.263	503.8709
57.71	13.263	557.7878
57.71	16.263	408.3846
57.71	19.263	491.8932
57.71	22.263	660.7234
57.71	25.263	440.366
57.71	28.263	639.8847
57.71	31.263	674.1739
57.71	34.263	855.4864
57.71	37.263	882.4227
57.71	40.263	965.2121
57.71	43.263	930.9789
57.71	46.263	992.3663
57.71	49.263	1327.9853
57.71	52.263	1531.2843
57.71	55.263	1780.9188
57.71	58.263	2053.0491
57.71	61.263	2327.7696
57.71	64.263	2460.0154
57.71	67.263	2625.4885
57.71	70.263	2655.1585
57.71	73.263	2802.8725
57.71	76.263	2906.8484
57.71	79.263	2823.651
57.71	82.263	3002.1251
57.71	85.263	3104.873
57.71	88.263	3002.9553
57.71	91.263	3153.0616
57.71	94.263	3031.8184
57.71	97.263	2883.5997
57.71	100.263	2914.0058
57.71	103.263	2778.709
57.71	106.263	2633.6823
57.71	109.263	2295.4008
57.71	112.263	2251.5992
57.71	115.263	2227.6711
57.71	118.263	1975.5084
57.71	121.263	1461.591
57.71	124.263	1448.2909
57.71	127.263	1497.7528
57.71	130.263	1338.7329
57.71	133.263	1085.5166
57.71	136.263	1143.4454
57.71	139.263	1021.5801
57.71	142.263	872.3021
57.71	145.263	869.4191
57.71	148.263	800.7037
57.71	151.263	560.4557
57.71	154.263	562.357
57.71	157.263	802.7348
57.71	160.263	221.8802
57.71	163.263	358.7761
57.71	166.263	396.1932
57.71	169.263	197.1966
57.71	172.263	511.0763
57.71	175.263	291.0612
57.71	178.263	475.818
57.71	181.263	238.3606
57.71	184.263	190.9887
57.71	187.263	431.6363
57.71	190.263	290.1787
57.71	193.263	469.4594
57.71	196.263	223.5246
57.71	199.263	293.4785
57.71	202.263	438.5128
57.71	205.263	362.2558
57.71	208.263	603.9707
57.71	211.263	425.8798
57.71	214.263	496.1069
57.71	217.263	625.8506
57.71	220.263	676.8831
57.71	223.263	626.3142
57.71	226.263	895.4118
57.71	229.263	1049.3042
57.71	232.263	1127.6144
57.71	235.263	1228.7676
57.71	238.263	1264.7107
57.71	241.263	1581.2111
57.71	244.263	1694.4548
57.71	247.263	1592.0702
57.71	250.263	2042.4758
57.71	253.263	2081.8362
57.71	256.263	2190.6306
57.71	259.263	2223.5982
57.71	262.263	2196.5303
57.71	265.263	2485.4581
57.71	268.263	2624.0469
57.71	271.263	2545.5338
57.71	274.263	2620.2094
57.71	277.263	2629.1689
57.71	280.263	2783.5436
57.71	283.263	2825.1021
57.71	286.263	3265.1874
57.71	289.263	2657.9348
57.71	292.263	2804.0786
57.71	295.263	2665.1939
57.71	298.263	2520.4596
57.71	301.263	2228.867
57.71	304.263	2393.9482
57.71	307.263	2179.9058
57.71	310.263	1804.4408
57.71	313.263	1854.9813
57.71	316.263	1675.7311
57.71	319.263	1439.2515
57.71	322.263	1219.3767
57.71	325.263	1119.8282
57.71	328.263	981.9381
57.71	331.263	718.4736
57.71	334.263	810.5426
57.71	337.263	951.8642
57.71	340.263	512.4682
57.71	343.263	534.7688
57.71	346.263	730.4285
57.71	349.263	605.1602
57.71	352.263	667.8529
57.71	355.263	449.6824
57.71	358.263	568.0575
59.959	2.703	677.8186
59.959	5.703	658.3787
59.959	8.703	672.0562
59.959	11.703	640.3244
59.959	14.703	787.6377
59.959	17.703	714.8306
59.959	20.703	722.2353
59.959	23.703	590.8121
59.959	26.703	747.3634
59.959	29.703	731.3533
59.959	32.703	872.8671
59.959	35.703	797.586
59.959	38.703	924.6742
59.959	41.703	725.4969
59.959	44.703	983.4736
59.959	47.703	1234.1169
59.959	50.703	1290.194
59.959	53.703	1895.7735
59.959	56.703	1843.5253
59.959	59.703	1996.9111
59.959	62.703	2221.3395
59.959	65.703	2660.6936
59.959	68.703	3097.4533
59.959	71.703	3420.8544
59.959	74.703	3311.8029
59.959	77.703	3655.6015
59.959	80.703	4090.2309
59.959	83.703	3955.7213
59.959	86.703	3958.3472
59.959	89.703	4155.0357
59.959	92.703	3847.2148
59.959	95.703	3689.7252
59.959	98.703	3677.5188
59.959	101.703	3785.8601
59.959	104.703	3351.5066
59.959	107.703	3129.359
59.959	110.703	3060.2034
59.959	113.703	2785.1671
59.959	116.703	2626.5988
59.959	119.703	2107.3686
59.959	122.703	2039.1089
59.959	125.703	1806.2869
59.959	128.703	1590.1847
59.959	131.703	1405.6111
59.959	134.703	1394.8097
59.959	137.703	1134.3254
59.959	140.703	991.7759
59.959	143.703	1168.46
59.959	146.703	865.6744
59.959	149.703	873.4192
59.959	152.703	773.2635
59.959	155.703	662.4553
59.959	158.703	760.6311
59.959	161.703	845.3181
59.959	164.703	830.9615
59.959	167.703	473.8612
59.959	170.703	646.1586
59.959	173.703	616.7488
59.959	176.703	689.7115
59.959	179.703	648.8651
59.959	182.703	610.9269
59.959	185.703	500.9883
59.959	188.703	843.6815
59.959	191.703	674.4266
59.959	194.703	661.5899
59.959	197.703	687.6987
59.959	200.703	740.2408
59.959	203.703	717.6194
59.959	206.703	688.8381
59.959	209.703	847.9021
59.959	212.703	388.7078
59.959	215.703	891.2474
59.959	218.703	895.471
59.959	221.703	756.8605
59.959	224.703	1177.4261
59.959	227.703	1324.7142
59.959	230.703	1378.0177
59.959	233.703	1551.0641
59.959	236.703	1816.3662
59.959	239.703	1718.9472
59.959	242.703	2159.5469
59.959	245.703	2504.0859
59.959	248.703	2545.7091
59.959	251.703	2887.6973
59.959	254.703	2963.6856
59.959	257.703	3292.513
59.959	260.703	3334.2474
59.959	263.703	3674.4157
59.959	266.703	3848.9522
59.959	269.703	4243.4811
59.959	272.703	4307.3215
59.959	275.703	4271.7579
59.959	278.703	3919.1213
59.959	281.703	4452.3274
59.959	284.703	4293.4772
59.959	287.703	4134.3977
59.959	290.703	3958.3672
59.959	293.703	3615.5408
59.959	296.703	3441.203
59.959	299.703	3385.7304
59.959	302.703	2647.7467
59.959	305.703	2514.3984
59.959	308.703	2477.7315
59.959	311.703	1903.4171
59.959	314.703	1627.8813
59.959	317.703	1564.0261
59.959	320.703	1363.6527
59.959	323.703	1280.6558
59.959	326.703	1090.3289
59.959	329.703	900.0039
59.959	332.703	707.535
59.959	335.703	643.1104
59.959	338.703	726.5191
59.959	341.703	870.2187
59.959	344.703	684.3534
59.959	347.703	680.444
59.959	350.703	766.5587
59.959	353.703	607.5358
59.959	356.703	689.6466
59.959	359.703	688.0814
62.225	1.862	424.4146
62.225	4.862	580.9459
62.225	7.862	378.0218
62.225	10.862	647.2359
62.225	13.862	634.7742
62.225	16.862	788.7177
62.225	19.862	452.1247
62.225	22.862	693.3992
62.225	25.862	676.8631
62.225	28.862	770.8655
62.225	31.862	539.8803
62.225	34.862	763.9325
62.225	37.862	779.6933
62.225	40.862	829.9747
62.225	43.862	752.1637
62.225	46.862	1070.0808
62.225	49.862	1104.041
62.225	52.862	1118.4706
62.225	55.862	1473.5804
62.225	58.862	1522.3867
62.225	61.862	1629.7611
62.225	64.862	1959.2581
62.225	67.862	2280.6438
62.225	70.862	2255.6921
62.225	73.862	2830.7656
62.225	76.862	3008.803
62.225	79.862	3199.0396
62.225	82.862	3343.6358
62.225	85.862	3799.5925
62.225	88.862	3713.8991
62.225	91.862	3834.4006
62.225	94.862	3475.4929
62.225	97.862	3705.3654
62.225	100.862	3726.1233
62.225	103.862	3366.192
62.225	106.862	2968.1934
62.225	109.862	2854.9878
62.225	112.862	2678.9507
62.225	115.862	2323.8664
62.225	118.862	2250.2288
62.225	121.862	1982.248
62.225	124.862	1848.4524
62.225	127.862	1609.3972
62.225	130.862	1319.1527
62.225	133.862	1484.4498
62.225	136.862	1199.587
62.225	139.862	1157.3089
62.225	142.862	1154.8005
62.225	145.862	1007.8469
62.225	148.862	893.1302
62.225	151.862	913.5126
62.225	154.862	680.9586
62.225	157.862	802.181
62.225	160.862	1040.2273
62.225	163.862	727.0732
62.225	166.862	786.1416
62.225	169.862	1001.7554
62.225	172.862	767.4394
62.225	175.862	804.4922
62.225	178.862	765.5133
62.225	181.862	643.2851
62.225	184.862	805.4679
62.225	187.862	560.4205
62.225	190.862	627.2246
62.225	193.862	896.469
62.225	196.862	714.5942
62.225	199.862	802.1902
62.225	202.862	817.7925
62.225	205.862	890.3924
62.225	208.862	1048.3551
62.225	211.862	965.978
62.225	214.862	860.636
62.225	217.862	997.3913
62.225	220.862	1109.7386
62.225	223.862	1237.9654
62.225	226.862	1080.3455
62.225	229.862	1343.246
62.225	232.862	1317.632
62.225	235.862	1659.2305
62.225	238.862	1573.0487
62.225	241.862	1822.8592
62.225	244.862	2186.7627
62.225	247.862	2443.8191
62.225	250.862	2679.2937
62.225	253.862	2969.5878
62.225	256.862	3344.4775
62.225	259.862	3319.9709
62.225	262.862	4002.1063
62.225	265.862	3657.5257
62.225	268.862	4198.181
62.225	271.862	4319.6942
62.225	274.862	4594.0657
62.225	277.862	4548.5687
62.225	280.862	4536.0436
62.225	283.862	4370.8274
62.225	286.862	4257.0853
62.225	289.862	3834.2214
62.225	292.862	3585.5954
62.225	295.862	3094.3921
62.225	298.862	2773.0425
62.225	301.862	2659.729
62.225	304.862	2269.9702
62.225	307.862	2069.4945
62.225	310.862	1827.3901
62.225	313.862	1345.2311
62.225	316.862	1234.0394
62.225	319.862	1276.5427
62.225	322.862	1089.1755
62.225	325.862	981.1517
62.225	328.862	1041.4584
62.225	331.862	809.0068
62.225	334.862	616.9928
62.225	337.862	701.8793
62.225	340.862	500.7887
62.225	343.862	413.7327
62.225	346.862	693.821
62.225	349.862	512.5383
62.225	352.862	546.2627
62.225	355.862	389.3008
62.225	358.862	739.1228
67.694	2.146	211.6518
67.694	5.146	249.7879
67.694	8.146	329.4642
67.694	11.146	277.2577
67.694	14.146	271.036
67.694	17.146	429.1783
67.694	20.146	498.275
67.694	23.146	277.1633
67.694	26.146	122.8079
67.694	29.146	293.6148
67.694	32.146	374.8335
67.694	35.146	418.8529
67.694	38.146	125.8924
67.694	41.146	390.8199
67.694	44.146	180.7953
67.694	47.146	291.4124
67.694	50.146	416.556
67.694	53.146	204.5353
67.694	56.146	687.7044
67.694	59.146	661.8087
67.694	62.146	807.3301
67.694	65.146	926.3349
67.694	68.146	1149.2395
67.694	71.146	1018.332
67.694	74.146	1368.1891
67.694	77.146	1521.1179
67.694	80.146	1523.2831
67.694	83.146	1748.0552
67.694	86.146	1756.8938
67.694	89.146	1779.983
67.694	92.146	1875.1548
67.694	95.146	1740.9665
67.694	98.146	1854.8975
67.694	101.146	1637.0133
67.694	104.146	2058.7741
67.694	107.146	1704.3709
67.694	110.146	1612.0591
67.694	113.146	1401.4412
67.694	116.146	1500.9817
67.694	119.146	1276.6277
67.694	122.146	731.4327
67.694	125.146	925.3989
67.694	128.146	840.5111
67.694	131.146	679.3804
67.694	134.146	494.9217
67.694	137.146	488.2105
67.694	140.146	721.2008
67.694	143.146	477.1036
67.694	146.146	449.0062
67.694	149.146	599.665
67.694	152.146	376.232
67.694	155.146	632.5705
67.694	158.146	538.7589
67.694	161.146	349.0168
67.694	164.146	482.7155
67.694	167.146	360.9976
67.694	170.146	361.6707
67.694	173.146	424.2926
67.694	176.146	385.4442
67.694	179.146	642.5924
67.694	182.146	297.0245
67.694	185.146	305.3005
67.694	188.146	480.4099
67.694	191.146	340.5211
67.694	194.146	420.8492
67.694	197.146	454.6591
67.694	200.146	322.5508
67.694	203.146	400.4738
67.694	206.146	357.9934
67.694	209.146	506.0503
67.694	212.146	375.4913
67.694	215.146	337.6214
67.694	218.146	545.2492
67.694	221.146	517.9457
67.694	224.146	481.2345
67.694	227.146	694.6688
67.694	230.146	630.9337
67.694	233.146	538.742
67.694	236.146	798.7107
67.694	239.146	707.5099
67.694	242.146	992.3229
67.694	245.146	1052.398
67.694	248.146	1388.3167
67.694	251.146	1551.041
67.694	254.146	1742.1224
67.694	257.146	1753.6925
67.694	260.146	1815.8588
67.694	263.146	2120.2854
67.694	266.146	2069.046
67.694	269.146	2563.9566
67.694	272.146	2540.5892
67.694	275.146	2769.7275
67.694	278.146	2602.1068
67.694	281.146	2544.5318
67.694	284.146	2613.8558
67.694	287.146	2561.1389
67.694	290.146	2062.2185
67.694	293.146	2008.039
67.694	296.146	1989.4507
67.694	299.146	1418.1182
67.694	302.146	1305.0647
67.694	305.146	1299.4249
67.694	308.146	1072.9442
67.694	311.146	939.848
67.694	314.146	932.3709
67.694	317.146	776.7645
67.694	320.146	778.4959
67.694	323.146	484.7971
67.694	326.146	489.8405
67.694	329.146	289.1276
67.694	332.146	342.3918
67.694	335.146	568.3914
67.694	338.146	379.5321
67.694	341.146	414.564
67.694	344.146	341.6689
67.694	347.146	391.3601
67.694	350.146	144.6962
67.694	353.146	425.4016
67.694	356.146	190.0171
67.694	359.146	186.7879
69.935	0.186	228.5052
69.935	3.186	537.9122
69.935	6.186	577.5122
69.935	9.186	570.0184
69.935	12.186	420.6324
69.935	15.186	471.957
69.935	18.186	517.3747
69.935	21.186	408.6297
69.935	24.186	230.5828
69.935	27.186	642.4763
69.935	30.186	346.6945
69.935	33.186	215.4761
69.935	36.186	154.8107
69.935	39.186	379.4807
69.935	42.186	71.4246
69.935	45.186	380.1862
69.935	48.186	443.1277
69.935	51.186	348.7797
69.935	54.186	383.6813
69.935	57.186	667.977
69.935	60.186	698.3425
69.935	63.186	561.309
69.935	66.186	835.8005
69.935	69.186	944.2153
69.935	72.186	1203.4642
69.935	75.186	1059.8233
69.935	78.186	1126.2418
69.935	81.186	1437.5605
69.935	84.186	1383.3623
69.935	87.186	1371.6485
69.935	90.186	1551.6156
69.935	93.186	1458.3779
69.935	96.186	1485.0871
69.935	99.186	1207.961
69.935	102.186	1106.9219
69.935	105.186	1363.7705
69.935	108.186	1107.0366
69.935	111.186	933.8852
69.935	114.186	995.6057
69.935	117.186	739.8465
69.935	120.186	867.7025
69.935	123.186	783.721
69.935	126.186	511.1737
69.935	129.186	748.02
69.935	132.186	493.5418
69.935	135.186	653.372
69.935	138.186	488.0033
69.935	141.186	317.5914
69.935	144.186	450.3959
69.935	147.186	496.9459
69.935	150.186	391.844
69.935	153.186	314.9546
69.935	156.186	359.6095
69.935	159.186	270.3149
69.935	162.186	237.6829
69.935	165.186	360.6337
69.935	168.186	312.4771
69.935	171.186	455.107
69.935	174.186	239.5418
69.935	177.186	478.4348
69.935	180.186	148.7965
69.935	183.186	237.5935
69.935	186.186	450.567
69.935	189.186	272.7473
69.935	192.186	312.1944
69.935	195.186	386.8636
69.935	198.186	244.4333
69.935	201.186	428.0297
69.935	204.186	337.102
69.935	207.186	357.7102
69.935	210.186	369.5762
69.935	213.186	343.8048
69.935	216.186	440.6694
69.935	219.186	427.4334
69.935	222.186	348.4363
69.935	225.186	615.5631
69.935	228.186	375.6892
69.935	231.186	653.0139
69.935	234.186	260.2235
69.935	237.186	589.5715
69.935	240.186	703.6543
69.935	243.186	812.3942
69.935	246.186	582.5548
69.935	249.186	645.9288
69.935	252.186	767.9221
69.935	255.186	1070.2325
69.935	258.186	1253.4116
69.935	261.186	1614.9908
69.935	264.186	1286.6387
69.935	267.186	1673.7257
69.935	270.186	1652.503
69.935	273.186	1788.5287
69.935	276.186	2021.3271
69.935	279.186	1781.8492
69.935	282.186	1705.5172
69.935	285.186	1810.0857
69.935	288.186	1741.1948
69.935	291.186	1691.4166
69.935	294.186	1501.7455
69.935	297.186	1288.9572
69.935	300.186	1040.5247
69.935	303.186	1159.2043
69.935	306.186	1077.8024
69.935	309.186	750.8202
69.935	312.186	787.814
69.935	315.186	604.4633
69.935	318.186	618.5831
69.935	321.186	587.2668
69.935	324.186	669.276
69.935	327.186	208.6559
69.935	330.186	378.0573
69.935	333.186	486.0708
69.935	336.186	417.2753
69.935	339.186	258.0355
69.935	342.186	378.6327
69.935	345.186	265.1884
69.935	348.186	281.9095
69.935	351.186	375.2221
69.935	354.186	329.8692
69.935	357.186	411.1852
72.203	2.212	628.8467
72.203	5.212	552.2568
72.203	8.212	526.1562
72.203	11.212	466.5389
72.203	14.212	637.3287
72.203	17.212	587.6532
72.203	20.212	662.1557
72.203	23.212	635.2856
72.203	26.212	210.4938
72.203	29.212	499.9126
72.203	32.212	584.403
72.203	35.212	396.754
72.203	38.212	367.7504
72.203	41.212	419.4313
72.203	44.212	173.6096
72.203	47.212	374.3888
72.203	50.212	316.0603
72.203	53.212	504.1227
72.203	56.212	441.2586
72.203	59.212	653.8375
72.203	62.212	637.2543
72.203	65.212	668.3467
72.203	68.212	899.5578
72.203	71.212	813.064
72.203	74.212	794.8007
72.203	77.212	1197.746
72.203	80.212	1127.5275
72.203	83.212	1322.8804
72.203	86.212	1202.4222
72.203	89.212	1254.871
72.203	92.212	1280.2246
72.203	95.212	1183.0382
72.203	98.212	1090.2303
72.203	101.212	1174.7661
72.203	104.212	1064.7307
72.203	107.212	870.122
72.203	110.212	1056.2718
72.203	113.212	820.7956
72.203	116.212	876.6834
72.203	119.212	741.6698
72.203	122.212	686.5499
72.203	125.212	627.9216
72.203	128.212	445.4975
72.203	131.212	498.6998
72.203	134.212	574.3078
72.203	137.212	416.9411
72.203	140.212	488.5512
72.203	143.212	304.3627
72.203	146.212	260.2021
72.203	149.212	407.5332
72.203	152.212	478.4902
72.203	155.212	321.6804
72.203	158.212	361.2424
72.203	161.212	258.6949
72.203	164.212	312.163
72.203	167.212	285.4924
72.203	170.212	304.1533
72.203	173.212	228.2676
72.203	176.212	331.2992
72.203	179.212	332.9575
72.203	182.212	497.6273
72.203	185.212	333.3557
72.203	188.212	401.8409
72.203	191.212	353.6961
72.203	194.212	291.8561
72.203	197.212	326.6078
72.203	200.212	409.673
72.203	203.212	303.7001
72.203	206.212	273.9842
72.203	209.212	295.8687
72.203	212.212	263.8347
72.203	215.212	231.0528
72.203	218.212	311.1448
72.203	221.212	347.9592
72.203	224.212	229.932
72.203	227.212	395.3755
72.203	230.212	501.3414
72.203	233.212	193.2066
72.203	236.212	482.4673
72.203	239.212	513.5985
72.203	242.212	355.4733
72.203	245.212	423.4671
72.203	248.212	486.4622
72.203	251.212	860.5952
72.203	254.212	820.8659
72.203	257.212	860.9132
72.203	260.212	952.8325
72.203	263.212	1218.451
72.203	266.212	1114.8406
72.203	269.212	1319.4524
72.203	272.212	1411.2297
72.203	275.212	1304.2496
72.203	278.212	1617.2076
72.203	281.212	1309.7248
72.203	284.212	1661.1884
72.203	287.212	1526.6353
72.203	290.212	1175.1604
72.203	293.212	1495.0796
72.203	296.212	1434.3773
72.203	299.212	1295.7518
72.203	302.212	1169.5156
72.203	305.212	1079.644
72.203	308.212	1154.3493
72.203	311.212	926.6717
72.203	314.212	843.8727
72.203	317.212	481.6677
72.203	320.212	680.9105
72.203	323.212	338.5436
72.203	326.212	418.0642
72.203	329.212	630.1616
72.203	332.212	224.5588
72.203	335.212	475.2668
72.203	338.212	496.5565
72.203	341.212	365.1191
72.203	344.212	541.1526
72.203	347.212	496.5331
72.203	350.212	801.7694
72.203	353.212	677.4872
72.203	356.212	468.1038
72.203	359.212	534.4354
77.654	1.147	468.3085
77.654	4.147	568.66
77.654	7.147	737.2826
77.654	10.147	665.8397
77.654	13.147	491.212
77.654	16.147	775.084
77.654	19.147	624.8404
77.654	22.147	513.1369
77.654	25.147	451.5531
77.654	28.147	476.1541
77.654	31.147	691.0888
77.654	34.147	589.5879
77.654	37.147	608.6967
77.654	40.147	564.523
77.654	43.147	674.7637
77.654	46.147	719.9091
77.654	49.147	648.0566
77.654	52.147	756.5885
77.654	55.147	881.3812
77.654	58.147	960.6292
77.654	61.147	1025.4736
77.654	64.147	1019.5202
77.654	67.147	1180.5999
77.654	70.147	1405.9479
77.654	73.147	1324.1696
77.654	76.147	1388.4871
77.654	79.147	1446.6173
77.654	82.147	1759.6691
77.654	85.147	1522.6627
77.654	88.147	1572.4344
77.654	91.147	1366.7141
77.654	94.147	1608.3057
77.654	97.147	1339.217
77.654	100.147	1324.873
77.654	103.147	1579.0043
77.654	106.147	1343.1936
77.654	109.147	1269.2627
77.654	112.147	1063.2178
77.654	115.147	868.0151
77.654	118.147	1069.0857
77.654	121.147	800.8699
77.654	124.147	760.5748
77.654	127.147	667.9368
77.654	130.147	756.9021
77.654	133.147	660.6225
77.654	136.147	644.5527
77.654	139.147	454.0373
77.654	142.147	248.7704
77.654	145.147	428.2427
77.654	148.147	493.7051
77.654	151.147	459.3763
77.654	154.147	525.7439
77.654	157.147	310.6513
77.654	160.147	397.0495
77.654	163.147	279.3507
77.654	166.147	308.4122
77.654	169.147	252.5705
77.654	172.147	364.1617
77.654	175.147	429.2113
77.654	178.147	462.4142
77.654	181.147	391.7913
77.654	184.147	394.0303
77.654	187.147	490.195
77.654	190.147	229.4331
77.654	193.147	179.0124
77.654	196.147	197.9811
77.654	199.147	235.1951
77.654	202.147	159.1931
77.654	205.147	357.5527
77.654	208.147	264.4439
77.654	211.147	636.6199
77.654	214.147	352.694
77.654	217.147	285.3524
77.654	220.147	434.7807
77.654	223.147	200.1603
77.654	226.147	519.5033
77.654	229.147	391.1325
77.654	232.147	529.4003
77.654	235.147	608.0588
77.654	238.147	712.3533
77.654	241.147	595.4795
77.654	244.147	427.7669
77.654	247.147	763.9598
77.654	250.147	757.3521
77.654	253.147	960.3835
77.654	256.147	834.3159
77.654	259.147	991.4909
77.654	262.147	989.5907
77.654	265.147	1145.521
77.654	268.147	1201.2678
77.654	271.147	1361.9702
77.654	274.147	1655.7008
77.654	277.147	1503.0265
77.654	280.147	1606.2346
77.654	283.147	1749.4898
77.654	286.147	1582.5162
77.654	289.147	1527.8325
77.654	292.147	1632.7806
77.654	295.147	1513.4954
77.654	298.147	1342.0847
77.654	301.147	1575.586
77.654	304.147	1298.9385
77.654	307.147	1312.652
77.654	310.147	1586.7252
77.654	313.147	1047.0999
77.654	316.147	1067.0352
77.654	319.147	841.1955
77.654	322.147	892.4655
77.654	325.147	796.5347
77.654	328.147	751.5549
77.654	331.147	917.3019
77.654	334.147	651.7162
77.654	337.147	631.621
77.654	340.147	690.5969
77.654	343.147	538.3406
77.654	346.147	623.9924
77.654	349.147	720.458
77.654	352.147	336.3484
77.654	355.147	595.1258
77.654	358.147	642.9335
79.866	0.581	1166.157
79.866	3.581	1276.2155
79.866	6.581	1238.9528
79.866	9.581	1228.826
79.866	12.581	1181.4794
79.866	15.581	1095.0676
79.866	18.581	1083.5983
79.866	21.581	1095.6706
79.866	24.581	1304.8242
79.866	27.581	1177.1011
79.866	30.581	1325.6799
79.866	33.581	1190.0392
79.866	36.581	1219.2047
79.866	39.581	1269.6955
79.866	42.581	1451.6591
79.866	45.581	1528.0378
79.866	48.581	1711.1137
79.866	51.581	1668.5508
79.866	54.581	1521.5254
79.866	57.581	1842.0951
79.866	60.581	1871.0663
79.866	63.581	2090.316
79.866	66.581	1895.9346
79.866	69.581	2074.4434
79.866	72.581	2266.1659
79.866	75.581	2475.8462
79.866	78.581	2306.4199
79.866	81.581	2400.6387
79.866	84.581	2144.9898
79.866	87.581	2439.1412
79.866	90.581	2195.9043
79.866	93.581	2252.5207
79.866	96.581	2245.1964
79.866	99.581	1939.1349
79.866	102.581	2053.3993
79.866	105.581	1824.24
79.866	108.581	1686.8424
79.866	111.581	1728.2851
79.866	114.581	1653.063
79.866	117.581	1681.8049
79.866	120.581	1252.9439
79.866	123.581	1394.0982
79.866	126.581	1222.2503
79.866	129.581	1129.2061
79.866	132.581	1288.1675
79.866	135.581	925.8375
79.866	138.581	960.166
79.866	141.581	924.9163
79.866	144.581	823.1833
79.866	147.581	607.8698
79.866	150.581	880.9381
79.866	153.581	776.2149
79.866	156.581	584.3769
79.866	159.581	748.8017
79.866	162.581	816.4182
79.866	165.581	538.0782
79.866	168.581	682.8676
79.866	171.581	622.0678
79.866	174.581	469.9348
79.866	177.581	564.8773
79.866	180.581	469.7078
79.866	183.581	864.9876
79.866	186.581	542.4738
79.866	189.581	518.0204
79.866	192.581	504.4322
79.866	195.581	637.6294
79.866	198.581	632.4023
79.866	201.581	832.5875
79.866	204.581	822.1769
79.866	207.581	585.4025
79.866	210.581	565.8105
79.866	213.581	677.6788
79.866	216.581	489.5637
79.866	219.581	762.1916
79.866	222.581	644.4982
79.866	225.581	725.4727
79.866	228.581	906.4595
79.866	231.581	996.5707
79.866	234.581	892.0745
79.866	237.581	831.3659
79.866	240.581	1066.6795
79.866	243.581	1016.5323
79.866	246.581	961.926
79.866	249.581	1229.8738
79.866	252.581	1287.2119
79.866	255.581	1331.0967
79.866	258.581	1479.4758
79.866	261.581	1635.6515
79.866	264.581	1779.9172
79.866	267.581	1915.1439
79.866	270.581	1894.9822
79.866	273.581	1873.1179
79.866	276.581	1995.0007
79.866	279.581	2075.6752
79.866	282.581	2159.2137
79.866	285.581	2150.6976
79.866	288.581	2424.5815
79.866	291.581	2183.3397
79.866	294.581	2288.1948
79.866	297.581	2190.5719
79.866	300.581	2100.165
79.866	303.581	2036.4036
79.866	306.581	1994.1261
79.866	309.581	2022.9477
79.866	312.581	1876.4999
79.866	315.581	1837.9541
79.866	318.581	1916.0861
79.866	321.581	1687.4308
79.866	324.581	1627.4828
79.866	327.581	1714.7628
79.866	330.581	1420.3163
79.866	333.581	1478.9905
79.866	336.581	1257.5715
79.866	339.581	1253.2966
79.866	342.581	1294.2381
79.866	345.581	941.3636
79.866	348.581	1153.8299
79.866	351.581	1379.1741
79.866	354.581	1058.0498
79.866	357.581	1230.3041
82.125	1.5	2308.30315
82.125	4.5	2439.4358
82.125	7.5	2344.03065
82.125	10.5	2421.02205
82.125	13.5	2418.8634
82.125	16.5	2556.5013
82.125	19.5	2502.7734
82.125	22.5	2640.82605
82.125	25.5	2530.83535
82.125	28.5	2706.42325
82.125	31.5	2644.79775
82.125	34.5	2664.5328
82.125	37.5	2940.25485
82.125	40.5	2795.8402
82.125	43.5	2921.97135
82.125	46.5	3073.827
82.125	49.5	3069.9117
82.125	52.5	3260.12295
82.125	55.5	3047.1671
82.125	58.5	3107.7702
82.125	61.5	3293.81135
82.125	64.5	3106.97885
82.125	67.5	3199.38625
82.125	70.5	3299.23425
82.125	73.5	3174.3831
82.125	76.5	3110.6111
82.125	79.5	3189.49395
82.125	82.5	3235.14915
82.125	85.5	3238.5084
82.125	88.5	3125.1838
82.125	91.5	3094.54255
82.125	94.5	2959.0368
82.125	97.5	3095.1847
82.125	100.5	2932.8875
82.125	103.5	2656.2518
82.125	106.5	2595.5956
82.125	109.5	2675.03795
82.125	112.5	2519.30755
82.125	115.5	2313.66625
82.125	118.5	2443.497
82.125	121.5	2217.93265
82.125	124.5	2164.8294
82.125	127.5	1900.6304
82.125	130.5	2069.6429
82.125	133.5	1803.8995
82.125	136.5	1649.33745
82.125	139.5	1722.438
82.125	142.5	1569.8075
82.125	145.5	1628.11925
82.125	148.5	1500.3666
82.125	151.5	1535.4983
82.125	154.5	1335.8835
82.125	157.5	1313.6448
82.125	160.5	1247.8137
82.125	163.5	1242.543
82.125	166.5	1237.38585
82.125	169.5	1250.08395
82.125	172.5	1222.21705
82.125	175.5	1119.63135
82.125	178.5	1262.48365
82.125	181.5	1264.2197
82.125	184.5	1129.4092
82.125	187.5	1112.0964
82.125	190.5	1206.78585
82.125	193.5	1100.45345
82.125	196.5	1139.4918
82.125	199.5	1265.2588
82.125	202.5	1167.0071
82.125	205.5	1048.01335
82.125	208.5	1342.231
82.125	211.5	1195.38
82.125	214.5	1375.88055
82.125	217.5	1387.2046
82.125	220.5	1366.1412
82.125	223.5	1616.81055
82.125	226.5	1615.32375
82.125	229.5	1358.70275
82.125	232.5	1770.29745
82.125	235.5	1785.29385
82.125	238.5	1689.71815
82.125	241.5	1896.54585
82.125	244.5	1963.64875
82.125	247.5	1903.52605
82.125	250.5	1984.63825
82.125	253.5	2106.94025
82.125	256.5	2431.10865
82.125	259.5	2389.1622
82.125	262.5	2583.7734
82.125	265.5	2741.1357
82.125	268.5	2664.0576
82.125	271.5	2907.60765
82.125	274.5	2774.17525
82.125	277.5	2664.09905
82.125	280.5	2792.9058
82.125	283.5	3106.42615
82.125	286.5	3223.4292
82.125	289.5	2967.72245
82.125	292.5	3173.5945
82.125	295.5	3215.2063
82.125	298.5	3283.231
82.125	301.5	3264.1758
82.125	304.5	3208.11285
82.125	307.5	3158.4461
82.125	310.5	3153.92535
82.125	313.5	3134.81695
82.125	316.5	3320.8035
82.125	319.5	3082.8281
82.125	322.5	2993.2248
82.125	325.5	2982.55365
82.125	328.5	2987.93525
82.125	331.5	2767.34315
82.125	334.5	2868.0063
82.125	337.5	2893.76085
82.125	340.5	2751.582
82.125	343.5	2807.14715
82.125	346.5	2563.57595
82.125	349.5	2472.93495
82.125	352.5	2396.11295
82.125	355.5	2588.2674
82.125	358.5	2541.70555
87.308	1.099	4025.5721
87.308	4.099	3997.981
87.308	7.099	4100.9762
87.308	10.099	4236.2969
87.308	13.099	4113.5429
87.308	16.099	4209.6827
87.308	19.099	4328.2359
87.308	22.099	4440.7844
87.308	25.099	4449.434
87.308	28.099	4478.8376
87.308	31.099	4249.8409
87.308	34.099	4351.6967
87.308	37.099	4331.6341
87.308	40.099	4416.8117
87.308	43.099	4452.2763
87.308	46.099	4381.2966
87.308	49.099	4423.594
87.308	52.099	4493.7775
87.308	55.099	4470.2713
87.308	58.099	4446.0962
87.308	61.099	4725.2864
87.308	64.099	4536.8053
87.308	67.099	4356.1805
87.308	70.099	4666.7261
87.308	73.099	4558.0032
87.308	76.099	4565.8252
87.308	79.099	4359.8019
87.308	82.099	4225.3147
87.308	85.099	4325.4954
87.308	88.099	4037.1779
87.308	91.099	4109.6345
87.308	94.099	3876.8975
87.308	97.099	3684.9781
87.308	100.099	3818.8569
87.308	103.099	3674.7082
87.308	106.099	3461.9096
87.308	109.099	3840.7754
87.308	112.099	3564.7746
87.308	115.099	3448.342
87.308	118.099	3321.1796
87.308	121.099	2914.9482
87.308	124.099	2979.3148
87.308	127.099	2755.0459
87.308	130.099	2810.4712
87.308	133.099	2851.6699
87.308	136.099	2707.5904
87.308	139.099	2567.2254
87.308	142.099	2642.2814
87.308	145.099	2355.9447
87.308	148.099	2331.5454
87.308	151.099	2145.8164
87.308	154.099	2128.8888
87.308	157.099	2097.6861
87.308	160.099	2283.0585
87.308	163.099	2198.999
87.308	166.099	2033.6925
87.308	169.099	2418.9809
87.308	172.099	2069.3013
87.308	175.099	1932.8872
87.308	178.099	2115.4051
87.308	181.099	2373.8482
87.308	184.099	2312.9399
87.308	187.099	1980.377
87.308	190.099	2028.7647
87.308	193.099	2049.6976
87.308	196.099	2196.3352
87.308	199.099	1988.5901
87.308	202.099	2031.6265
87.308	205.099	2237.2459
87.308	208.099	2197.251
87.308	211.099	2258.6237
87.308	214.099	2194.3992
87.308	217.099	2006.2119
87.308	220.099	2402.1221
87.308	223.099	2208.9568
87.308	226.099	2284.6553
87.308	229.099	2422.7441
87.308	232.099	2467.0984
87.308	235.099	2346.8837
87.308	238.099	2401.4846
87.308	241.099	2674.536
87.308	244.099	2496.7791
87.308	247.099	2970.7992
87.308	250.099	2697.9382
87.308	253.099	3103.1213
87.308	256.099	3013.6501
87.308	259.099	2861.6482
87.308	262.099	3052.7393
87.308	265.099	3273.5602
87.308	268.099	3110.5746
87.308	271.099	3113.0677
87.308	274.099	3208.0687
87.308	277.099	3261.3366
87.308	280.099	3266.1903
87.308	283.099	3290.0265
87.308	286.099	3357.1937
87.308	289.099	3605.5114
87.308	292.099	3418.4585
87.308	295.099	3576.541
87.308	298.099	3659.3515
87.308	301.099	3618.708
87.308	304.099	3366.2771
87.308	307.099	3611.9292
87.308	310.099	3347.5514
87.308	313.099	3242.2178
87.308	316.099	3557.079
87.308	319.099	3580.3363
87.308	322.099	3578.052
87.308	325.099	3651.1259
87.308	328.099	3590.8515
87.308	331.099	3268.1948
87.308	334.099	3689.3053
87.308	337.099	3352.9263
87.308	340.099	3352.7531
87.308	343.099	3861.8339
87.308	346.099	3662.5283
87.308	349.099	3759.2839
87.308	352.099	3930.381
87.308	355.099	3946.0982
87.308	358.099	4087.533
88.35	3	5144.1253
88.35	6	5049.6302
88.35	9	5364.2729
88.35	12	5302.8554
88.35	15	5331.5828
88.35	18	5081.2698
88.35	21	5056.5519
88.35	24	5062.3533
88.35	27	4891.8537
88.35	30	5201.6249
88.35	33	4968.665
88.35	36	4896.6868
88.35	39	5072.1982
88.35	42	5114.7733
88.35	45	5007.5555
88.35	48	5038.4228
88.35	51	4890.8409
88.35	54	4692.7461
88.35	57	4521.5976
88.35	60	4482.6309
88.35	63	4719.1127
88.35	66	4377.7847
88.35	69	4306.9584
88.35	72	4053.0977
88.35	75	3970.9861
88.35	78	4017.8535
88.35	81	3788.149
88.35	84	3743.8726
88.35	87	3612.2636
88.35	90	3731.5996
88.35	93	3650.7439
88.35	96	3548.3929
88.35	99	3617.1589
88.35	102	3657.238
88.35	105	3502.0609
88.35	108	3589.5754
88.35	111	3685.5018
88.35	114	3625.5242
88.35	117	3570.0725
88.35	120	3658.5
88.35	123	3717.4132
88.35	126	3552.4426
88.35	129	3664.2228
88.35	132	3489.6905
88.35	135	3540.3108
88.35	138	3567.7642
88.35	141	3360.1445
88.35	144	3551.898
88.35	147	3482.0613
88.35	150	3531.0001
88.35	153	3625.4609
88.35	156	3447.3426
88.35	159	3651.4322
88.35	162	3268.4722
88.35	165	3309.1562
88.35	168	3452.178
88.35	171	3451.338
88.35	174	3443.2268
88.35	177	3392.0842
88.35	180	3201.3341
88.35	183	3118.9354
88.35	186	3048.5223
88.35	189	3224.0804
88.35	192	3206.2833
88.35	195	3565.1314
88.35	198	3356.8385
88.35	201	3240.8168
88.35	204	3347.3368
88.35	207	3244.5838
88.35	210	3344.2015
88.35	213	3327.22
88.35	216	3417.0883
88.35	219	3534.0104
88.35	222	2989.0347
88.35	225	3528.2444
88.35	228	3559.7555
88.35	231	3322.0581
88.35	234	3319.7864
88.35	237	3422.7909
88.35	240	3483.6779
88.35	243	3410.4719
88.35	246	3469.5935
88.35	249	3433.6927
88.35	252	3547.9545
88.35	255	3398.1843
88.35	258	3297.0645
88.35	261	3493.231
88.35	264	3583.7814
88.35	267	3361.6155
88.35	270	3502.2829
88.35	273	3668.2452
88.35	276	3797.1719
88.35	279	3561.6053
88.35	282	3780.4652
88.35	285	3524.0027
88.35	288	3673.8688
88.35	291	3875.941
88.35	294	3992.585
88.35	297	4081.364
88.35	300	4288.824
88.35	303	4118.0972
88.35	306	4463.6562
88.35	309	4255.9436
88.35	312	4722.1228
88.35	315	4619.164
88.35	318	4631.8325
88.35	321	4521.2298
88.35	324	4720.7616
88.35	327	4820.0071
88.35	330	4841.717
88.35	333	5038.9788
88.35	336	4878.4868
88.35	339	5143.0134
88.35	342	5256.7359
88.35	345	5162.41
88.35	348	5264.321
88.35	351	5090.8111
88.35	354	5115.8612
88.35	357	5298.1391
88.35	360	5115.3871
