>BT8; Created QKowari;
>grid: 
>backgr: 
-4.0
0	1.6	1872.6517
0	4.6	1526.2875
0	7.6	2162.0816
0	10.6	1210.0327
0	13.6	1258.1726
0	16.6	1299.9989
0	19.6	1553.9227
0	22.6	1787.4782
0	25.6	1767.1531
0	28.6	1437.7094
0	31.6	1818.9848
0	34.6	2447.6012
0	37.6	3434.2984
0	40.6	3440.9509
0	43.6	3127.8777
0	46.6	3237.6248
0	49.6	3047.202
0	52.6	4165.9909
0	55.6	4360.1312
0	58.6	3735.333
0	61.6	4102.5142
0	64.6	4781.7323
0	67.6	4428.7455
0	70.6	4443.8063
0	73.6	4686.973
0	76.6	4726.0981
0	79.6	5095.798
0	82.6	4632.0311
0	85.6	4367.1282
0	88.6	4562.8876
0	91.6	4112.8581
0	94.6	4383.341
0	97.6	4130.1568
0	100.6	3997.2476
0	103.6	3888.406
0	106.6	3920.0522
0	109.6	4113.7071
0	112.6	4112.2893
0	115.6	4141.062
0	118.6	3663.8251
0	121.6	4048.0861
0	124.6	3824.1536
0	127.6	3993.5402
0	130.6	3648.8099
0	133.6	3191.9253
0	136.6	3403.0614
0	139.6	3254.8264
0	142.6	3076.6395
0	145.6	2848.077
0	148.6	2738.0361
0	151.6	2248.8094
0	154.6	1636.6831
0	157.6	2637.8039
0	160.6	1696.2054
0	163.6	1437.9936
0	166.6	1184.2971
0	169.6	1219.8751
0	172.6	1930.4982
0	175.6	1081.8878
0	178.6	1263.7305
0	181.6	2712.8457
0	184.6	1094.7513
0	187.6	1685.4794
0	190.6	1442.9679
0	193.6	1210.8396
0	196.6	1337.5144
0	199.6	1561.5903
0	202.6	1622.3456
0	205.6	1526.9013
0	208.6	2302.9515
0	211.6	1621.1351
0	214.6	2020.8496
0	217.6	2062.0341
0	220.6	2516.7874
0	223.6	3394.6273
0	226.6	2921.4622
0	229.6	3415.8676
0	232.6	3725.9165
0	235.6	3815.577
0	238.6	3983.1167
0	241.6	4195.3888
0	244.6	4616.862
0	247.6	4710.6816
0	250.6	4448.6763
0	253.6	4686.2701
0	256.6	5075.6484
0	259.6	4441.6956
0	262.6	4561.3121
0	265.6	4414.3566
0	268.6	4213.8788
0	271.6	3746.583
0	274.6	3772.9155
0	277.6	3619.7077
0	280.6	4125.0628
0	283.6	4129.4048
0	286.6	3853.4458
0	289.6	4162.2377
0	292.6	4263.6597
0	295.6	4255.5403
0	298.6	3625.4904
0	301.6	3791.2145
0	304.6	3614.0896
0	307.6	3623.5634
0	310.6	3950.2587
0	313.6	3525.8832
0	316.6	2853.7222
0	319.6	3300.6776
0	322.6	2873.2087
0	325.6	2932.7061
0	328.6	2250.0737
0	331.6	2344.1295
0	334.6	2424.7216
0	337.6	1860.9919
0	340.6	1786.718
0	343.6	1635.4406
0	346.6	1255.2521
0	349.6	1641.732
0	352.6	1422.2772
0	355.6	1698.4292
0	358.6	1388.4439
3.38	0.743	1274.8492
3.38	3.743	1371.1506
3.38	6.743	1198.134
3.38	9.743	1437.2472
3.38	12.743	1984.9421
3.38	15.743	1630.8577
3.38	18.743	1813.6523
3.38	21.743	1763.5188
3.38	24.743	1733.0353
3.38	27.743	2674.255
3.38	30.743	2308.361
3.38	33.743	1903.0922
3.38	36.743	2530.8633
3.38	39.743	2201.8236
3.38	42.743	2381.5597
3.38	45.743	3562.5056
3.38	48.743	2986.9498
3.38	51.743	3265.7908
3.38	54.743	3448.627
3.38	57.743	4012.7457
3.38	60.743	4022.9317
3.38	63.743	4414.0457
3.38	66.743	4150.9374
3.38	69.743	4428.3398
3.38	72.743	4515.115
3.38	75.743	4528.4234
3.38	78.743	4626.5985
3.38	81.743	4766.8154
3.38	84.743	4531.2443
3.38	87.743	4825.854
3.38	90.743	4490.8097
3.38	93.743	4343.7307
3.38	96.743	4086.7679
3.38	99.743	4070.3011
3.38	102.743	4199.4068
3.38	105.743	4100.6528
3.38	108.743	4199.4988
3.38	111.743	4198.2499
3.38	114.743	4055.1766
3.38	117.743	4243.3722
3.38	120.743	4123.1415
3.38	123.743	3727.5207
3.38	126.743	3574.613
3.38	129.743	3462.9374
3.38	132.743	3531.945
3.38	135.743	3148.3841
3.38	138.743	3378.3335
3.38	141.743	2753.2661
3.38	144.743	2827.0976
3.38	147.743	2867.095
3.38	150.743	2326.8847
3.38	153.743	1998.7981
3.38	156.743	2361.3776
3.38	159.743	2101.4472
3.38	162.743	2179.7938
3.38	165.743	2136.2654
3.38	168.743	1136.4572
3.38	171.743	1654.6696
3.38	174.743	1672.9058
3.38	177.743	1439.9344
3.38	180.743	2194.0977
3.38	183.743	1846.0496
3.38	186.743	2305.4858
3.38	189.743	1123.9418
3.38	192.743	1587.5881
3.38	195.743	2411.406
3.38	198.743	1916.2703
3.38	201.743	2774.597
3.38	204.743	2301.7172
3.38	207.743	1691.018
3.38	210.743	2604.0249
3.38	213.743	2333.7972
3.38	216.743	2340.1526
3.38	219.743	3082.6114
3.38	222.743	2479.641
3.38	225.743	2829.2995
3.38	228.743	3389.4934
3.38	231.743	3446.7302
3.38	234.743	3598.1119
3.38	237.743	3828.5302
3.38	240.743	4062.196
3.38	243.743	4239.051
3.38	246.743	5116.4198
3.38	249.743	4796.0647
3.38	252.743	4781.8118
3.38	255.743	4616.1902
3.38	258.743	5068.4559
3.38	261.743	4911.1866
3.38	264.743	4444.4417
3.38	267.743	4206.1056
3.38	270.743	4084.5706
3.38	273.743	4206.3979
3.38	276.743	3859.3048
3.38	279.743	4386.8868
3.38	282.743	3987.4784
3.38	285.743	3930.9831
3.38	288.743	4106.2558
3.38	291.743	3965.1721
3.38	294.743	4070.399
3.38	297.743	3910.7048
3.38	300.743	3712.2517
3.38	303.743	3677.924
3.38	306.743	3435.7996
3.38	309.743	3314.506
3.38	312.743	3233.5513
3.38	315.743	2826.3279
3.38	318.743	2718.8045
3.38	321.743	2865.0356
3.38	324.743	2494.798
3.38	327.743	2049.0131
3.38	330.743	2233.9226
3.38	333.743	2365.4987
3.38	336.743	1837.407
3.38	339.743	1585.7728
3.38	342.743	1483.025
3.38	345.743	2531.4509
3.38	348.743	1290.9715
3.38	351.743	1802.4082
3.38	354.743	1340.0308
3.38	357.743	1327.3128
6.615	1.752	849.38185
6.615	4.752	848.97275
6.615	7.752	829.52305
6.615	10.752	819.6224
6.615	13.752	871.1861
6.615	16.752	970.2266
6.615	19.752	1020.44505
6.615	22.752	1161.2478
6.615	25.752	1260.5218
6.615	28.752	1727.5654
6.615	31.752	1353.0022
6.615	34.752	1759.8985
6.615	37.752	1587.0818
6.615	40.752	1662.64605
6.615	43.752	1920.1063
6.615	46.752	2061.10255
6.615	49.752	1888.22875
6.615	52.752	2044.8
6.615	55.752	2183.97815
6.615	58.752	2224.20305
6.615	61.752	2300.18975
6.615	64.752	2323.71465
6.615	67.752	2397.8376
6.615	70.752	2358.66515
6.615	73.752	2440.12295
6.615	76.752	2159.56705
6.615	79.752	2355.6366
6.615	82.752	2222.28475
6.615	85.752	2273.31365
6.615	88.752	2414.21555
6.615	91.752	2257.22325
6.615	94.752	1984.08665
6.615	97.752	2147.50355
6.615	100.752	2182.3806
6.615	103.752	2184.1127
6.615	106.752	2247.44425
6.615	109.752	2217.40685
6.615	112.752	2173.82795
6.615	115.752	2362.2744
6.615	118.752	2163.1104
6.615	121.752	2256.18775
6.615	124.752	2070.379
6.615	127.752	2332.73985
6.615	130.752	2143.3093
6.615	133.752	2187.9969
6.615	136.752	2067.23875
6.615	139.752	1634.47175
6.615	142.752	1779.5434
6.615	145.752	1634.1225
6.615	148.752	2045.0772
6.615	151.752	1544.088
6.615	154.752	1468.1516
6.615	157.752	1478.91545
6.615	160.752	1300.78885
6.615	163.752	1274.2969
6.615	166.752	1052.8535
6.615	169.752	1156.59605
6.615	172.752	977.32515
6.615	175.752	966.94365
6.615	178.752	885.0817
6.615	181.752	1021.9925
6.615	184.752	979.02525
6.615	187.752	931.225
6.615	190.752	813.27245
6.615	193.752	1003.0523
6.615	196.752	952.71755
6.615	199.752	1005.8807
6.615	202.752	1104.53675
6.615	205.752	1136.79665
6.615	208.752	1424.8095
6.615	211.752	1489.66575
6.615	214.752	1482.8104
6.615	217.752	1684.5916
6.615	220.752	1722.94105
6.615	223.752	1973.85005
6.615	226.752	2085.45255
6.615	229.752	2034.3456
6.615	232.752	2293.19645
6.615	235.752	2200.0954
6.615	238.752	2638.798
6.615	241.752	2269.19485
6.615	244.752	2278.24645
6.615	247.752	2490.01665
6.615	250.752	2533.5986
6.615	253.752	2273.78775
6.615	256.752	2485.53925
6.615	259.752	2255.2381
6.615	262.752	2471.9189
6.615	265.752	2255.9111
6.615	268.752	2222.8099
6.615	271.752	2269.3516
6.615	274.752	2404.58555
6.615	277.752	2216.90655
6.615	280.752	2399.03655
6.615	283.752	2307.1149
6.615	286.752	2112.10415
6.615	289.752	2343.1442
6.615	292.752	2276.4868
6.615	295.752	2290.01905
6.615	298.752	2283.47065
6.615	301.752	2297.4182
6.615	304.752	2013.62395
6.615	307.752	2161.6696
6.615	310.752	1927.9226
6.615	313.752	1971.61775
6.615	316.752	1933.61305
6.615	319.752	1884.02695
6.615	322.752	1735.0371
6.615	325.752	1855.9402
6.615	328.752	1622.14175
6.615	331.752	1354.70175
6.615	334.752	1281.52645
6.615	337.752	1424.314
6.615	340.752	1261.62705
6.615	343.752	1190.17875
6.615	346.752	986.1537
6.615	349.752	918.97955
6.615	352.752	1009.3325
6.615	355.752	929.48475
6.615	358.752	862.81125
9.996	0.625	729.4029
9.996	3.625	889.4167
9.996	6.625	1068.5778
9.996	9.625	748.4998
9.996	12.625	1049.1674
9.996	15.625	964.3086
9.996	18.625	919.1853
9.996	21.625	1197.1955
9.996	24.625	1120.9034
9.996	27.625	1182.4012
9.996	30.625	1428.357
9.996	33.625	1579.5679
9.996	36.625	1789.6313
9.996	39.625	1858.0497
9.996	42.625	1870.4188
9.996	45.625	1810.0499
9.996	48.625	2164.3494
9.996	51.625	2381.6169
9.996	54.625	2212.1854
9.996	57.625	2454.4853
9.996	60.625	2497.3306
9.996	63.625	2570.2885
9.996	66.625	2803.5196
9.996	69.625	2470.6495
9.996	72.625	2402.2423
9.996	75.625	2768.3809
9.996	78.625	2680.7033
9.996	81.625	2704.4174
9.996	84.625	2365.1134
9.996	87.625	2265.9057
9.996	90.625	2414.6505
9.996	93.625	2510.4588
9.996	96.625	2522.2319
9.996	99.625	2623.9183
9.996	102.625	2231.3099
9.996	105.625	2298.9481
9.996	108.625	2450.0575
9.996	111.625	2910.9065
9.996	114.625	2516.884
9.996	117.625	2704.4499
9.996	120.625	2548.3049
9.996	123.625	2395.5993
9.996	126.625	2006.3397
9.996	129.625	2453.5939
9.996	132.625	2207.7875
9.996	135.625	2297.1746
9.996	138.625	2564.144
9.996	141.625	1935.0308
9.996	144.625	1723.2086
9.996	147.625	1570.4378
9.996	150.625	1232.3833
9.996	153.625	1613.5904
9.996	156.625	1145.7212
9.996	159.625	1530.2539
9.996	162.625	1270.767
9.996	165.625	1056.1486
9.996	168.625	1047.0147
9.996	171.625	874.0139
9.996	174.625	973.3845
9.996	177.625	844.247
9.996	180.625	782.7356
9.996	183.625	936.4146
9.996	186.625	1046.4328
9.996	189.625	878.1696
9.996	192.625	924.0073
9.996	195.625	942.5806
9.996	198.625	1480.6973
9.996	201.625	1155.3908
9.996	204.625	1003.1265
9.996	207.625	1323.2952
9.996	210.625	1648.8317
9.996	213.625	1677.3917
9.996	216.625	1586.4793
9.996	219.625	1483.3442
9.996	222.625	1953.6449
9.996	225.625	2176.4497
9.996	228.625	1677.8942
9.996	231.625	2025.2597
9.996	234.625	2091.5651
9.996	237.625	2465.6134
9.996	240.625	2029.8647
9.996	243.625	2185.5868
9.996	246.625	2443.7468
9.996	249.625	2440.7016
9.996	252.625	2550.392
9.996	255.625	2426.8002
9.996	258.625	2543.4435
9.996	261.625	2744.3005
9.996	264.625	2527.5386
9.996	267.625	2596.7155
9.996	270.625	2483.6547
9.996	273.625	2239.8791
9.996	276.625	2288.6928
9.996	279.625	2516.5238
9.996	282.625	2561.3346
9.996	285.625	2814.3874
9.996	288.625	2819.8819
9.996	291.625	2751.4305
9.996	294.625	2453.7385
9.996	297.625	2379.2803
9.996	300.625	2687.0918
9.996	303.625	2412.8967
9.996	306.625	2692.6444
9.996	309.625	2430.3831
9.996	312.625	2380.9456
9.996	315.625	2299.4659
9.996	318.625	2316.2268
9.996	321.625	2011.3945
9.996	324.625	1854.3757
9.996	327.625	1786.7981
9.996	330.625	1914.6594
9.996	333.625	1720.0545
9.996	336.625	1398.2832
9.996	339.625	1400.0702
9.996	342.625	1407.2309
9.996	345.625	1268.2849
9.996	348.625	853.9903
9.996	351.625	948.7757
9.996	354.625	1337.2619
9.996	357.625	968.0786
13.376	2.789	1033.8839
13.376	5.789	1283.7077
13.376	8.789	1027.477
13.376	11.789	1345.9177
13.376	14.789	1128.6216
13.376	17.789	1178.0814
13.376	20.789	1280.3364
13.376	23.789	1235.4555
13.376	26.789	1565.3875
13.376	29.789	1739.523
13.376	32.789	1929.3863
13.376	35.789	1935.5937
13.376	38.789	2310.1586
13.376	41.789	2443.1053
13.376	44.789	2302.9487
13.376	47.789	2777.8074
13.376	50.789	2829.896
13.376	53.789	2729.5532
13.376	56.789	2706.2179
13.376	59.789	2898.6867
13.376	62.789	3085.3744
13.376	65.789	2692.0767
13.376	68.789	2764.8564
13.376	71.789	2811.1624
13.376	74.789	2888.7843
13.376	77.789	3041.2246
13.376	80.789	2680.9491
13.376	83.789	2602.379
13.376	86.789	2236.3321
13.376	89.789	2746.1752
13.376	92.789	2965.5431
13.376	95.789	2880.1671
13.376	98.789	2371.0023
13.376	101.789	2393.1814
13.376	104.789	2718.8364
13.376	107.789	2661.8071
13.376	110.789	2454.778
13.376	113.789	2728.9707
13.376	116.789	2913.7349
13.376	119.789	2962.3783
13.376	122.789	2736.5688
13.376	125.789	2208.0848
13.376	128.789	2445.343
13.376	131.789	2352.8227
13.376	134.789	2267.9295
13.376	137.789	1859.3033
13.376	140.789	1679.2865
13.376	143.789	2288.3123
13.376	146.789	1736.0577
13.376	149.789	1682.1368
13.376	152.789	1508.5213
13.376	155.789	1446.0387
13.376	158.789	1502.7306
13.376	161.789	1400.6069
13.376	164.789	1133.584
13.376	167.789	1274.6499
13.376	170.789	967.3763
13.376	173.789	1009.5863
13.376	176.789	716.8845
13.376	179.789	870.7715
13.376	182.789	851.091
13.376	185.789	935.1428
13.376	188.789	976.1982
13.376	191.789	837.5072
13.376	194.789	924.1533
13.376	197.789	1030.1987
13.376	200.789	875.1749
13.376	203.789	1270.8828
13.376	206.789	1119.2385
13.376	209.789	1387.4785
13.376	212.789	1430.9334
13.376	215.789	1499.5845
13.376	218.789	1840.7578
13.376	221.789	1770.8
13.376	224.789	1774.1761
13.376	227.789	1827.8267
13.376	230.789	2344.9234
13.376	233.789	2003.5759
13.376	236.789	2353.6343
13.376	239.789	2639.5494
13.376	242.789	2374.5428
13.376	245.789	2516.4242
13.376	248.789	2953.2599
13.376	251.789	2882.6633
13.376	254.789	2865.2702
13.376	257.789	2780.4712
13.376	260.789	2460.3822
13.376	263.789	2589.6731
13.376	266.789	2697.7389
13.376	269.789	2589.3061
13.376	272.789	2916.2102
13.376	275.789	2583.0462
13.376	278.789	2548.6358
13.376	281.789	2671.7179
13.376	284.789	2551.4626
13.376	287.789	2673.0434
13.376	290.789	2531.7487
13.376	293.789	3030.9359
13.376	296.789	3120.8048
13.376	299.789	2633.3375
13.376	302.789	2925.6609
13.376	305.789	2828.4152
13.376	308.789	2758.2536
13.376	311.789	2806.8574
13.376	314.789	2749.0651
13.376	317.789	2608.8285
13.376	320.789	2424.3737
13.376	323.789	2312.5557
13.376	326.789	2116.1739
13.376	329.789	2346.6449
13.376	332.789	1921.0026
13.376	335.789	1897.5943
13.376	338.789	1707.3537
13.376	341.789	1543.83
13.376	344.789	1354.9211
13.376	347.789	1265.6079
13.376	350.789	1157.261
13.376	353.789	1259.5354
13.376	356.789	1328.9496
13.376	359.789	1194.8352
16.61	0.816	7405.3051
16.61	3.816	8217.9692
16.61	6.816	8799.0567
16.61	9.816	6646.4016
16.61	12.816	7723.2669
16.61	15.816	7004.2643
16.61	18.816	6817.1345
16.61	21.816	6854.7427
16.61	24.816	7673.8127
16.61	27.816	7600.5214
16.61	30.816	7186.2578
16.61	33.816	7340.5178
16.61	36.816	7232.2159
16.61	39.816	7059.4351
16.61	42.816	7484.3069
16.61	45.816	7199.1401
16.61	48.816	7372.3518
16.61	51.816	6705.6669
16.61	54.816	6684.6951
16.61	57.816	7052.6049
16.61	60.816	5913.5022
16.61	63.816	5360.6433
16.61	66.816	4967.4718
16.61	69.816	4837.9831
16.61	72.816	4520.0472
16.61	75.816	4383.4494
16.61	78.816	4116.8065
16.61	81.816	3834.012
16.61	84.816	3843.2731
16.61	87.816	3624.3912
16.61	90.816	3634.5936
16.61	93.816	3903.4944
16.61	96.816	3828.8271
16.61	99.816	4036.4824
16.61	102.816	4175.819
16.61	105.816	3909.0413
16.61	108.816	3875.0044
16.61	111.816	3903.2382
16.61	114.816	3926.1075
16.61	117.816	3885.8972
16.61	120.816	4079.1344
16.61	123.816	4371.5872
16.61	126.816	4590.2885
16.61	129.816	4365.0644
16.61	132.816	4212.483
16.61	135.816	4340.6895
16.61	138.816	3993.2747
16.61	141.816	3963.9787
16.61	144.816	3583.9167
16.61	147.816	3351.5244
16.61	150.816	3386.9734
16.61	153.816	3034.1956
16.61	156.816	2916.6347
16.61	159.816	2422.1577
16.61	162.816	2691.3281
16.61	165.816	2129.3676
16.61	168.816	1952.9315
16.61	171.816	1711.4891
16.61	174.816	1898.2293
16.61	177.816	1619.2816
16.61	180.816	1641.5815
16.61	183.816	1564.5297
16.61	186.816	1666.9419
16.61	189.816	1527.679
16.61	192.816	1369.5346
16.61	195.816	1770.9634
16.61	198.816	2050.3103
16.61	201.816	1759.3828
16.61	204.816	2389.0515
16.61	207.816	2032.6714
16.61	210.816	2366.6006
16.61	213.816	2360.6596
16.61	216.816	2736.7581
16.61	219.816	2895.3394
16.61	222.816	3602.2663
16.61	225.816	3592.286
16.61	228.816	3417.6049
16.61	231.816	3972.4963
16.61	234.816	3935.052
16.61	237.816	4014.5715
16.61	240.816	4394.9843
16.61	243.816	4485.4995
16.61	246.816	3932.3474
16.61	249.816	4044.0442
16.61	252.816	3837.4329
16.61	255.816	4196.9585
16.61	258.816	4363.5494
16.61	261.816	4238.163
16.61	264.816	4246.5766
16.61	267.816	4357.6984
16.61	270.816	3975.5084
16.61	273.816	4134.7447
16.61	276.816	4286.4715
16.61	279.816	3989.9107
16.61	282.816	4061.573
16.61	285.816	4004.6609
16.61	288.816	4259.4587
16.61	291.816	4503.1017
16.61	294.816	4670.9491
16.61	297.816	5190.432
16.61	300.816	5259.6851
16.61	303.816	5247.4745
16.61	306.816	5833.1229
16.61	309.816	6241.4492
16.61	312.816	6583.9558
16.61	315.816	6330.6337
16.61	318.816	7098.4468
16.61	321.816	7239.0383
16.61	324.816	7279.8849
16.61	327.816	7275.5263
16.61	330.816	7260.003
16.61	333.816	7371.368
16.61	336.816	8318.8535
16.61	339.816	7622.8405
16.61	342.816	7371.4169
16.61	345.816	7065.4107
16.61	348.816	7042.0475
16.61	351.816	7814.3301
16.61	354.816	7549.158
16.61	357.816	7144.2074
19.992	2.703	14688.141
19.992	5.703	15002.6234
19.992	8.703	14545.692
19.992	11.703	14044.4523
19.992	14.703	13695.833
19.992	17.703	13743.7076
19.992	20.703	13303.3233
19.992	23.703	12834.1871
19.992	26.703	12944.9584
19.992	29.703	12102.6661
19.992	32.703	12421.7869
19.992	35.703	11766.8705
19.992	38.703	11557.1979
19.992	41.703	10976.2622
19.992	44.703	10368.428
19.992	47.703	9924.8767
19.992	50.703	9242.0704
19.992	53.703	9052.7263
19.992	56.703	8077.0536
19.992	59.703	8119.8684
19.992	62.703	7424.689
19.992	65.703	6503.0428
19.992	68.703	6101.7532
19.992	71.703	6004.0306
19.992	74.703	5397.0635
19.992	77.703	4966.8039
19.992	80.703	5034.1595
19.992	83.703	4765.2443
19.992	86.703	5118.6191
19.992	89.703	4732.1086
19.992	92.703	4713.9487
19.992	95.703	4318.2355
19.992	98.703	4484.4589
19.992	101.703	4675.1249
19.992	104.703	5266.3418
19.992	107.703	5016.9495
19.992	110.703	4887.9972
19.992	113.703	5083.7077
19.992	116.703	5440.255
19.992	119.703	5525.9736
19.992	122.703	5868.1281
19.992	125.703	5759.7878
19.992	128.703	5956.0991
19.992	131.703	5950.9521
19.992	134.703	5686.4358
19.992	137.703	5891.9448
19.992	140.703	5696.2879
19.992	143.703	4885.3591
19.992	146.703	5215.6466
19.992	149.703	5298.4954
19.992	152.703	4824.3556
19.992	155.703	4283.2908
19.992	158.703	4351.0757
19.992	161.703	3867.6994
19.992	164.703	3499.9631
19.992	167.703	3510.6389
19.992	170.703	3353.4068
19.992	173.703	3346.8149
19.992	176.703	2885.2265
19.992	179.703	3096.9751
19.992	182.703	2742.1008
19.992	185.703	3078.7038
19.992	188.703	2792.1027
19.992	191.703	2900.6775
19.992	194.703	2696.3652
19.992	197.703	2874.1691
19.992	200.703	3111.3657
19.992	203.703	3120.4737
19.992	206.703	3662.4312
19.992	209.703	3702.5804
19.992	212.703	3821.5939
19.992	215.703	4482.1299
19.992	218.703	4146.1396
19.992	221.703	5031.0991
19.992	224.703	5015.0404
19.992	227.703	5506.9041
19.992	230.703	5525.4323
19.992	233.703	5595.8797
19.992	236.703	5861.5838
19.992	239.703	5935.7943
19.992	242.703	5694.4599
19.992	245.703	5711.198
19.992	248.703	5523.8619
19.992	251.703	5607.7921
19.992	254.703	5390.414
19.992	257.703	5512.3079
19.992	260.703	5506.1006
19.992	263.703	5145.0835
19.992	266.703	4894.7979
19.992	269.703	4735.252
19.992	272.703	5217.8127
19.992	275.703	5054.5827
19.992	278.703	5071.7949
19.992	281.703	5212.344
19.992	284.703	5574.3945
19.992	287.703	5716.4437
19.992	290.703	5345.4926
19.992	293.703	6062.4264
19.992	296.703	6439.692
19.992	299.703	6435.1359
19.992	302.703	7471.4505
19.992	305.703	7254.6049
19.992	308.703	7837.273
19.992	311.703	8573.1437
19.992	314.703	8962.0341
19.992	317.703	9689.7661
19.992	320.703	10088.1488
19.992	323.703	10772.7123
19.992	326.703	11515.5366
19.992	329.703	11989.1026
19.992	332.703	12354.4725
19.992	335.703	12858.5331
19.992	338.703	13498.8131
19.992	341.703	13047.1391
19.992	344.703	13640.6043
19.992	347.703	14131.0057
19.992	350.703	14303.0705
19.992	353.703	14849.192
19.992	356.703	14727.7438
19.992	359.703	14549.6118
23.37	1.896	26466.4306
23.37	4.896	26277.5089
23.37	7.896	25745.7033
23.37	10.896	24702.3222
23.37	13.896	24857.7376
23.37	16.896	24288.4035
23.37	19.896	22752.1478
23.37	22.896	22255.7961
23.37	25.896	21039.9947
23.37	28.896	20092.7097
23.37	31.896	19586.2647
23.37	34.896	18305.4497
23.37	37.896	17171.9296
23.37	40.896	16504.1952
23.37	43.896	15547.7725
23.37	46.896	14123.8068
23.37	49.896	13085.8381
23.37	52.896	12041.5841
23.37	55.896	10992.5133
23.37	58.896	10191.3019
23.37	61.896	8847.7429
23.37	64.896	8347.2464
23.37	67.896	7759.3015
23.37	70.896	7326.4201
23.37	73.896	6790.8601
23.37	76.896	6302.1321
23.37	79.896	5808.2903
23.37	82.896	6003.7621
23.37	85.896	5621.5459
23.37	88.896	5698.7967
23.37	91.896	5607.7356
23.37	94.896	5484.465
23.37	97.896	5340.9969
23.37	100.896	5578.5121
23.37	103.896	5385.6559
23.37	106.896	5971.6084
23.37	109.896	6216.3614
23.37	112.896	6218.4606
23.37	115.896	6790.128
23.37	118.896	7154.0569
23.37	121.896	7025.0607
23.37	124.896	7180.8382
23.37	127.896	7652.5513
23.37	130.896	8085.9032
23.37	133.896	8441.3437
23.37	136.896	8906.3822
23.37	139.896	8737.8343
23.37	142.896	8470.299
23.37	145.896	8694.4643
23.37	148.896	8257.634
23.37	151.896	7664.949
23.37	154.896	7416.2759
23.37	157.896	7107.8843
23.37	160.896	6961.1186
23.37	163.896	7005.2009
23.37	166.896	6393.8778
23.37	169.896	6110.1476
23.37	172.896	5791.8227
23.37	175.896	6165.6306
23.37	178.896	5317.3757
23.37	181.896	5525.1718
23.37	184.896	5708.912
23.37	187.896	5084.6395
23.37	190.896	5368.7333
23.37	193.896	5502.2585
23.37	196.896	5149.3403
23.37	199.896	5331.7887
23.37	202.896	5779.2958
23.37	205.896	5832.6548
23.37	208.896	6276.5324
23.37	211.896	6257.9989
23.37	214.896	6841.501
23.37	217.896	6531.1864
23.37	220.896	7074.6787
23.37	223.896	7861.476
23.37	226.896	7776.7588
23.37	229.896	7741.3827
23.37	232.896	7562.0949
23.37	235.896	8291.3707
23.37	238.896	8266.1622
23.37	241.896	7621.1917
23.37	244.896	7554.2705
23.37	247.896	7476.6898
23.37	250.896	7512.9321
23.37	253.896	7156.4325
23.37	256.896	7039.242
23.37	259.896	6564.0796
23.37	262.896	6193.6684
23.37	265.896	6152.4637
23.37	268.896	6026.6009
23.37	271.896	6001.5855
23.37	274.896	5721.0659
23.37	277.896	6104.4622
23.37	280.896	6403.5701
23.37	283.896	6470.3815
23.37	286.896	6932.9738
23.37	289.896	6935.4972
23.37	292.896	6982.9412
23.37	295.896	7918.5327
23.37	298.896	8335.7357
23.37	301.896	8735.4246
23.37	304.896	8913.0382
23.37	307.896	10534.2245
23.37	310.896	10998.6756
23.37	313.896	12118.1911
23.37	316.896	13830.2529
23.37	319.896	13736.565
23.37	322.896	15813.4978
23.37	325.896	16138.4686
23.37	328.896	17933.0667
23.37	331.896	19117.832
23.37	334.896	19813.9131
23.37	337.896	21005.4694
23.37	340.896	22494.2357
23.37	343.896	23212.9425
23.37	346.896	24133.7812
23.37	349.896	24673.4905
23.37	352.896	26223.3463
23.37	355.896	25890.8352
23.37	358.896	26549.4839
26.605	2.947	63722.563
26.605	5.947	63398.199
26.605	8.947	62613.7058
26.605	11.947	61684.9266
26.605	14.947	59890.8105
26.605	17.947	57873.4512
26.605	20.947	54555.2741
26.605	23.947	52393.2187
26.605	26.947	49718.1846
26.605	29.947	46179.3428
26.605	32.947	42659.8396
26.605	35.947	39171.6175
26.605	38.947	35397.5778
26.605	41.947	32332.385
26.605	44.947	28823.0047
26.605	47.947	26181.9193
26.605	50.947	23666.5529
26.605	53.947	20825.7946
26.605	56.947	18882.8789
26.605	59.947	16794.5077
26.605	62.947	14898.8739
26.605	65.947	13752.6457
26.605	68.947	12838.3873
26.605	71.947	11549.4763
26.605	74.947	10159.1344
26.605	77.947	10216.6897
26.605	80.947	9621.7025
26.605	83.947	9765.989
26.605	86.947	9157.9155
26.605	89.947	8779.5896
26.605	92.947	9024.7137
26.605	95.947	9107.7389
26.605	98.947	8689.9919
26.605	101.947	9133.3799
26.605	104.947	9419.3714
26.605	107.947	9822.2197
26.605	110.947	10347.1649
26.605	113.947	10663.3324
26.605	116.947	11541.5109
26.605	119.947	12802.6885
26.605	122.947	14054.9388
26.605	125.947	15317.5246
26.605	128.947	17186.9649
26.605	131.947	18691.0105
26.605	134.947	20291.9683
26.605	137.947	22879.3532
26.605	140.947	24587.7844
26.605	143.947	26676.9867
26.605	146.947	28022.6139
26.605	149.947	30968.5576
26.605	152.947	32303.2684
26.605	155.947	34376.2035
26.605	158.947	36214.2708
26.605	161.947	37396.6118
26.605	164.947	38742.4341
26.605	167.947	39780.014
26.605	170.947	40388.1234
26.605	173.947	41497.3769
26.605	176.947	41360.5447
26.605	179.947	41869.1861
26.605	182.947	41533.1153
26.605	185.947	41770.1672
26.605	188.947	40985.3407
26.605	191.947	40730.0509
26.605	194.947	39659.9122
26.605	197.947	39201.9376
26.605	200.947	38657.9574
26.605	203.947	37123.7261
26.605	206.947	35809.4978
26.605	209.947	34877.1291
26.605	212.947	33276.3798
26.605	215.947	31347.3701
26.605	218.947	29680.5887
26.605	221.947	28091.1715
26.605	224.947	26351.0648
26.605	227.947	24584.7725
26.605	230.947	22504.097
26.605	233.947	21018.6906
26.605	236.947	19120.6961
26.605	239.947	17266.5496
26.605	242.947	15822.0339
26.605	245.947	14264.4589
26.605	248.947	12908.4169
26.605	251.947	12116.7861
26.605	254.947	11466.0743
26.605	257.947	10621.5122
26.605	260.947	10471.2342
26.605	263.947	9277.3348
26.605	266.947	9330.732
26.605	269.947	8936.5917
26.605	272.947	9030.9605
26.605	275.947	8793.9136
26.605	278.947	9189.5609
26.605	281.947	9081.5758
26.605	284.947	9094.4277
26.605	287.947	10053.7324
26.605	290.947	10032.6645
26.605	293.947	10351.0296
26.605	296.947	11718.648
26.605	299.947	12515.3982
26.605	302.947	13577.2648
26.605	305.947	15094.2797
26.605	308.947	16775.7948
26.605	311.947	19207.2216
26.605	314.947	21144.0208
26.605	317.947	23544.1471
26.605	320.947	26568.4492
26.605	323.947	29822.5047
26.605	326.947	32420.8262
26.605	329.947	35878.954
26.605	332.947	40141.3692
26.605	335.947	42918.8422
26.605	338.947	47108.3154
26.605	341.947	50438.9444
26.605	344.947	53987.0328
26.605	347.947	57423.5351
26.605	350.947	60140.1763
26.605	353.947	62354.3078
26.605	356.947	62835.6809
26.605	359.947	63936.3257
29.987	1.847	57357.4658
29.987	4.847	57882.9943
29.987	7.847	56746.8656
29.987	10.847	56088.7273
29.987	13.847	55055.6364
29.987	16.847	53348.5966
29.987	19.847	51715.9591
29.987	22.847	48747.1389
29.987	25.847	46591.9253
29.987	28.847	43806.251
29.987	31.847	41049.3761
29.987	34.847	38096.5467
29.987	37.847	34808.0358
29.987	40.847	32329.0277
29.987	43.847	29569.9301
29.987	46.847	26926.1039
29.987	49.847	24302.9811
29.987	52.847	21762.0537
29.987	55.847	19661.4003
29.987	58.847	17831.4565
29.987	61.847	16209.7319
29.987	64.847	14458.4776
29.987	67.847	13335.2834
29.987	70.847	12055.4085
29.987	73.847	11470.6888
29.987	76.847	10578.9169
29.987	79.847	9974.6409
29.987	82.847	9800.1285
29.987	85.847	9295.8696
29.987	88.847	9448.8542
29.987	91.847	9139.908
29.987	94.847	9096.6336
29.987	97.847	9634.7268
29.987	100.847	9340.8338
29.987	103.847	9726.7604
29.987	106.847	9999.9662
29.987	109.847	10528.7114
29.987	112.847	11307.4532
29.987	115.847	12118.2657
29.987	118.847	13039.1091
29.987	121.847	14376.9564
29.987	124.847	16207.7494
29.987	127.847	17936.7223
29.987	130.847	20018.945
29.987	133.847	22247.5944
29.987	136.847	25138.6495
29.987	139.847	27610.2803
29.987	142.847	30494.3758
29.987	145.847	33215.0483
29.987	148.847	35680.701
29.987	151.847	39852.4959
29.987	154.847	42694.7606
29.987	157.847	44631.2216
29.987	160.847	47564.9354
29.987	163.847	49728.5386
29.987	166.847	52373.738
29.987	169.847	53766.521
29.987	172.847	54666.6377
29.987	175.847	55197.0234
29.987	178.847	55154.8388
29.987	181.847	55861.8088
29.987	184.847	55512.5614
29.987	187.847	55288.8547
29.987	190.847	53568.9503
29.987	193.847	53028.5431
29.987	196.847	51967.3462
29.987	199.847	50099.2012
29.987	202.847	48154.223
29.987	205.847	46023.3622
29.987	208.847	44054.9918
29.987	211.847	42050.4928
29.987	214.847	39329.1478
29.987	217.847	36262.115
29.987	220.847	33215.2797
29.987	223.847	30951.4923
29.987	226.847	28562.2081
29.987	229.847	25516.4555
29.987	232.847	23397.9895
29.987	235.847	21014.4631
29.987	238.847	18918.7694
29.987	241.847	17071.345
29.987	244.847	15184.345
29.987	247.847	14163.1856
29.987	250.847	12816.5358
29.987	253.847	11950.9584
29.987	256.847	11282.8033
29.987	259.847	10300.7349
29.987	262.847	9960.6279
29.987	265.847	9501.0028
29.987	268.847	9237.7277
29.987	271.847	8980.4859
29.987	274.847	9356.1881
29.987	277.847	9330.6039
29.987	280.847	9163.8612
29.987	283.847	9298.4137
29.987	286.847	9937.8644
29.987	289.847	10012.9499
29.987	292.847	10729.6482
29.987	295.847	11749.8049
29.987	298.847	12161.3651
29.987	301.847	13433.1584
29.987	304.847	15291.7781
29.987	307.847	16295.3488
29.987	310.847	17800.971
29.987	313.847	20368.4105
29.987	316.847	22756.5178
29.987	319.847	25672.9743
29.987	322.847	27548.0303
29.987	325.847	31310.733
29.987	328.847	34757.7661
29.987	331.847	37391.6055
29.987	334.847	40877.258
29.987	337.847	43916.5968
29.987	340.847	47385.0941
29.987	343.847	49563.6674
29.987	346.847	52386.0198
29.987	349.847	53964.7232
29.987	352.847	55720.3484
29.987	355.847	57125.2781
29.987	358.847	57702.1222
33.365	1.084	46777.5526
33.365	4.084	45822.3512
33.365	7.084	46906.0703
33.365	10.084	45674.6072
33.365	13.084	45143.0487
33.365	16.084	44206.097
33.365	19.084	42659.9406
33.365	22.084	41434.5854
33.365	25.084	40123.0682
33.365	28.084	37489.1799
33.365	31.084	36014.5709
33.365	34.084	33851.4409
33.365	37.084	32041.1699
33.365	40.084	28919.927
33.365	43.084	28225.7491
33.365	46.084	25205.3314
33.365	49.084	23923.0085
33.365	52.084	21294.112
33.365	55.084	19445.1963
33.365	58.084	17515.2146
33.365	61.084	15701.5243
33.365	64.084	14422.0123
33.365	67.084	13248.396
33.365	70.084	12221.8747
33.365	73.084	11522.4857
33.365	76.084	10507.0011
33.365	79.084	10255.5468
33.365	82.084	9457.0707
33.365	85.084	9048.4078
33.365	88.084	8999.3439
33.365	91.084	8932.7391
33.365	94.084	8750.1763
33.365	97.084	9325.2703
33.365	100.084	8751.8927
33.365	103.084	9275.5988
33.365	106.084	9614.5559
33.365	109.084	10393.5791
33.365	112.084	10794.7259
33.365	115.084	11952.2302
33.365	118.084	13088.2444
33.365	121.084	13867.9283
33.365	124.084	15931.2005
33.365	127.084	18206.226
33.365	130.084	19510.3864
33.365	133.084	22177.2241
33.365	136.084	24833.2432
33.365	139.084	27864.8411
33.365	142.084	30949.772
33.365	145.084	34746.9336
33.365	148.084	38038.3317
33.365	151.084	41926.228
33.365	154.084	45221.7472
33.365	157.084	49645.876
33.365	160.084	52870.0729
33.365	163.084	56199.6316
33.365	166.084	59221.3708
33.365	169.084	61558.3044
33.365	172.084	62595.1367
33.365	175.084	63302.1235
33.365	178.084	64207.2143
33.365	181.084	63987.6879
33.365	184.084	63667.0477
33.365	187.084	63560.4134
33.365	190.084	63230.3347
33.365	193.084	61202.9619
33.365	196.084	59847.1317
33.365	199.084	58463.8032
33.365	202.084	55586.0916
33.365	205.084	53612.8422
33.365	208.084	50615.6585
33.365	211.084	47248.3207
33.365	214.084	44349.3366
33.365	217.084	40952.7092
33.365	220.084	37156.9043
33.365	223.084	33564.5811
33.365	226.084	31143.9816
33.365	229.084	27705.3697
33.365	232.084	24920.1158
33.365	235.084	22839.5181
33.365	238.084	20056.3986
33.365	241.084	17806.785
33.365	244.084	15965.502
33.365	247.084	14209.985
33.365	250.084	13186.3552
33.365	253.084	12274.4757
33.365	256.084	11019.6999
33.365	259.084	10259.901
33.365	262.084	10053.6026
33.365	265.084	9089.9582
33.365	268.084	8974.7062
33.365	271.084	8765.3518
33.365	274.084	8761.3287
33.365	277.084	8539.6607
33.365	280.084	8325.4161
33.365	283.084	9023.588
33.365	286.084	9044.3591
33.365	289.084	9529.8034
33.365	292.084	10235.8057
33.365	295.084	10617.1877
33.365	298.084	11546.56
33.365	301.084	12354.4231
33.365	304.084	13490.1128
33.365	307.084	15083.6859
33.365	310.084	16316.2117
33.365	313.084	18189.682
33.365	316.084	20543.1052
33.365	319.084	22607.3906
33.365	322.084	24902.3019
33.365	325.084	27341.0966
33.365	328.084	29929.4723
33.365	331.084	32243.2378
33.365	334.084	34794.408
33.365	337.084	37288.2051
33.365	340.084	39304.5253
33.365	343.084	41097.1499
33.365	346.084	43233.397
33.365	349.084	44428.3021
33.365	352.084	45397.3808
33.365	355.084	46489.351
33.365	358.084	46384.1365
36.598	2.168	6582.4685
36.598	5.168	6680.8827
36.598	8.168	6786.8471
36.598	11.168	6525.3976
36.598	14.168	6950.8788
36.598	17.168	6840.0693
36.598	20.168	6814.1966
36.598	23.168	7462.5223
36.598	26.168	7322.1643
36.598	29.168	8033.0592
36.598	32.168	9023.1771
36.598	35.168	8602.2614
36.598	38.168	8970.3163
36.598	41.168	9045.1623
36.598	44.168	9463.1557
36.598	47.168	9601.37
36.598	50.168	9502.0392
36.598	53.168	9010.6386
36.598	56.168	8656.5048
36.598	59.168	8329.4991
36.598	62.168	7937.8662
36.598	65.168	7426.7263
36.598	68.168	7028.2712
36.598	71.168	6331.1057
36.598	74.168	5857.0804
36.598	77.168	5699.9931
36.598	80.168	5134.3655
36.598	83.168	5282.961
36.598	86.168	4879.2564
36.598	89.168	4556.0537
36.598	92.168	4415.8793
36.598	95.168	4641.4418
36.598	98.168	4937.3452
36.598	101.168	4818.6114
36.598	104.168	5160.7861
36.598	107.168	5530.9636
36.598	110.168	6066.9215
36.598	113.168	6523.4004
36.598	116.168	7091.1745
36.598	119.168	7611.3753
36.598	122.168	8164.9955
36.598	125.168	9431.0783
36.598	128.168	9913.8162
36.598	131.168	11708.3757
36.598	134.168	12378.9497
36.598	137.168	13729.7049
36.598	140.168	15010.3911
36.598	143.168	15970.7685
36.598	146.168	17963.9393
36.598	149.168	18930.0382
36.598	152.168	21137.704
36.598	155.168	22170.1314
36.598	158.168	23969.4269
36.598	161.168	25221.1423
36.598	164.168	26523.4648
36.598	167.168	28026.4957
36.598	170.168	28838.2866
36.598	173.168	28935.6639
36.598	176.168	29431.1272
36.598	179.168	28871.1464
36.598	182.168	28855.1242
36.598	185.168	28628.0622
36.598	188.168	28440.5005
36.598	191.168	27982.7766
36.598	194.168	27579.8686
36.598	197.168	27157.9907
36.598	200.168	26588.7476
36.598	203.168	25504.1633
36.598	206.168	24654.9239
36.598	209.168	23357.1722
36.598	212.168	22580.9357
36.598	215.168	20949.3223
36.598	218.168	19687.4146
36.598	221.168	18236.4711
36.598	224.168	16954.2289
36.598	227.168	15723.7591
36.598	230.168	13961.1533
36.598	233.168	12685.3469
36.598	236.168	11425.1651
36.598	239.168	10478.0855
36.598	242.168	9173.9043
36.598	245.168	8407.5112
36.598	248.168	7747.3959
36.598	251.168	6962.2928
36.598	254.168	6114.8643
36.598	257.168	6072.1741
36.598	260.168	5730.6881
36.598	263.168	5090.5282
36.598	266.168	4526.4561
36.598	269.168	4478.0918
36.598	272.168	4476.9136
36.598	275.168	4182.3861
36.598	278.168	4427.3209
36.598	281.168	4373.0927
36.598	284.168	4374.8599
36.598	287.168	4566.3766
36.598	290.168	4988.2278
36.598	293.168	5301.6062
36.598	296.168	6084.9471
36.598	299.168	6376.442
36.598	302.168	6474.6838
36.598	305.168	7272.2842
36.598	308.168	7576.6686
36.598	311.168	8210.048
36.598	314.168	8885.8163
36.598	317.168	9097.7386
36.598	320.168	9452.2154
36.598	323.168	9607.444
36.598	326.168	9867.4855
36.598	329.168	9413.5108
36.598	332.168	9510.2014
36.598	335.168	9483.1064
36.598	338.168	9129.2038
36.598	341.168	8432.569
36.598	344.168	8452.1426
36.598	347.168	7653.7595
36.598	350.168	7591.6551
36.598	353.168	7224.0976
36.598	356.168	7115.3519
36.598	359.168	7020.4123
39.981	1.088	3624.7839
39.981	4.088	3889.7323
39.981	7.088	3894.5662
39.981	10.088	3986.7294
39.981	13.088	3612.8472
39.981	16.088	3821.4177
39.981	19.088	4041.0856
39.981	22.088	4519.0736
39.981	25.088	4791.3134
39.981	28.088	5050.5412
39.981	31.088	5597.5951
39.981	34.088	5726.5493
39.981	37.088	6215.9864
39.981	40.088	6417.9458
39.981	43.088	6898.2678
39.981	46.088	6934.6805
39.981	49.088	7510.0422
39.981	52.088	7049.0636
39.981	55.088	7036.9568
39.981	58.088	6894.9778
39.981	61.088	6790.7651
39.981	64.088	6346.901
39.981	67.088	5947.764
39.981	70.088	5463.8984
39.981	73.088	5011.0535
39.981	76.088	5029.3739
39.981	79.088	4241.5659
39.981	82.088	4662.3322
39.981	85.088	4173.2599
39.981	88.088	3764.9621
39.981	91.088	3788.7756
39.981	94.088	4075.2194
39.981	97.088	3977.1533
39.981	100.088	3760.6282
39.981	103.088	4233.5993
39.981	106.088	4468.5866
39.981	109.088	5351.6748
39.981	112.088	5554.6513
39.981	115.088	5991.8933
39.981	118.088	6583.4271
39.981	121.088	6968.5132
39.981	124.088	7302.0801
39.981	127.088	8207.7328
39.981	130.088	8589.9005
39.981	133.088	9542.2896
39.981	136.088	10061.1524
39.981	139.088	10810.1351
39.981	142.088	11665.9193
39.981	145.088	12334.0823
39.981	148.088	12986.6002
39.981	151.088	13918.4114
39.981	154.088	14342.8225
39.981	157.088	15245.5486
39.981	160.088	15614.493
39.981	163.088	16031.9297
39.981	166.088	16443.0208
39.981	169.088	16951.8117
39.981	172.088	16728.1043
39.981	175.088	16362.1179
39.981	178.088	16593.9605
39.981	181.088	16799.6348
39.981	184.088	16286.4745
39.981	187.088	16369.2755
39.981	190.088	16249.0186
39.981	193.088	16435.58
39.981	196.088	15954.958
39.981	199.088	15539.634
39.981	202.088	15429.0609
39.981	205.088	15173.4667
39.981	208.088	14907.4814
39.981	211.088	14886.8732
39.981	214.088	13909.4954
39.981	217.088	13150.9557
39.981	220.088	13075.7798
39.981	223.088	12410.1246
39.981	226.088	11236.6297
39.981	229.088	10936.271
39.981	232.088	10415.1842
39.981	235.088	9374.155
39.981	238.088	8795.0927
39.981	241.088	7866.5812
39.981	244.088	7313.7502
39.981	247.088	6852.3932
39.981	250.088	6039.6734
39.981	253.088	5359.8804
39.981	256.088	5150.5401
39.981	259.088	4605.864
39.981	262.088	4402.9236
39.981	265.088	3808.8915
39.981	268.088	4109.5797
39.981	271.088	3727.3797
39.981	274.088	3584.8265
39.981	277.088	3601.9411
39.981	280.088	3857.8808
39.981	283.088	3743.3318
39.981	286.088	4166.2768
39.981	289.088	4185.8559
39.981	292.088	4646.6786
39.981	295.088	4630.1601
39.981	298.088	5100.1249
39.981	301.088	6081.3813
39.981	304.088	6092.9071
39.981	307.088	6413.0892
39.981	310.088	7025.0122
39.981	313.088	7237.0494
39.981	316.088	7484.1443
39.981	319.088	7447.6003
39.981	322.088	6988.1795
39.981	325.088	7456.0731
39.981	328.088	7178.5983
39.981	331.088	7117.554
39.981	334.088	6359.3379
39.981	337.088	6207.6886
39.981	340.088	5696.4184
39.981	343.088	5601.3286
39.981	346.088	4960.154
39.981	349.088	4545.7053
39.981	352.088	4457.4947
39.981	355.088	4211.4561
39.981	358.088	4377.8394
43.357	0.394	2489.6666
43.357	3.394	2258.3186
43.357	6.394	2250.1846
43.357	9.394	2199.1237
43.357	12.394	2633.0889
43.357	15.394	2481.17
43.357	18.394	2844.7359
43.357	21.394	2839.3243
43.357	24.394	2944.6203
43.357	27.394	3446.1017
43.357	30.394	3726.2473
43.357	33.394	3967.0752
43.357	36.394	4181.3164
43.357	39.394	4615.478
43.357	42.394	4937.4211
43.357	45.394	5109.1427
43.357	48.394	5434.4921
43.357	51.394	5818.3737
43.357	54.394	5876.0843
43.357	57.394	5834.8974
43.357	60.394	5745.3276
43.357	63.394	5536.5554
43.357	66.394	5400.3441
43.357	69.394	4835.1664
43.357	72.394	4683.7993
43.357	75.394	4552.9882
43.357	78.394	4418.0398
43.357	81.394	3844.4506
43.357	84.394	3613.7381
43.357	87.394	3398.0217
43.357	90.394	3492.2953
43.357	93.394	3306.2386
43.357	96.394	3664.2737
43.357	99.394	3456.8309
43.357	102.394	3699.3813
43.357	105.394	4176.4921
43.357	108.394	4190.0615
43.357	111.394	4618.6178
43.357	114.394	4966.9608
43.357	117.394	5278.3678
43.357	120.394	5661.3186
43.357	123.394	6025.1556
43.357	126.394	6553.1217
43.357	129.394	6819.8035
43.357	132.394	7412.7003
43.357	135.394	8012.5746
43.357	138.394	8086.9339
43.357	141.394	8015.0774
43.357	144.394	8389.2031
43.357	147.394	8754.0025
43.357	150.394	8794.2184
43.357	153.394	8751.4185
43.357	156.394	9196.6271
43.357	159.394	8649.0211
43.357	162.394	9088.9869
43.357	165.394	8798.9181
43.357	168.394	9081.4431
43.357	171.394	8877.1435
43.357	174.394	8960.6308
43.357	177.394	8990.8892
43.357	180.394	8778.5347
43.357	183.394	8706.5721
43.357	186.394	8844.241
43.357	189.394	8789.8348
43.357	192.394	8513.6654
43.357	195.394	8658.8076
43.357	198.394	8572.2296
43.357	201.394	8407.6418
43.357	204.394	8489.4001
43.357	207.394	9023.414
43.357	210.394	8445.4305
43.357	213.394	8907.0487
43.357	216.394	8651.6824
43.357	219.394	9100.2161
43.357	222.394	8593.299
43.357	225.394	8167.3882
43.357	228.394	8357.474
43.357	231.394	7790.6451
43.357	234.394	7782.8846
43.357	237.394	7260.8263
43.357	240.394	6702.9653
43.357	243.394	6106.7867
43.357	246.394	5854.9594
43.357	249.394	5538.6195
43.357	252.394	5286.408
43.357	255.394	4538.6427
43.357	258.394	4494.5534
43.357	261.394	3918.0873
43.357	264.394	3441.5817
43.357	267.394	3441.0293
43.357	270.394	3311.204
43.357	273.394	3320.6626
43.357	276.394	3230.4465
43.357	279.394	3448.8354
43.357	282.394	3366.3342
43.357	285.394	3096.4255
43.357	288.394	3952.4171
43.357	291.394	3995.512
43.357	294.394	4094.7789
43.357	297.394	4313.8278
43.357	300.394	4849.7229
43.357	303.394	5047.0725
43.357	306.394	5448.1973
43.357	309.394	5710.7439
43.357	312.394	5853.9251
43.357	315.394	5583.686
43.357	318.394	6216.7435
43.357	321.394	5611.2803
43.357	324.394	6303.7382
43.357	327.394	5023.7186
43.357	330.394	5072.1963
43.357	333.394	4853.4266
43.357	336.394	4508.9022
43.357	339.394	3875.8677
43.357	342.394	3510.5991
43.357	345.394	3470.2451
43.357	348.394	2967.9304
43.357	351.394	2917.801
43.357	354.394	2789.2744
43.357	357.394	2510.1792
46.59	1.533	1249.436
46.59	4.533	1371.0309
46.59	7.533	1263.8017
46.59	10.533	934.842
46.59	13.533	1093.4158
46.59	16.533	1107.8759
46.59	19.533	1478.7057
46.59	22.533	1379.3623
46.59	25.533	1679.6195
46.59	28.533	1832.2793
46.59	31.533	1907.0955
46.59	34.533	1913.7843
46.59	37.533	3239.3296
46.59	40.533	2669.078
46.59	43.533	2965.3255
46.59	46.533	3054.6679
46.59	49.533	3104.5196
46.59	52.533	3225.3644
46.59	55.533	3798.7208
46.59	58.533	3350.8813
46.59	61.533	4259.3468
46.59	64.533	3501.5499
46.59	67.533	3569.0009
46.59	70.533	3306.9755
46.59	73.533	3476.7425
46.59	76.533	2702.2296
46.59	79.533	4058.6872
46.59	82.533	3242.5686
46.59	85.533	3064.0602
46.59	88.533	2898.9668
46.59	91.533	2762.1251
46.59	94.533	4301.5753
46.59	97.533	2869.9076
46.59	100.533	2880.3134
46.59	103.533	3165.6447
46.59	106.533	4083.7065
46.59	109.533	3774.203
46.59	112.533	3802.4588
46.59	115.533	4440.2893
46.59	118.533	4639.2098
46.59	121.533	4650.5311
46.59	124.533	4776.6886
46.59	127.533	4484.4602
46.59	130.533	5768.3622
46.59	133.533	4468.488
46.59	136.533	4247.9632
46.59	139.533	4474.2831
46.59	142.533	3880.5308
46.59	145.533	4183.145
46.59	148.533	3137.7249
46.59	151.533	3588.6386
46.59	154.533	2966.6519
46.59	157.533	2725.8389
46.59	160.533	2655.1206
46.59	163.533	2487.8044
46.59	166.533	2009.1237
46.59	169.533	1652.2996
46.59	172.533	2026.7214
46.59	175.533	1802.6622
46.59	178.533	1507.2218
46.59	181.533	2248.0155
46.59	184.533	1399.2151
46.59	187.533	2227.6094
46.59	190.533	2365.8743
46.59	193.533	1760.3881
46.59	196.533	2118.746
46.59	199.533	1861.3473
46.59	202.533	2213.9733
46.59	205.533	2509.3511
46.59	208.533	2309.2562
46.59	211.533	2630.4956
46.59	214.533	2870.4735
46.59	217.533	3069.1207
46.59	220.533	3696.6477
46.59	223.533	3886.4748
46.59	226.533	4542.2598
46.59	229.533	4537.1681
46.59	232.533	5126.7401
46.59	235.533	5617.5479
46.59	238.533	5092.4241
46.59	241.533	5019.4452
46.59	244.533	4804.1993
46.59	247.533	4555.9449
46.59	250.533	4271.4159
46.59	253.533	4945.5962
46.59	256.533	3864.6283
46.59	259.533	3853.3371
46.59	262.533	4039.233
46.59	265.533	3036.9044
46.59	268.533	3138.6688
46.59	271.533	3912.2221
46.59	274.533	3090.5025
46.59	277.533	3311.8341
46.59	280.533	3008.0409
46.59	283.533	3329.3964
46.59	286.533	3568.4279
46.59	289.533	3332.9229
46.59	292.533	3410.1562
46.59	295.533	3360.2949
46.59	298.533	4622.8471
46.59	301.533	3636.7314
46.59	304.533	3971.192
46.59	307.533	4034.8053
46.59	310.533	3656.3303
46.59	313.533	3818.4618
46.59	316.533	3456.6398
46.59	319.533	4115.6864
46.59	322.533	3134.6588
46.59	325.533	3714.5914
46.59	328.533	3011.6812
46.59	331.533	2651.8235
46.59	334.533	2348.0102
46.59	337.533	2116.9454
46.59	340.533	2196.3091
46.59	343.533	2706.2932
46.59	346.533	1800.5126
46.59	349.533	1414.5624
46.59	352.533	1610.2253
46.59	355.533	1168.4674
46.59	358.533	1334.5831
49.973	0.488	1439.5285
49.973	3.488	1205.1079
49.973	6.488	1140.0232
49.973	9.488	1063.1199
49.973	12.488	1035.7187
49.973	15.488	1320.1932
49.973	18.488	1342.0468
49.973	21.488	1577.9152
49.973	24.488	1385.3072
49.973	27.488	1656.3577
49.973	30.488	1646.8972
49.973	33.488	1832.6079
49.973	36.488	1818.7991
49.973	39.488	2372.7904
49.973	42.488	2408.9372
49.973	45.488	2979.2166
49.973	48.488	2841.1891
49.973	51.488	2770.6457
49.973	54.488	2790.5137
49.973	57.488	3375.8676
49.973	60.488	2626.4227
49.973	63.488	2998.0038
49.973	66.488	3119.3915
49.973	69.488	3024.3227
49.973	72.488	2811.2576
49.973	75.488	2556.6154
49.973	78.488	2977.4829
49.973	81.488	3063.0986
49.973	84.488	2631.496
49.973	87.488	2855.2121
49.973	90.488	2738.0582
49.973	93.488	2471.1619
49.973	96.488	3235.6946
49.973	99.488	3584.3533
49.973	102.488	3591.5691
49.973	105.488	4075.9604
49.973	108.488	3211.3866
49.973	111.488	3523.1781
49.973	114.488	3241.4847
49.973	117.488	3593.8288
49.973	120.488	3671.9492
49.973	123.488	4164.9527
49.973	126.488	4723.0834
49.973	129.488	4315.7736
49.973	132.488	4595.2201
49.973	135.488	3950.8854
49.973	138.488	4363.5076
49.973	141.488	4812.2868
49.973	144.488	2708.0229
49.973	147.488	2913.8238
49.973	150.488	3148.7728
49.973	153.488	2635.229
49.973	156.488	2842.9484
49.973	159.488	1736.4116
49.973	162.488	1614.4894
49.973	165.488	1599.2933
49.973	168.488	1615.8301
49.973	171.488	1408.0039
49.973	174.488	1394.2752
49.973	177.488	1370.237
49.973	180.488	1528.5942
49.973	183.488	1805.667
49.973	186.488	1245.2245
49.973	189.488	1334.638
49.973	192.488	1512.2026
49.973	195.488	1396.2123
49.973	198.488	1634.9041
49.973	201.488	2097.2069
49.973	204.488	1643.8429
49.973	207.488	2543.3595
49.973	210.488	2180.4369
49.973	213.488	2363.7745
49.973	216.488	3138.2307
49.973	219.488	3312.4121
49.973	222.488	3370.2711
49.973	225.488	3395.9234
49.973	228.488	4121.2344
49.973	231.488	4276.9855
49.973	234.488	4299.255
49.973	237.488	3914.8885
49.973	240.488	4094.9848
49.973	243.488	4683.7836
49.973	246.488	3927.3737
49.973	249.488	4648.1473
49.973	252.488	3991.3609
49.973	255.488	3627.1572
49.973	258.488	3190.6474
49.973	261.488	3043.0664
49.973	264.488	2700.9203
49.973	267.488	3083.6507
49.973	270.488	2955.808
49.973	273.488	3023.3926
49.973	276.488	2699.5637
49.973	279.488	2563.3952
49.973	282.488	2847.6892
49.973	285.488	2555.0697
49.973	288.488	2726.5036
49.973	291.488	2586.0804
49.973	294.488	2828.8689
49.973	297.488	2663.0429
49.973	300.488	2925.6748
49.973	303.488	3227.8432
49.973	306.488	3120.5745
49.973	309.488	3216.2106
49.973	312.488	3145.3698
49.973	315.488	3128.613
49.973	318.488	2893.2741
49.973	321.488	2682.2631
49.973	324.488	2647.7934
49.973	327.488	2570.5886
49.973	330.488	2474.2826
49.973	333.488	2139.2755
49.973	336.488	2010.1279
49.973	339.488	2507.7024
49.973	342.488	1862.04
49.973	345.488	1385.4882
49.973	348.488	1516.5559
49.973	351.488	1226.949
49.973	354.488	1282.5775
49.973	357.488	1203.4194
53.346	2.916	1074.2318
53.346	5.916	969.0576
53.346	8.916	893.2112
53.346	11.916	983.0651
53.346	14.916	1143.8918
53.346	17.916	1117.9453
53.346	20.916	1084.1987
53.346	23.916	1104.9135
53.346	26.916	1593.4075
53.346	29.916	1683.1721
53.346	32.916	1538.8596
53.346	35.916	1890.6131
53.346	38.916	1942.2839
53.346	41.916	1928.6884
53.346	44.916	2347.072
53.346	47.916	2490.1531
53.346	50.916	2198.9109
53.346	53.916	2306.074
53.346	56.916	2261.2144
53.346	59.916	2369.0554
53.346	62.916	2723.305
53.346	65.916	3249.5971
53.346	68.916	2523.9414
53.346	71.916	2548.098
53.346	74.916	2536.7035
53.346	77.916	2521.921
53.346	80.916	2992.9319
53.346	83.916	2616.0351
53.346	86.916	2515.5559
53.346	89.916	2747.7838
53.346	92.916	2331.7607
53.346	95.916	2493.2042
53.346	98.916	2799.826
53.346	101.916	2951.7451
53.346	104.916	2949.7182
53.346	107.916	2952.4832
53.346	110.916	3294.3917
53.346	113.916	3326.3571
53.346	116.916	3373.1352
53.346	119.916	3563.2207
53.346	122.916	3400.8094
53.346	125.916	3384.4719
53.346	128.916	3795.7839
53.346	131.916	4185.3333
53.346	134.916	3693.5324
53.346	137.916	3034.0904
53.346	140.916	2631.2566
53.346	143.916	3048.1085
53.346	146.916	2976.9747
53.346	149.916	2521.3722
53.346	152.916	2087.3007
53.346	155.916	1801.149
53.346	158.916	2189.8021
53.346	161.916	1742.9725
53.346	164.916	1391.7047
53.346	167.916	1078.266
53.346	170.916	1408.7328
53.346	173.916	1237.0413
53.346	176.916	1075.5607
53.346	179.916	929.1873
53.346	182.916	1130.9546
53.346	185.916	1343.4011
53.346	188.916	1408.3236
53.346	191.916	1104.0071
53.346	194.916	923.6441
53.346	197.916	1481.0457
53.346	200.916	1461.8906
53.346	203.916	1688.4984
53.346	206.916	1712.6442
53.346	209.916	2097.9299
53.346	212.916	2142.5489
53.346	215.916	2294.081
53.346	218.916	2544.4788
53.346	221.916	2798.8102
53.346	224.916	3146.4347
53.346	227.916	3451.2201
53.346	230.916	3725.0892
53.346	233.916	3168.4375
53.346	236.916	3599.7378
53.346	239.916	3670.6588
53.346	242.916	4425.6279
53.346	245.916	3615.7561
53.346	248.916	3521.7842
53.346	251.916	3247.8387
53.346	254.916	3460.1784
53.346	257.916	2903.2641
53.346	260.916	3110.6448
53.346	263.916	2658.0985
53.346	266.916	2949.2883
53.346	269.916	2819.7556
53.346	272.916	2709.4544
53.346	275.916	2426.7684
53.346	278.916	2472.8209
53.346	281.916	2379.2974
53.346	284.916	2589.8087
53.346	287.916	2338.741
53.346	290.916	2681.879
53.346	293.916	2292.8466
53.346	296.916	2307.3247
53.346	299.916	2875.2653
53.346	302.916	2517.5491
53.346	305.916	2633.9535
53.346	308.916	2992.1606
53.346	311.916	2925.7877
53.346	314.916	2835.5701
53.346	317.916	2604.8368
53.346	320.916	2665.7761
53.346	323.916	3008.7839
53.346	326.916	2295.3712
53.346	329.916	1997.5364
53.346	332.916	2269.3346
53.346	335.916	1731.9517
53.346	338.916	1910.4217
53.346	341.916	1498.5504
53.346	344.916	1618.8718
53.346	347.916	1434.6867
53.346	350.916	1472.129
53.346	353.916	1249.8329
53.346	356.916	1212.4578
53.346	359.916	808.2653
56.578	1.161	2153.4608
56.578	4.161	1168.27
56.578	7.161	1063.1083
56.578	10.161	1206.9961
56.578	13.161	936.399
56.578	16.161	1593.6868
56.578	19.161	1216.7056
56.578	22.161	1693.0959
56.578	25.161	1631.2849
56.578	28.161	1580.9505
56.578	31.161	1081.4375
56.578	34.161	1648.8979
56.578	37.161	1609.305
56.578	40.161	1745.7837
56.578	43.161	2039.4923
56.578	46.161	2182.7842
56.578	49.161	2186.7151
56.578	52.161	1964.5854
56.578	55.161	2921.8322
56.578	58.161	2394.2329
56.578	61.161	2308.8864
56.578	64.161	2393.1996
56.578	67.161	2442.9876
56.578	70.161	2699.1121
56.578	73.161	2302.8931
56.578	76.161	2261.1487
56.578	79.161	2379.354
56.578	82.161	2670.2221
56.578	85.161	2313.3295
56.578	88.161	2384.4305
56.578	91.161	2615.9152
56.578	94.161	2512.2421
56.578	97.161	2362.5786
56.578	100.161	2245.6996
56.578	103.161	2277.9451
56.578	106.161	2208.4863
56.578	109.161	2261.7784
56.578	112.161	2232.1388
56.578	115.161	2300.9721
56.578	118.161	2500.7898
56.578	121.161	2422.0992
56.578	124.161	2078.3832
56.578	127.161	1932.9835
56.578	130.161	1973.5621
56.578	133.161	2185.3893
56.578	136.161	2179.5764
56.578	139.161	1925.1553
56.578	142.161	2055.6134
56.578	145.161	2617.8646
56.578	148.161	1647.5011
56.578	151.161	1646.3966
56.578	154.161	1267.9838
56.578	157.161	1417.9873
56.578	160.161	1410.7983
56.578	163.161	994.5453
56.578	166.161	1049.1139
56.578	169.161	1104.3751
56.578	172.161	705.7344
56.578	175.161	1158.506
56.578	178.161	1692.765
56.578	181.161	731.63
56.578	184.161	1253.6442
56.578	187.161	800.4012
56.578	190.161	1428.8961
56.578	193.161	867.7114
56.578	196.161	1348.5962
56.578	199.161	1123.7357
56.578	202.161	1292.341
56.578	205.161	1217.4408
56.578	208.161	1496.288
56.578	211.161	1512.5099
56.578	214.161	1657.3158
56.578	217.161	1704.8802
56.578	220.161	1858.9036
56.578	223.161	2249.6071
56.578	226.161	1841.1007
56.578	229.161	2430.876
56.578	232.161	2602.3843
56.578	235.161	2217.6792
56.578	238.161	2439.5984
56.578	241.161	2275.1442
56.578	244.161	2477.6406
56.578	247.161	2158.1065
56.578	250.161	2485.5127
56.578	253.161	2528.4715
56.578	256.161	2465.5022
56.578	259.161	2601.46
56.578	262.161	2471.5718
56.578	265.161	3064.6247
56.578	268.161	2758.2695
56.578	271.161	2455.9806
56.578	274.161	2626.301
56.578	277.161	2249.9993
56.578	280.161	2635.8341
56.578	283.161	2171.1638
56.578	286.161	2537.2069
56.578	289.161	2470.8361
56.578	292.161	2428.0378
56.578	295.161	2314.7801
56.578	298.161	2254.9964
56.578	301.161	2523.5136
56.578	304.161	2724.6685
56.578	307.161	2450.4644
56.578	310.161	2438.7572
56.578	313.161	2217.938
56.578	316.161	2776.8344
56.578	319.161	2285.8613
56.578	322.161	2068.3243
56.578	325.161	2410.5158
56.578	328.161	1735.2654
56.578	331.161	1705.3057
56.578	334.161	2461.3324
56.578	337.161	1916.3557
56.578	340.161	1288.0352
56.578	343.161	1513.8828
56.578	346.161	1291.271
56.578	349.161	1355.5259
56.578	352.161	1090.2338
56.578	355.161	1463.1297
56.578	358.161	1096.8871
59.961	0.198	1415.9764
59.961	3.198	1515.2267
59.961	6.198	1494.3108
59.961	9.198	1105.5032
59.961	12.198	1395.4779
59.961	15.198	1388.3511
59.961	18.198	1467.8475
59.961	21.198	1381.2066
59.961	24.198	1669.4737
59.961	27.198	1746.0788
59.961	30.198	1833.5502
59.961	33.198	2743.2384
59.961	36.198	2166.9576
59.961	39.198	1798.0553
59.961	42.198	2526.1521
59.961	45.198	2346.2623
59.961	48.198	2371.7048
59.961	51.198	2481.0701
59.961	54.198	2924.1459
59.961	57.198	2553.2823
59.961	60.198	2880.8085
59.961	63.198	2920.1952
59.961	66.198	2980.5186
59.961	69.198	2906.2263
59.961	72.198	3146.9606
59.961	75.198	2884.1841
59.961	78.198	3256.8604
59.961	81.198	3075.1541
59.961	84.198	2694.6035
59.961	87.198	3035.2718
59.961	90.198	3105.1216
59.961	93.198	3014.9139
59.961	96.198	2728.5872
59.961	99.198	2654.2296
59.961	102.198	2810.2647
59.961	105.198	2793.4888
59.961	108.198	2650.2423
59.961	111.198	2332.6944
59.961	114.198	2452.0836
59.961	117.198	2770.0891
59.961	120.198	2277.8335
59.961	123.198	2356.7823
59.961	126.198	2161.2936
59.961	129.198	1870.739
59.961	132.198	1954.91
59.961	135.198	1915.156
59.961	138.198	1720.5881
59.961	141.198	2069.1302
59.961	144.198	1862.2894
59.961	147.198	1852.8078
59.961	150.198	1368.2809
59.961	153.198	2379.8197
59.961	156.198	1356.9463
59.961	159.198	1383.2354
59.961	162.198	1470.7599
59.961	165.198	1261.061
59.961	168.198	1197.2158
59.961	171.198	1767.9019
59.961	174.198	1161.7361
59.961	177.198	1140.0476
59.961	180.198	1281.6699
59.961	183.198	986.1419
59.961	186.198	984.4235
59.961	189.198	928.5993
59.961	192.198	1044.7749
59.961	195.198	1253.6613
59.961	198.198	1336.1042
59.961	201.198	1200.2701
59.961	204.198	1289.3775
59.961	207.198	1462.4306
59.961	210.198	1856.8938
59.961	213.198	1631.8218
59.961	216.198	1618.7026
59.961	219.198	2018.0836
59.961	222.198	2061.1592
59.961	225.198	2243.8038
59.961	228.198	2315.5401
59.961	231.198	2260.9669
59.961	234.198	2667.9669
59.961	237.198	2573.372
59.961	240.198	2720.4929
59.961	243.198	2749.8708
59.961	246.198	2845.5565
59.961	249.198	2671.8739
59.961	252.198	2870.4581
59.961	255.198	2422.1322
59.961	258.198	2539.3503
59.961	261.198	2761.6843
59.961	264.198	2996.6946
59.961	267.198	2839.5471
59.961	270.198	2886.8787
59.961	273.198	2825.2981
59.961	276.198	3114.0396
59.961	279.198	2634.1865
59.961	282.198	3048.1677
59.961	285.198	2744.2236
59.961	288.198	2922.3249
59.961	291.198	2817.4396
59.961	294.198	2414.1879
59.961	297.198	2406.327
59.961	300.198	2907.722
59.961	303.198	2666.2191
59.961	306.198	2532.3772
59.961	309.198	2689.3684
59.961	312.198	2718.7371
59.961	315.198	2638.0632
59.961	318.198	2543.7255
59.961	321.198	2638.7017
59.961	324.198	2246.2819
59.961	327.198	2322.2109
59.961	330.198	2492.714
59.961	333.198	1895.7822
59.961	336.198	1901.8063
59.961	339.198	2149.6714
59.961	342.198	1800.0101
59.961	345.198	1441.7983
59.961	348.198	1729.0528
59.961	351.198	1828.2031
59.961	354.198	1523.8199
59.961	357.198	1401.1571
63.329	2.88	1806.2013
63.329	5.88	2080.9756
63.329	8.88	1979.7629
63.329	11.88	1704.6222
63.329	14.88	1670.3004
63.329	17.88	1714.0795
63.329	20.88	1949.5766
63.329	23.88	2102.6266
63.329	26.88	1958.1323
63.329	29.88	2029.3119
63.329	32.88	1954.4119
63.329	35.88	2166.7925
63.329	38.88	2129.6437
63.329	41.88	2808.426
63.329	44.88	2686.9904
63.329	47.88	2912.7084
63.329	50.88	3201.2595
63.329	53.88	3339.0475
63.329	56.88	3242.9174
63.329	59.88	3496.947
63.329	62.88	3921.3508
63.329	65.88	3379.0665
63.329	68.88	3063.7097
63.329	71.88	3494.5291
63.329	74.88	3649.265
63.329	77.88	4061.4854
63.329	80.88	3395.9866
63.329	83.88	3565.285
63.329	86.88	3619.2991
63.329	89.88	3241.5136
63.329	92.88	3786.9962
63.329	95.88	3192.4522
63.329	98.88	3221.5073
63.329	101.88	3377.8032
63.329	104.88	3089.4339
63.329	107.88	2973.2902
63.329	110.88	2894.4159
63.329	113.88	2749.7174
63.329	116.88	2331.9862
63.329	119.88	2504.5097
63.329	122.88	2527.087
63.329	125.88	2441.2417
63.329	128.88	2593.1642
63.329	131.88	2541.2856
63.329	134.88	2327.1092
63.329	137.88	2456.4586
63.329	140.88	2034.7308
63.329	143.88	2349.9548
63.329	146.88	1942.8891
63.329	149.88	1881.9415
63.329	152.88	1867.447
63.329	155.88	1646.5652
63.329	158.88	1517.4356
63.329	161.88	1613.3631
63.329	164.88	1494.2147
63.329	167.88	1463.1909
63.329	170.88	1376.9421
63.329	173.88	1250.6928
63.329	176.88	1058.0941
63.329	179.88	1333.4104
63.329	182.88	1167.1411
63.329	185.88	1175.4074
63.329	188.88	1176.1692
63.329	191.88	1411.2202
63.329	194.88	1329.9844
63.329	197.88	1446.2293
63.329	200.88	1379.6655
63.329	203.88	1460.5567
63.329	206.88	1743.6353
63.329	209.88	1834.3928
63.329	212.88	1891.6389
63.329	215.88	1848.7981
63.329	218.88	2255.7165
63.329	221.88	2187.1735
63.329	224.88	2359.4221
63.329	227.88	2512.8535
63.329	230.88	1986.6677
63.329	233.88	2873.2908
63.329	236.88	2769.9585
63.329	239.88	2614.3873
63.329	242.88	2697.531
63.329	245.88	2610.3234
63.329	248.88	2926.1783
63.329	251.88	3174.9497
63.329	254.88	3203.8766
63.329	257.88	3059.0574
63.329	260.88	2926.1515
63.329	263.88	3192.7192
63.329	266.88	3571.9049
63.329	269.88	3513.2549
63.329	272.88	3556.9751
63.329	275.88	3535.1819
63.329	278.88	3483.0679
63.329	281.88	3299.4904
63.329	284.88	3518.0794
63.329	287.88	3570.1491
63.329	290.88	3583.7523
63.329	293.88	3547.8026
63.329	296.88	3008.5544
63.329	299.88	3225.3911
63.329	302.88	2873.3354
63.329	305.88	2963.4519
63.329	308.88	3513.6205
63.329	311.88	3351.636
63.329	314.88	2978.238
63.329	317.88	2976.248
63.329	320.88	2827.7323
63.329	323.88	2742.9552
63.329	326.88	3016.8504
63.329	329.88	3140.89
63.329	332.88	2560.3523
63.329	335.88	2579.0009
63.329	338.88	2804.8533
63.329	341.88	2215.1875
63.329	344.88	2367.1031
63.329	347.88	1926.5047
63.329	350.88	1873.7836
63.329	353.88	2006.2953
63.329	356.88	1788.7747
63.329	359.88	1919.3383
66.557	1.378	4035.1227
66.557	4.378	4221.3997
66.557	7.378	3999.7656
66.557	10.378	3251.9047
66.557	13.378	4677.5317
66.557	16.378	4551.0417
66.557	19.378	3914.3074
66.557	22.378	4908.6576
66.557	25.378	4985.6044
66.557	28.378	4318.9229
66.557	31.378	4813.516
66.557	34.378	5350.8629
66.557	37.378	5016.9809
66.557	40.378	6089.6233
66.557	43.378	6771.8588
66.557	46.378	7067.7867
66.557	49.378	8241.6649
66.557	52.378	7333.1736
66.557	55.378	8380.4566
66.557	58.378	10176.7318
66.557	61.378	10059.2938
66.557	64.378	10966.5812
66.557	67.378	11016.967
66.557	70.378	10911.9567
66.557	73.378	11501.7133
66.557	76.378	11774.2331
66.557	79.378	11739.9678
66.557	82.378	10286.2565
66.557	85.378	10269.7483
66.557	88.378	10115.4538
66.557	91.378	10136.4619
66.557	94.378	10405.7264
66.557	97.378	9393.5569
66.557	100.378	9633.9583
66.557	103.378	7851.2746
66.557	106.378	8580.3499
66.557	109.378	8648.7711
66.557	112.378	7720.7493
66.557	115.378	7153.5266
66.557	118.378	6812.0523
66.557	121.378	5862.6972
66.557	124.378	6293.7709
66.557	127.378	6463.0633
66.557	130.378	4717.8124
66.557	133.378	5105.2359
66.557	136.378	5227.2859
66.557	139.378	4362.7594
66.557	142.378	4776.4169
66.557	145.378	3736.4626
66.557	148.378	3941.209
66.557	151.378	2941.6456
66.557	154.378	3029.2146
66.557	157.378	2632.9957
66.557	160.378	2713.3993
66.557	163.378	2557.86
66.557	166.378	2494.0517
66.557	169.378	3506.966
66.557	172.378	2911.4757
66.557	175.378	2420.3209
66.557	178.378	2352.6552
66.557	181.378	3065.1742
66.557	184.378	2348.2881
66.557	187.378	2761.932
66.557	190.378	2348.0788
66.557	193.378	2726.7463
66.557	196.378	2436.1496
66.557	199.378	2629.3827
66.557	202.378	2643.5843
66.557	205.378	3031.1919
66.557	208.378	3459.0319
66.557	211.378	2733.1158
66.557	214.378	3207.1382
66.557	217.378	4259.9217
66.557	220.378	3831.2146
66.557	223.378	5186.7507
66.557	226.378	4041.7035
66.557	229.378	4207.257
66.557	232.378	4581.7805
66.557	235.378	5470.6479
66.557	238.378	6050.6708
66.557	241.378	6938.2123
66.557	244.378	6757.897
66.557	247.378	6454.8131
66.557	250.378	8101.4849
66.557	253.378	9021.9974
66.557	256.378	7066.3113
66.557	259.378	9415.3181
66.557	262.378	9844.4234
66.557	265.378	10014.062
66.557	268.378	9426.7929
66.557	271.378	9952.4969
66.557	274.378	9097.8102
66.557	277.378	9580.9761
66.557	280.378	10715.0605
66.557	283.378	9791.2234
66.557	286.378	9102.1689
66.557	289.378	9946.9868
66.557	292.378	10387.3454
66.557	295.378	10773.8813
66.557	298.378	9394.5255
66.557	301.378	9603.7191
66.557	304.378	9166.7433
66.557	307.378	8774.0323
66.557	310.378	9387.4414
66.557	313.378	8617.4481
66.557	316.378	8296.5227
66.557	319.378	7388.3678
66.557	322.378	6542.797
66.557	325.378	6832.0285
66.557	328.378	6202.9789
66.557	331.378	6353.5724
66.557	334.378	4129.098
66.557	337.378	4783.3868
66.557	340.378	5213.2689
66.557	343.378	4595.8502
66.557	346.378	4836.5755
66.557	349.378	4786.5011
66.557	352.378	4729.0269
66.557	355.378	4336.9433
66.557	358.378	3741.097
69.939	0.669	6321.4098
69.939	3.669	5241.7165
69.939	6.669	5599.1087
69.939	9.669	5128.8937
69.939	12.669	4926.0074
69.939	15.669	5393.0956
69.939	18.669	5612.8682
69.939	21.669	5149.8499
69.939	24.669	5616.1053
69.939	27.669	6058.8654
69.939	30.669	5939.2595
69.939	33.669	6458.4321
69.939	36.669	7490.7875
69.939	39.669	7029.7764
69.939	42.669	7709.0635
69.939	45.669	8142.2041
69.939	48.669	9038.7335
69.939	51.669	10836.5285
69.939	54.669	9981.385
69.939	57.669	10380.394
69.939	60.669	11364.7039
69.939	63.669	12294.1283
69.939	66.669	12797.8601
69.939	69.669	13329.6629
69.939	72.669	13828.2194
69.939	75.669	13871.4778
69.939	78.669	12212.7139
69.939	81.669	12820.8159
69.939	84.669	13474.9328
69.939	87.669	13187.8177
69.939	90.669	12323.5626
69.939	93.669	12095.4453
69.939	96.669	11226.1848
69.939	99.669	11715.5735
69.939	102.669	11171.7239
69.939	105.669	9355.2014
69.939	108.669	10137.1682
69.939	111.669	8114.8357
69.939	114.669	7776.0929
69.939	117.669	7992.4225
69.939	120.669	7596.7332
69.939	123.669	6446.6524
69.939	126.669	7370.9581
69.939	129.669	7394.8181
69.939	132.669	6203.7304
69.939	135.669	5153.5293
69.939	138.669	5340.0283
69.939	141.669	5654.1595
69.939	144.669	4787.5899
69.939	147.669	5180.4947
69.939	150.669	4579.0697
69.939	153.669	4191.8833
69.939	156.669	4174.7099
69.939	159.669	3710.6339
69.939	162.669	3676.8621
69.939	165.669	3850.5838
69.939	168.669	3369.9244
69.939	171.669	3299.9585
69.939	174.669	3468.0492
69.939	177.669	3340.1295
69.939	180.669	3871.4943
69.939	183.669	3064.7443
69.939	186.669	3312.4358
69.939	189.669	3418.5747
69.939	192.669	3137.6425
69.939	195.669	3076.6728
69.939	198.669	3399.7222
69.939	201.669	3836.7027
69.939	204.669	3372.0252
69.939	207.669	4649.7782
69.939	210.669	3972.1208
69.939	213.669	4072.1559
69.939	216.669	4299.5836
69.939	219.669	4885.4975
69.939	222.669	4444.1466
69.939	225.669	5088.6304
69.939	228.669	6093.8445
69.939	231.669	5372.9878
69.939	234.669	6279.0622
69.939	237.669	7346.1517
69.939	240.669	7690.6163
69.939	243.669	7305.9077
69.939	246.669	8761.8596
69.939	249.669	8562.0924
69.939	252.669	9465.9493
69.939	255.669	10440.7446
69.939	258.669	10416.1071
69.939	261.669	11082.4435
69.939	264.669	12041.8957
69.939	267.669	12013.9713
69.939	270.669	12372.2799
69.939	273.669	12486.1751
69.939	276.669	13003.7945
69.939	279.669	13000.3947
69.939	282.669	12358.1191
69.939	285.669	12746.2188
69.939	288.669	11958.9887
69.939	291.669	11503.2181
69.939	294.669	11651.577
69.939	297.669	11648.2092
69.939	300.669	11514.5499
69.939	303.669	10294.1752
69.939	306.669	9720.6695
69.939	309.669	10019.7406
69.939	312.669	9541.436
69.939	315.669	9139.7783
69.939	318.669	8151.1046
69.939	321.669	7344.0556
69.939	324.669	7098.1719
69.939	327.669	7475.7416
69.939	330.669	6979.7982
69.939	333.669	6224.5873
69.939	336.669	5828.5002
69.939	339.669	6866.5691
69.939	342.669	5747.7728
69.939	345.669	5390.6733
69.939	348.669	4907.7624
69.939	351.669	5647.6751
69.939	354.669	5050.1177
69.939	357.669	4886.6059
73.294	1.065	6723.6928
73.294	4.065	6696.181
73.294	7.065	6928.6922
73.294	10.065	6743.2172
73.294	13.065	6600.0879
73.294	16.065	6849.4381
73.294	19.065	7426.1809
73.294	22.065	7126.4378
73.294	25.065	7409.9662
73.294	28.065	7330.6902
73.294	31.065	8052.2223
73.294	34.065	8398.3965
73.294	37.065	8548.5955
73.294	40.065	8725.3029
73.294	43.065	9622.7364
73.294	46.065	10008.598
73.294	49.065	10568.6165
73.294	52.065	12724.9386
73.294	55.065	12530.5664
73.294	58.065	12205.0127
73.294	61.065	14697.3094
73.294	64.065	14504.9688
73.294	67.065	14609.2431
73.294	70.065	15111.7522
73.294	73.065	14555.8914
73.294	76.065	15631.0393
73.294	79.065	17592.2029
73.294	82.065	15979.4047
73.294	85.065	15678.8803
73.294	88.065	15362.6566
73.294	91.065	15197.5877
73.294	94.065	15094.1665
73.294	97.065	13421.4848
73.294	100.065	13856.1173
73.294	103.065	12892.7519
73.294	106.065	13180.8386
73.294	109.065	11490.1808
73.294	112.065	11690.6233
73.294	115.065	10319.091
73.294	118.065	10505.0876
73.294	121.065	11135.8677
73.294	124.065	9212.1118
73.294	127.065	8664.3089
73.294	130.065	8543.4085
73.294	133.065	8070.3197
73.294	136.065	7351.2356
73.294	139.065	6823.5662
73.294	142.065	6458.7585
73.294	145.065	6143.9866
73.294	148.065	6264.5883
73.294	151.065	5947.5133
73.294	154.065	5386.1131
73.294	157.065	5311.1435
73.294	160.065	5046.117
73.294	163.065	4700.4897
73.294	166.065	4986.6737
73.294	169.065	4763.0854
73.294	172.065	4296.5418
73.294	175.065	5494.5087
73.294	178.065	4331.6257
73.294	181.065	4167.809
73.294	184.065	4844.1607
73.294	187.065	3994.3697
73.294	190.065	4069.4883
73.294	193.065	4143.4146
73.294	196.065	4451.8938
73.294	199.065	4032.6502
73.294	202.065	4583.3156
73.294	205.065	4247.707
73.294	208.065	5197.5821
73.294	211.065	4923.613
73.294	214.065	5179.3423
73.294	217.065	5074.3575
73.294	220.065	5333.9957
73.294	223.065	5921.3168
73.294	226.065	5814.4081
73.294	229.065	6891.3815
73.294	232.065	7011.6507
73.294	235.065	7890.6702
73.294	238.065	7838.6309
73.294	241.065	8990.4695
73.294	244.065	8903.9226
73.294	247.065	10040.1245
73.294	250.065	9363.8989
73.294	253.065	11838.1396
73.294	256.065	11196.3286
73.294	259.065	13059.8655
73.294	262.065	13269.3445
73.294	265.065	14107.4691
73.294	268.065	13922.7428
73.294	271.065	13037.609
73.294	274.065	13393.1393
73.294	277.065	15364.785
73.294	280.065	14483.4185
73.294	283.065	14017.5929
73.294	286.065	14031.2764
73.294	289.065	14685.5168
73.294	292.065	13568.8872
73.294	295.065	15040.2594
73.294	298.065	14727.6576
73.294	301.065	13190.5872
73.294	304.065	13503.2016
73.294	307.065	13636.1602
73.294	310.065	12314.1359
73.294	313.065	11521.0142
73.294	316.065	10858.3324
73.294	319.065	10199.132
73.294	322.065	10407.0065
73.294	325.065	8838.9736
73.294	328.065	9866.47
73.294	331.065	8459.6663
73.294	334.065	7793.3898
73.294	337.065	7745.2597
73.294	340.065	7713.241
73.294	343.065	7281.529
73.294	346.065	7377.089
73.294	349.065	6929.7979
73.294	352.065	6871.7783
73.294	355.065	7138.3192
73.294	358.065	6827.7801
76.507	0.48	43416.7255
76.507	3.48	42955.7917
76.507	6.48	44734.2426
76.507	9.48	44029.6763
76.507	12.48	43981.5429
76.507	15.48	44976.5783
76.507	18.48	46523.7871
76.507	21.48	45900.9191
76.507	24.48	46612.4843
76.507	27.48	47837.8172
76.507	30.48	47272.2055
76.507	33.48	47419.2421
76.507	36.48	48098.7027
76.507	39.48	48535.8063
76.507	42.48	47792.2573
76.507	45.48	47252.2094
76.507	48.48	47506.6031
76.507	51.48	48151.8173
76.507	54.48	49740.5154
76.507	57.48	49847.6587
76.507	60.48	49974.3473
76.507	63.48	49722.908
76.507	66.48	50593.8698
76.507	69.48	49473.2005
76.507	72.48	49590.3271
76.507	75.48	50241.1617
76.507	78.48	48885.2316
76.507	81.48	47656.699
76.507	84.48	46479.4262
76.507	87.48	45737.1276
76.507	90.48	44140.0733
76.507	93.48	41656.7326
76.507	96.48	40737.0297
76.507	99.48	39442.5101
76.507	102.48	35841.7234
76.507	105.48	34676.6797
76.507	108.48	32623.9106
76.507	111.48	31899.0257
76.507	114.48	29245.1587
76.507	117.48	27114.1064
76.507	120.48	25430.2738
76.507	123.48	24583.8922
76.507	126.48	23229.7228
76.507	129.48	22603.6782
76.507	132.48	21387.2451
76.507	135.48	19321.229
76.507	138.48	20469.9665
76.507	141.48	19181.5738
76.507	144.48	18488.5848
76.507	147.48	17455.1962
76.507	150.48	16691.6824
76.507	153.48	16252.087
76.507	156.48	15968.4009
76.507	159.48	14296.7836
76.507	162.48	14636.9138
76.507	165.48	13717.4907
76.507	168.48	14463.1462
76.507	171.48	13729.7173
76.507	174.48	12943.7917
76.507	177.48	13692.4945
76.507	180.48	14450.3879
76.507	183.48	13188.4482
76.507	186.48	13492.7867
76.507	189.48	12978.7364
76.507	192.48	14111.6007
76.507	195.48	12684.7484
76.507	198.48	14289.1353
76.507	201.48	14838.5541
76.507	204.48	14489.3658
76.507	207.48	13836.6554
76.507	210.48	15049.8553
76.507	213.48	14821.4548
76.507	216.48	15275.573
76.507	219.48	15662.9425
76.507	222.48	16331.291
76.507	225.48	17652.7692
76.507	228.48	18182.2305
76.507	231.48	18565.2642
76.507	234.48	20958.6953
76.507	237.48	20904.9285
76.507	240.48	21235.6179
76.507	243.48	22588.262
76.507	246.48	23820.0579
76.507	249.48	26483.4277
76.507	252.48	27073.6897
76.507	255.48	29586.0654
76.507	258.48	30997.7759
76.507	261.48	31216.8496
76.507	264.48	34071.7949
76.507	267.48	36365.5815
76.507	270.48	39081.136
76.507	273.48	40708.9243
76.507	276.48	40297.9805
76.507	279.48	43128.9739
76.507	282.48	46777.5387
76.507	285.48	46436.4144
76.507	288.48	47159.6533
76.507	291.48	47540.6289
76.507	294.48	49051.203
76.507	297.48	49155.9367
76.507	300.48	49808.3207
76.507	303.48	50034.2834
76.507	306.48	49305.9347
76.507	309.48	48324.7541
76.507	312.48	45618.7409
76.507	315.48	49269.8542
76.507	318.48	46527.8916
76.507	321.48	47366.8981
76.507	324.48	43735.3507
76.507	327.48	44773.0756
76.507	330.48	43970.2664
76.507	333.48	44468.704
76.507	336.48	44186.76
76.507	339.48	44163.2288
76.507	342.48	43509.5667
76.507	345.48	45037.3275
76.507	348.48	43410.4602
76.507	351.48	43727.5798
76.507	354.48	45445.8902
76.507	357.48	45353.8075
79.874	1.138	86296.6964
79.874	4.138	86429.4582
79.874	7.138	86198.8193
79.874	10.138	83278.6216
79.874	13.138	81818.3774
79.874	16.138	81792.428
79.874	19.138	81431.4919
79.874	22.138	82785.2176
79.874	25.138	81130.6887
79.874	28.138	80521.7074
79.874	31.138	81570.1885
79.874	34.138	80441.6784
79.874	37.138	80566.5613
79.874	40.138	81178.903
79.874	43.138	78295.1813
79.874	46.138	80271.0526
79.874	49.138	80537.6737
79.874	52.138	78969.7025
79.874	55.138	78223.2882
79.874	58.138	78870.196
79.874	61.138	79169.5891
79.874	64.138	77116.0167
79.874	67.138	77094.8682
79.874	70.138	75140.8038
79.874	73.138	74427.002
79.874	76.138	72979.8727
79.874	79.138	70518.4265
79.874	82.138	70819.9277
79.874	85.138	69483.6175
79.874	88.138	65943.7304
79.874	91.138	63506.6851
79.874	94.138	61224.1594
79.874	97.138	58449.8267
79.874	100.138	56863.9475
79.874	103.138	53429.331
79.874	106.138	51032.0342
79.874	109.138	46776.0379
79.874	112.138	45745.044
79.874	115.138	42581.0565
79.874	118.138	40542.7276
79.874	121.138	38023.5055
79.874	124.138	36124.2868
79.874	127.138	34162.1319
79.874	130.138	34166.7099
79.874	133.138	31047.2378
79.874	136.138	30671.6361
79.874	139.138	29778.7171
79.874	142.138	27955.1712
79.874	145.138	27250.8294
79.874	148.138	26054.58
79.874	151.138	25136.0203
79.874	154.138	24077.436
79.874	157.138	22385.0964
79.874	160.138	23331.7095
79.874	163.138	21579.4742
79.874	166.138	20172.1951
79.874	169.138	21586.4235
79.874	172.138	19917.3584
79.874	175.138	19863.9871
79.874	178.138	20221.3784
79.874	181.138	20249.6713
79.874	184.138	18725.2915
79.874	187.138	19078.3674
79.874	190.138	19770.1701
79.874	193.138	19891.5577
79.874	196.138	19588.182
79.874	199.138	20389.2562
79.874	202.138	20742.4434
79.874	205.138	20495.3849
79.874	208.138	21142.4214
79.874	211.138	22483.1787
79.874	214.138	23228.2989
79.874	217.138	24099.5901
79.874	220.138	23329.5041
79.874	223.138	26819.1353
79.874	226.138	27356.0072
79.874	229.138	28433.4966
79.874	232.138	29616.1611
79.874	235.138	30464.0453
79.874	238.138	34074.8797
79.874	241.138	33670.9687
79.874	244.138	36455.8918
79.874	247.138	39374.9363
79.874	250.138	40265.3342
79.874	253.138	42962.4458
79.874	256.138	44523.1702
79.874	259.138	48655.5079
79.874	262.138	50441.8474
79.874	265.138	52467.5744
79.874	268.138	54316.0723
79.874	271.138	58458.1692
79.874	274.138	60838.2784
79.874	277.138	64495.0875
79.874	280.138	67615.0889
79.874	283.138	67201.4076
79.874	286.138	70463.7463
79.874	289.138	73997.6988
79.874	292.138	74211.7328
79.874	295.138	74720.2111
79.874	298.138	76839.4876
79.874	301.138	78355.1191
79.874	304.138	80032.952
79.874	307.138	79087.9856
79.874	310.138	78784.9308
79.874	313.138	80487.5822
79.874	316.138	80275.075
79.874	319.138	80999.5636
79.874	322.138	78867.4592
79.874	325.138	79979.6118
79.874	328.138	81712.7477
79.874	331.138	82811.4201
79.874	334.138	83074.6258
79.874	337.138	83002.2169
79.874	340.138	82717.1027
79.874	343.138	82992.3374
79.874	346.138	83480.7704
79.874	349.138	85262.5089
79.874	352.138	84746.9016
79.874	355.138	85123.2214
79.874	358.138	87076.7539
83.158	3	173378.2916
83.158	6	173822.0203
83.158	9	176254.7004
83.158	12	176335.9814
83.158	15	173656.6669
83.158	18	173723.5248
83.158	21	171353.6722
83.158	24	169191.0307
83.158	27	168204.3016
83.158	30	166584.8062
83.158	33	164375.948
83.158	36	163877.1187
83.158	39	161188.4864
83.158	42	159480.2497
83.158	45	156789.3191
83.158	48	154545.0799
83.158	51	153874.2645
83.158	54	150098.5977
83.158	57	147677.2977
83.158	60	145522.3592
83.158	63	143628.258
83.158	66	139837.4029
83.158	69	136541.1089
83.158	72	134266.8705
83.158	75	129994.138
83.158	78	127383.337
83.158	81	122921.5795
83.158	84	118788.0621
83.158	87	114946.4462
83.158	90	111318.6305
83.158	93	107497.0715
83.158	96	103163.3171
83.158	99	98870.83865
83.158	102	93204.23035
83.158	105	89732.5026
83.158	108	87034.0915
83.158	111	82957.23235
83.158	114	79486.54965
83.158	117	75870.05235
83.158	120	70685.6217
83.158	123	69209.408
83.158	126	66236.05195
83.158	129	62050.6756
83.158	132	60059.9595
83.158	135	57084.58265
83.158	138	54261.7455
83.158	141	52542.32135
83.158	144	49690.77015
83.158	147	47663.3272
83.158	150	46425.60025
83.158	153	45801.49225
83.158	156	43258.43255
83.158	159	42899.8429
83.158	162	40490.25465
83.158	165	39034.5427
83.158	168	39725.43075
83.158	171	38656.221
83.158	174	37431.93805
83.158	177	37970.6342
83.158	180	37970.8573
83.158	183	37739.47905
83.158	186	38008.95115
83.158	189	38206.27795
83.158	192	37710.00795
83.158	195	38499.8336
83.158	198	37767.7087
83.158	201	38522.45505
83.158	204	39638.4089
83.158	207	40851.9598
83.158	210	41299.48255
83.158	213	42930.2444
83.158	216	43443.9923
83.158	219	45546.594
83.158	222	46495.1189
83.158	225	48306.3341
83.158	228	51407.2353
83.158	231	52069.1444
83.158	234	54742.8488
83.158	237	57802.9403
83.158	240	59272.87475
83.158	243	62635.20135
83.158	246	66810.05595
83.158	249	70793.57555
83.158	252	73741.83905
83.158	255	77080.3773
83.158	258	80441.4225
83.158	261	82838.79745
83.158	264	88935.97765
83.158	267	91783.37675
83.158	270	95359.61295
83.158	273	101045.3902
83.158	276	105486.4428
83.158	279	108872.8876
83.158	282	111399.7016
83.158	285	117035.0947
83.158	288	120271.7453
83.158	291	122778.5046
83.158	294	125998.7077
83.158	297	128812.4356
83.158	300	133353.314
83.158	303	133323.5153
83.158	306	134853.8384
83.158	309	137966.6205
83.158	312	141094.2141
83.158	315	141314.7879
83.158	318	142939.2725
83.158	321	145066.5321
83.158	324	147381.6075
83.158	327	148937.6176
83.158	330	150808.3324
83.158	333	152014.1814
83.158	336	154674.2174
83.158	339	154961.7783
83.158	342	157571.0319
83.158	345	160135.0686
83.158	348	164136.3899
83.158	351	167020.1401
83.158	354	169129.4603
83.158	357	173353.3185
83.158	360	173373.4848
86.197	1.253	499204.2744
86.197	4.253	490832.7192
86.197	7.253	489185.8784
86.197	10.253	484269.9641
86.197	13.253	481083.2436
86.197	16.253	469969.9214
86.197	19.253	465356.2915
86.197	22.253	456459.2257
86.197	25.253	455478.0205
86.197	28.253	447485.3603
86.197	31.253	446080.6761
86.197	34.253	445101.2637
86.197	37.253	443492.3078
86.197	40.253	442779.5036
86.197	43.253	441095.7607
86.197	46.253	440595.4667
86.197	49.253	433055.3603
86.197	52.253	432593.2247
86.197	55.253	427228.5849
86.197	58.253	422971.8521
86.197	61.253	416797.3497
86.197	64.253	414521.2058
86.197	67.253	407356.3044
86.197	70.253	401248.1878
86.197	73.253	400358.649
86.197	76.253	387798.6658
86.197	79.253	383134.7366
86.197	82.253	377730.6951
86.197	85.253	376566.6515
86.197	88.253	368536.7272
86.197	91.253	361184.0961
86.197	94.253	355059.1357
86.197	97.253	351639.1151
86.197	100.253	341324.7928
86.197	103.253	339179.4746
86.197	106.253	332007.1265
86.197	109.253	328528.3665
86.197	112.253	323597.5414
86.197	115.253	317996.8533
86.197	118.253	310196.6357
86.197	121.253	311764.3903
86.197	124.253	304958.8955
86.197	127.253	299151.8391
86.197	130.253	296275.5016
86.197	133.253	295682.0576
86.197	136.253	291393.4071
86.197	139.253	288682.7298
86.197	142.253	287381.9183
86.197	145.253	280236.3804
86.197	148.253	283813.4342
86.197	151.253	281820.5369
86.197	154.253	282057.8493
86.197	157.253	280484.6613
86.197	160.253	279166.6314
86.197	163.253	279354.7698
86.197	166.253	275291.366
86.197	169.253	277202.5494
86.197	172.253	274076.2873
86.197	175.253	279685.0428
86.197	178.253	277991.4363
86.197	181.253	276888.2546
86.197	184.253	275795.9198
86.197	187.253	277808.0919
86.197	190.253	274865.5279
86.197	193.253	273793.1737
86.197	196.253	275533.7314
86.197	199.253	276465.3527
86.197	202.253	276046.4275
86.197	205.253	278078.1327
86.197	208.253	282818.3118
86.197	211.253	284053.4359
86.197	214.253	294312.5008
86.197	217.253	296905.2401
86.197	220.253	304586.3358
86.197	223.253	312808.2102
86.197	226.253	319905.5684
86.197	229.253	330190.0754
86.197	232.253	332885.8452
86.197	235.253	342904.0446
86.197	238.253	349884.8514
86.197	241.253	357165.4516
86.197	244.253	367607.1828
86.197	247.253	372693.9694
86.197	250.253	377569.7698
86.197	253.253	382920.0672
86.197	256.253	388401.9957
86.197	259.253	394271.3255
86.197	262.253	401709.6372
86.197	265.253	405403.393
86.197	268.253	416740.6835
86.197	271.253	415060.9079
86.197	274.253	423122.4936
86.197	277.253	428187.6885
86.197	280.253	432030.5667
86.197	283.253	439265.0917
86.197	286.253	439364.7715
86.197	289.253	449272.8991
86.197	292.253	451047.2081
86.197	295.253	452513.8321
86.197	298.253	458410.5694
86.197	301.253	461715.3624
86.197	304.253	465322.9781
86.197	307.253	471505.1436
86.197	310.253	473255.6748
86.197	313.253	477156.5352
86.197	316.253	481436.8374
86.197	319.253	481249.8153
86.197	322.253	484506.949
86.197	325.253	495271.8388
86.197	328.253	497399.0981
86.197	331.253	493910.0655
86.197	334.253	498403.0117
86.197	337.253	501125.8973
86.197	340.253	506882.144
86.197	343.253	507727.0698
86.197	346.253	503688.2913
86.197	349.253	506742.3165
86.197	352.253	503440.656
86.197	355.253	504594.4591
86.197	358.253	503238.1088
88.4	3	484490.8013
88.4	6	480786.6451
88.4	9	482941.3338
88.4	12	481934.2193
88.4	15	486531.385
88.4	18	483490.1213
88.4	21	485049.6067
88.4	24	482297.5712
88.4	27	484467.1978
88.4	30	484253.8858
88.4	33	484499.9242
88.4	36	483172.1099
88.4	39	478339.6833
88.4	42	477818.9031
88.4	45	477032.4881
88.4	48	474305.2816
88.4	51	468988.3711
88.4	54	467254.312
88.4	57	462528.2027
88.4	60	454071.4616
88.4	63	450470.7719
88.4	66	445304.6184
88.4	69	437997.1939
88.4	72	430959.4211
88.4	75	426818.9584
88.4	78	417915.6731
88.4	81	407693.7088
88.4	84	403007.9017
88.4	87	394349.3764
88.4	90	385549.8561
88.4	93	376866.8305
88.4	96	375591.4549
88.4	99	372296.8157
88.4	102	371745.7528
88.4	105	369412.7749
88.4	108	365935.8371
88.4	111	363993.1895
88.4	114	361626.7033
88.4	117	360167.305
88.4	120	358139.4192
88.4	123	353908.9188
88.4	126	353332.0571
88.4	129	350234.1245
88.4	132	348552.1655
88.4	135	344687.1942
88.4	138	341131.4818
88.4	141	338155.11
88.4	144	330607.2398
88.4	147	325523.5315
88.4	150	322645.7519
88.4	153	318842.4237
88.4	156	317353.8163
88.4	159	313289.958
88.4	162	309456.2957
88.4	165	306302.0144
88.4	168	303034.1333
88.4	171	304563.8854
88.4	174	297182.4788
88.4	177	294536.2585
88.4	180	294375.6427
88.4	183	293617.6802
88.4	186	295137.6823
88.4	189	292647.8058
88.4	192	288511.358
88.4	195	290658.1149
88.4	198	289541.1485
88.4	201	292011.2277
88.4	204	292198.7489
88.4	207	290984.667
88.4	210	295739.19
88.4	213	297359.1796
88.4	216	296970.5832
88.4	219	303559.3183
88.4	222	304784.7741
88.4	225	302949.202
88.4	228	308853.4518
88.4	231	307653.1298
88.4	234	312288.7452
88.4	237	319515.0071
88.4	240	321419.6362
88.4	243	321121.2259
88.4	246	324561.5179
88.4	249	324724.1449
88.4	252	330762.4522
88.4	255	326590.541
88.4	258	332102.2973
88.4	261	332657.092
88.4	264	332706.6998
88.4	267	338729.2505
88.4	270	339535.5054
88.4	273	345498.2538
88.4	276	353719.4375
88.4	279	361973.3031
88.4	282	365895.0513
88.4	285	379683.4499
88.4	288	388841.1345
88.4	291	396946.6442
88.4	294	402697.5031
88.4	297	412481.7616
88.4	300	419144.7574
88.4	303	432005.7565
88.4	306	435076.7281
88.4	309	443565.216
88.4	312	446295.3124
88.4	315	451636.7459
88.4	318	456363.9745
88.4	321	459100.9818
88.4	324	463730.7616
88.4	327	468820.8541
88.4	330	473769.0851
88.4	333	474849.2235
88.4	336	475725.4822
88.4	339	479117.3148
88.4	342	479419.8552
88.4	345	481228.7603
88.4	348	489093.638
88.4	351	478676.1713
88.4	354	485863.624
88.4	357	481533.2764
88.4	360	483508.9375