>BT8; Created QKowari;
>grid: 
>backgr: 
-4.0
0	1	1523.6369
0	4	1471.321
0	7	1398.2026
0	10	1644.7295
0	13	1759.8722
0	16	1688.7941
0	19	1792.9091
0	22	1677.8367
0	25	1754.0848
0	28	2250.5394
0	31	2449.2375
0	34	2397.7484
0	37	2550.0746
0	40	2653.2667
0	43	3256.771
0	46	3486.7693
0	49	4026.9727
0	52	4120.7955
0	55	4594.311
0	58	4935.0256
0	61	5324.359
0	64	5646.0866
0	67	5888.8616
0	70	5938.4504
0	73	5518.3248
0	76	5460.1903
0	79	5025.7186
0	82	5041.6567
0	85	4176.1487
0	88	4229.0411
0	91	4121.5007
0	94	3866.5673
0	97	3641.6084
0	100	3978.2591
0	103	3914.2252
0	106	4114.718
0	109	4274.9402
0	112	4498.496
0	115	4633.5449
0	118	4555.1225
0	121	4517.8051
0	124	4459.7472
0	127	4201.1739
0	130	4135.1819
0	133	3995.9473
0	136	3405.2557
0	139	3651.325
0	142	3115.7182
0	145	2899.4315
0	148	2666.3935
0	151	2460.8896
0	154	2376.885
0	157	1946.1159
0	160	1830.9025
0	163	2009.9592
0	166	1960.573
0	169	2012.4288
0	172	1525.6757
0	175	1806.3346
0	178	1672.2444
0	181	1704.2617
0	184	1951.2942
0	187	1876.8814
0	190	1682.4333
0	193	1863.587
0	196	1708.0637
0	199	1817.6764
0	202	1976.6343
0	205	1845.074
0	208	2172.1769
0	211	2549.062
0	214	2609.7947
0	217	2742.0676
0	220	3055.1282
0	223	3124.5066
0	226	3899.0781
0	229	3968.7418
0	232	4262.1065
0	235	4562.6753
0	238	4897.5019
0	241	5560.4621
0	244	5652.3868
0	247	5452.8307
0	250	5853.675
0	253	5820.0813
0	256	5634.6922
0	259	5623.6861
0	262	4980.7052
0	265	5059.149
0	268	4630.6711
0	271	4251.3652
0	274	3945.4292
0	277	4216.6802
0	280	3988.2296
0	283	3958.8844
0	286	3983.2309
0	289	4579.2481
0	292	4691.8373
0	295	4793.7062
0	298	4538.2464
0	301	4574.1809
0	304	4333.5343
0	307	4557.2339
0	310	4213.6662
0	313	3973.5274
0	316	3735.9397
0	319	3328.0143
0	322	3108.3907
0	325	3032.9881
0	328	2792.289
0	331	2389.0793
0	334	2055.4295
0	337	2000.2225
0	340	1625.1351
0	343	1857.4986
0	346	1780.772
0	349	1781.7444
0	352	1600.3141
0	355	1235.5251
0	358	1624.519
3.196	0.15	1203.5973
3.196	3.15	1052.4968
3.196	6.15	990.6719
3.196	9.15	1162.9083
3.196	12.15	900.899
3.196	15.15	1085.7545
3.196	18.15	1023.6055
3.196	21.15	1271.714
3.196	24.15	1240.3
3.196	27.15	1495.7488
3.196	30.15	1895.942
3.196	33.15	1794.048
3.196	36.15	2073.0579
3.196	39.15	2572.2053
3.196	42.15	2900.6729
3.196	45.15	2543.8197
3.196	48.15	3285.2778
3.196	51.15	3346.2077
3.196	54.15	3892.0031
3.196	57.15	4100.0726
3.196	60.15	4330.9335
3.196	63.15	4495.058
3.196	66.15	4758.3114
3.196	69.15	4792.5773
3.196	72.15	4799.6867
3.196	75.15	4771.6518
3.196	78.15	4314.6105
3.196	81.15	4194.718
3.196	84.15	4261.9149
3.196	87.15	3477.9372
3.196	90.15	3259.3662
3.196	93.15	3219.2695
3.196	96.15	2994.043
3.196	99.15	3446.7887
3.196	102.15	3427.512
3.196	105.15	3382.4775
3.196	108.15	3834.0133
3.196	111.15	3632.5166
3.196	114.15	3758.9749
3.196	117.15	4298.5252
3.196	120.15	4261.2151
3.196	123.15	3970.2586
3.196	126.15	3999.147
3.196	129.15	3898.8128
3.196	132.15	3970.4619
3.196	135.15	3593.9989
3.196	138.15	3306.1212
3.196	141.15	3364.2695
3.196	144.15	3016.0686
3.196	147.15	2994.2119
3.196	150.15	2759.0691
3.196	153.15	2448.6933
3.196	156.15	2183.3315
3.196	159.15	2225.3401
3.196	162.15	1872.1563
3.196	165.15	1767.3294
3.196	168.15	2218.1745
3.196	171.15	1582.1225
3.196	174.15	1836.4071
3.196	177.15	1898.8292
3.196	180.15	1621.4942
3.196	183.15	1391.7665
3.196	186.15	1650.1742
3.196	189.15	1656.004
3.196	192.15	1878.464
3.196	195.15	1794.2913
3.196	198.15	1808.9358
3.196	201.15	1865.1535
3.196	204.15	1990.8877
3.196	207.15	1984.371
3.196	210.15	2007.1814
3.196	213.15	2278.8474
3.196	216.15	2811.6953
3.196	219.15	2765.1666
3.196	222.15	3437.8055
3.196	225.15	3639.35
3.196	228.15	3887.1067
3.196	231.15	3961.8073
3.196	234.15	4555.8771
3.196	237.15	4850.1896
3.196	240.15	4956.6384
3.196	243.15	5074.474
3.196	246.15	5187.6786
3.196	249.15	5157.5007
3.196	252.15	4833.7662
3.196	255.15	5159.4998
3.196	258.15	5262.3837
3.196	261.15	4927.9953
3.196	264.15	4741.4644
3.196	267.15	4185.1801
3.196	270.15	3752.0863
3.196	273.15	4075.3667
3.196	276.15	3522.4687
3.196	279.15	3369.2959
3.196	282.15	3219.2
3.196	285.15	3746.3238
3.196	288.15	3817.2721
3.196	291.15	3764.8854
3.196	294.15	3821.2596
3.196	297.15	3495.6012
3.196	300.15	3986.5969
3.196	303.15	3972.0889
3.196	306.15	4017.0028
3.196	309.15	3804.1904
3.196	312.15	3480.1722
3.196	315.15	3104.9034
3.196	318.15	3345.8035
3.196	321.15	2707.8174
3.196	324.15	2547.0455
3.196	327.15	2367.7552
3.196	330.15	1996.2018
3.196	333.15	1965.0224
3.196	336.15	1797.174
3.196	339.15	1754.3687
3.196	342.15	1443.4528
3.196	345.15	1319.9915
3.196	348.15	1249.7962
3.196	351.15	1148.1965
3.196	354.15	1200.7775
3.196	357.15	1251.5169
6.802	1.156	652.76585
6.802	4.156	644.57535
6.802	7.156	703.45915
6.802	10.156	780.6578
6.802	13.156	530.54455
6.802	16.156	722.5198
6.802	19.156	719.2478
6.802	22.156	772.95275
6.802	25.156	1087.38335
6.802	28.156	983.1768
6.802	31.156	979.0838
6.802	34.156	1151.9704
6.802	37.156	1222.5315
6.802	40.156	1551.63195
6.802	43.156	1614.1564
6.802	46.156	1610.52035
6.802	49.156	1485.57495
6.802	52.156	1655.7564
6.802	55.156	1675.669
6.802	58.156	1773.58415
6.802	61.156	1828.55755
6.802	64.156	1724.7228
6.802	67.156	1618.11545
6.802	70.156	1648.9338
6.802	73.156	1607.8259
6.802	76.156	1624.3729
6.802	79.156	1481.4526
6.802	82.156	1428.9188
6.802	85.156	1334.1631
6.802	88.156	1616.7494
6.802	91.156	1292.9236
6.802	94.156	1275.7243
6.802	97.156	1443.50875
6.802	100.156	1437.1662
6.802	103.156	1436.3149
6.802	106.156	1328.9257
6.802	109.156	1605.9973
6.802	112.156	1719.66855
6.802	115.156	1781.54445
6.802	118.156	1770.4796
6.802	121.156	2108.2121
6.802	124.156	2147.6269
6.802	127.156	2038.9637
6.802	130.156	2080.4001
6.802	133.156	2042.13485
6.802	136.156	2100.45105
6.802	139.156	2071.4059
6.802	142.156	2006.22575
6.802	145.156	1982.2873
6.802	148.156	1543.7551
6.802	151.156	1700.5373
6.802	154.156	1385.10125
6.802	157.156	1415.3509
6.802	160.156	1227.65335
6.802	163.156	1154.3665
6.802	166.156	1156.2155
6.802	169.156	1063.3475
6.802	172.156	1266.02815
6.802	175.156	957.44665
6.802	178.156	949.8869
6.802	181.156	1067.11665
6.802	184.156	1043.2572
6.802	187.156	1377.08935
6.802	190.156	962.50285
6.802	193.156	936.52595
6.802	196.156	1160.55135
6.802	199.156	1244.72475
6.802	202.156	1092.6734
6.802	205.156	1409.9305
6.802	208.156	1352.7575
6.802	211.156	1517.50655
6.802	214.156	1576.67215
6.802	217.156	1724.41095
6.802	220.156	1718.71435
6.802	223.156	1921.50735
6.802	226.156	2173.30615
6.802	229.156	2201.54195
6.802	232.156	2269.78475
6.802	235.156	2312.8537
6.802	238.156	2358.88935
6.802	241.156	2465.11095
6.802	244.156	2450.5139
6.802	247.156	2271.2144
6.802	250.156	2154.63775
6.802	253.156	2072.78215
6.802	256.156	2051.11795
6.802	259.156	1797.7667
6.802	262.156	1759.3634
6.802	265.156	1570.94165
6.802	268.156	1475.9851
6.802	271.156	1438.49265
6.802	274.156	1573.3853
6.802	277.156	1439.56235
6.802	280.156	1462.29295
6.802	283.156	1413.14205
6.802	286.156	1341.0862
6.802	289.156	1432.23105
6.802	292.156	1533.7826
6.802	295.156	1343.55715
6.802	298.156	1538.7729
6.802	301.156	1518.1333
6.802	304.156	1638.99165
6.802	307.156	1469.809
6.802	310.156	1404.2325
6.802	313.156	1561.6717
6.802	316.156	1423.54435
6.802	319.156	1511.5483
6.802	322.156	1489.6043
6.802	325.156	1191.6899
6.802	328.156	1180.38695
6.802	331.156	1320.11505
6.802	334.156	1171.3929
6.802	337.156	1062.51795
6.802	340.156	952.69195
6.802	343.156	877.6796
6.802	346.156	892.4593
6.802	349.156	722.6882
6.802	352.156	726.53925
6.802	355.156	609.2332
6.802	358.156	581.8171
9.998	0.015	447.5561
9.998	3.015	579.996
9.998	6.015	727.9621
9.998	9.015	551.3805
9.998	12.015	717.6397
9.998	15.015	988.0996
9.998	18.015	868.916
9.998	21.015	689.1647
9.998	24.015	926.9641
9.998	27.015	826.9835
9.998	30.015	888.1237
9.998	33.015	1025.3022
9.998	36.015	990.3967
9.998	39.015	1447.1421
9.998	42.015	1297.0301
9.998	45.015	1210.9086
9.998	48.015	1487.6791
9.998	51.015	1260.5827
9.998	54.015	1456.0492
9.998	57.015	1304.3009
9.998	60.015	1427.7294
9.998	63.015	1487.0896
9.998	66.015	1393.825
9.998	69.015	1094.9741
9.998	72.015	1112.3711
9.998	75.015	1112.0521
9.998	78.015	1202.4872
9.998	81.015	1094.3219
9.998	84.015	1110.1883
9.998	87.015	899.8862
9.998	90.015	969.2396
9.998	93.015	893.3489
9.998	96.015	885.8975
9.998	99.015	1184.759
9.998	102.015	904.4441
9.998	105.015	1096.3593
9.998	108.015	861.6927
9.998	111.015	1267.3609
9.998	114.015	1083.2436
9.998	117.015	1382.1582
9.998	120.015	1692.9817
9.998	123.015	1508.9041
9.998	126.015	1420.5054
9.998	129.015	1450.978
9.998	132.015	1499.1533
9.998	135.015	1734.458
9.998	138.015	1693.2829
9.998	141.015	1746.0344
9.998	144.015	1528.7786
9.998	147.015	1557.5787
9.998	150.015	1407.9471
9.998	153.015	1435.5796
9.998	156.015	1419.2893
9.998	159.015	901.239
9.998	162.015	866.035
9.998	165.015	662.6187
9.998	168.015	948.4333
9.998	171.015	1050.5747
9.998	174.015	852.9808
9.998	177.015	886.9405
9.998	180.015	807.5339
9.998	183.015	627.9306
9.998	186.015	819.5428
9.998	189.015	772.1642
9.998	192.015	694.6459
9.998	195.015	871.485
9.998	198.015	724.3788
9.998	201.015	897.003
9.998	204.015	1158.5273
9.998	207.015	1187.4151
9.998	210.015	1245.0589
9.998	213.015	1268.4559
9.998	216.015	1335.0221
9.998	219.015	1407.6831
9.998	222.015	1850.2348
9.998	225.015	1559.6329
9.998	228.015	1874.9456
9.998	231.015	1730.0713
9.998	234.015	1622.9207
9.998	237.015	1968.1206
9.998	240.015	1698.168
9.998	243.015	1710.9207
9.998	246.015	1788.9646
9.998	249.015	1618.1738
9.998	252.015	1615.135
9.998	255.015	1312.6829
9.998	258.015	1581.3723
9.998	261.015	1636.6208
9.998	264.015	1307.6281
9.998	267.015	1364.4698
9.998	270.015	1074.6232
9.998	273.015	1119.4587
9.998	276.015	1062.7656
9.998	279.015	1094.5454
9.998	282.015	1325.9362
9.998	285.015	1065.2722
9.998	288.015	1170.2244
9.998	291.015	1119.2764
9.998	294.015	944.1331
9.998	297.015	984.8462
9.998	300.015	1397.7989
9.998	303.015	1140.8915
9.998	306.015	1321.7373
9.998	309.015	1354.457
9.998	312.015	1338.999
9.998	315.015	1365.0471
9.998	318.015	1315.147
9.998	321.015	1381.3678
9.998	324.015	1155.2917
9.998	327.015	1218.478
9.998	330.015	1109.454
9.998	333.015	1179.5799
9.998	336.015	1142.5204
9.998	339.015	1163.6612
9.998	342.015	1098.1511
9.998	345.015	873.6038
9.998	348.015	800.7373
9.998	351.015	948.6195
9.998	354.015	838.1114
9.998	357.015	651.1691
13.194	2.179	903.4428
13.194	5.179	922.4894
13.194	8.179	770.3721
13.194	11.179	729.9416
13.194	14.179	807.8795
13.194	17.179	838.2249
13.194	20.179	1054.2113
13.194	23.179	1160.9246
13.194	26.179	982.7587
13.194	29.179	1267.5466
13.194	32.179	997.1197
13.194	35.179	1254.9084
13.194	38.179	1137.9539
13.194	41.179	1098.1027
13.194	44.179	1440.033
13.194	47.179	1281.5272
13.194	50.179	1123.0798
13.194	53.179	807.5671
13.194	56.179	1063.4032
13.194	59.179	919.3272
13.194	62.179	853.1668
13.194	65.179	806.6063
13.194	68.179	705.0208
13.194	71.179	775.6361
13.194	74.179	654.5467
13.194	77.179	875.4349
13.194	80.179	781.4069
13.194	83.179	633.6718
13.194	86.179	638.7738
13.194	89.179	547.7964
13.194	92.179	995.3209
13.194	95.179	833.8053
13.194	98.179	870.5398
13.194	101.179	613.346
13.194	104.179	786.4162
13.194	107.179	755.7195
13.194	110.179	786.5951
13.194	113.179	890.9419
13.194	116.179	846.9029
13.194	119.179	1033.403
13.194	122.179	901.1025
13.194	125.179	1167.6504
13.194	128.179	877.5607
13.194	131.179	858.0557
13.194	134.179	992.5266
13.194	137.179	1145.6632
13.194	140.179	1014.0775
13.194	143.179	997.8139
13.194	146.179	1260.4455
13.194	149.179	903.8411
13.194	152.179	940.7265
13.194	155.179	931.1643
13.194	158.179	881.9888
13.194	161.179	806.5054
13.194	164.179	815.0864
13.194	167.179	802.5241
13.194	170.179	716.2519
13.194	173.179	779.6363
13.194	176.179	506.3353
13.194	179.179	482.4345
13.194	182.179	356.1809
13.194	185.179	615.6523
13.194	188.179	593.153
13.194	191.179	505.1997
13.194	194.179	550.0759
13.194	197.179	649.0454
13.194	200.179	781.7826
13.194	203.179	708.2719
13.194	206.179	961.2783
13.194	209.179	1039.172
13.194	212.179	1018.6337
13.194	215.179	1090.5307
13.194	218.179	1214.6285
13.194	221.179	1132.3587
13.194	224.179	934.0249
13.194	227.179	1025.8126
13.194	230.179	1260.1642
13.194	233.179	1150.4912
13.194	236.179	1185.1335
13.194	239.179	1078.3908
13.194	242.179	1339.81
13.194	245.179	991.4959
13.194	248.179	996.7556
13.194	251.179	1110.1172
13.194	254.179	1136.7774
13.194	257.179	861.7278
13.194	260.179	861.8676
13.194	263.179	646.3702
13.194	266.179	685.1642
13.194	269.179	878.2977
13.194	272.179	896.1303
13.194	275.179	791.8742
13.194	278.179	759.5669
13.194	281.179	961.8801
13.194	284.179	930.2412
13.194	287.179	960.7315
13.194	290.179	1125.1179
13.194	293.179	1105.5193
13.194	296.179	752.988
13.194	299.179	683.5908
13.194	302.179	1054.0335
13.194	305.179	875.6767
13.194	308.179	1069.2411
13.194	311.179	856.1756
13.194	314.179	1120.3662
13.194	317.179	975.4986
13.194	320.179	1137.773
13.194	323.179	1385.9939
13.194	326.179	1107.1625
13.194	329.179	1188.0386
13.194	332.179	964.5259
13.194	335.179	1274.8065
13.194	338.179	1087.9859
13.194	341.179	1185.6346
13.194	344.179	986.8324
13.194	347.179	822.6631
13.194	350.179	950.6618
13.194	353.179	875.3714
13.194	356.179	829.2694
13.194	359.179	781.2102
16.8	0.199	2195.3269
16.8	3.199	2059.9614
16.8	6.199	1934.5991
16.8	9.199	2119.7003
16.8	12.199	1705.1882
16.8	15.199	1695.2301
16.8	18.199	2057.1652
16.8	21.199	1903.6397
16.8	24.199	1736.062
16.8	27.199	1581.076
16.8	30.199	1738.8463
16.8	33.199	1646.6593
16.8	36.199	2010.7702
16.8	39.199	1745.2632
16.8	42.199	1638.6366
16.8	45.199	1770.8821
16.8	48.199	1475.1266
16.8	51.199	1640.1151
16.8	54.199	1397.483
16.8	57.199	1200.5798
16.8	60.199	1212.2616
16.8	63.199	1139.0113
16.8	66.199	885.3592
16.8	69.199	1061.2868
16.8	72.199	1057.8919
16.8	75.199	779.0636
16.8	78.199	758.1376
16.8	81.199	615.8556
16.8	84.199	596.4382
16.8	87.199	665.4089
16.8	90.199	700.9727
16.8	93.199	733.4687
16.8	96.199	652.9243
16.8	99.199	923.7827
16.8	102.199	778.5558
16.8	105.199	677.773
16.8	108.199	885.4038
16.8	111.199	971.5078
16.8	114.199	714.1163
16.8	117.199	864.4275
16.8	120.199	633.821
16.8	123.199	771.3737
16.8	126.199	693.8913
16.8	129.199	805.2612
16.8	132.199	960.3333
16.8	135.199	821.0465
16.8	138.199	817.8332
16.8	141.199	1038.9434
16.8	144.199	932.0439
16.8	147.199	852.3065
16.8	150.199	926.7243
16.8	153.199	931.3378
16.8	156.199	1089.3774
16.8	159.199	1040.1681
16.8	162.199	832.4595
16.8	165.199	914.5346
16.8	168.199	588.064
16.8	171.199	982.1128
16.8	174.199	702.414
16.8	177.199	941.4623
16.8	180.199	777.5535
16.8	183.199	712.8736
16.8	186.199	934.4627
16.8	189.199	887.4619
16.8	192.199	669.9103
16.8	195.199	951.6298
16.8	198.199	929.49
16.8	201.199	843.6797
16.8	204.199	837.3024
16.8	207.199	928.7857
16.8	210.199	1333.8912
16.8	213.199	996.0999
16.8	216.199	1046.7847
16.8	219.199	1014.1171
16.8	222.199	1203.7657
16.8	225.199	959.5189
16.8	228.199	1167.6588
16.8	231.199	1097.4258
16.8	234.199	791.073
16.8	237.199	1172.1005
16.8	240.199	839.0015
16.8	243.199	1028.423
16.8	246.199	1156.3884
16.8	249.199	834.6263
16.8	252.199	905.495
16.8	255.199	859.2365
16.8	258.199	729.4914
16.8	261.199	998.4216
16.8	264.199	677.8885
16.8	267.199	926.9512
16.8	270.199	959.0555
16.8	273.199	752.046
16.8	276.199	842.0569
16.8	279.199	583.9537
16.8	282.199	812.2631
16.8	285.199	787.0741
16.8	288.199	1208.2589
16.8	291.199	833.6325
16.8	294.199	857.5222
16.8	297.199	977.7126
16.8	300.199	1009.0434
16.8	303.199	1077.9713
16.8	306.199	1117.6945
16.8	309.199	1241.0359
16.8	312.199	1397.0023
16.8	315.199	1639.9573
16.8	318.199	1636.6089
16.8	321.199	1771.7219
16.8	324.199	1878.1107
16.8	327.199	2019.593
16.8	330.199	1808.7179
16.8	333.199	1903.0488
16.8	336.199	1702.2142
16.8	339.199	1890.4976
16.8	342.199	1613.1782
16.8	345.199	1837.7924
16.8	348.199	1852.1121
16.8	351.199	1875.3984
16.8	354.199	1833.5635
16.8	357.199	2301.9421
19.997	2.064	4430.3911
19.997	5.064	4541.166
19.997	8.064	4509.2766
19.997	11.064	4268.2819
19.997	14.064	4098.1468
19.997	17.064	3854.5107
19.997	20.064	3692.6367
19.997	23.064	3000.3688
19.997	26.064	3367.1683
19.997	29.064	3287.5906
19.997	32.064	3167.0917
19.997	35.064	3347.8128
19.997	38.064	3303.8811
19.997	41.064	2669.0513
19.997	44.064	2704.5008
19.997	47.064	2554.0719
19.997	50.064	2684.5232
19.997	53.064	2142.9987
19.997	56.064	2085.9641
19.997	59.064	1921.2124
19.997	62.064	1806.8603
19.997	65.064	1409.805
19.997	68.064	1379.761
19.997	71.064	1101.1172
19.997	74.064	1037.0721
19.997	77.064	978.8373
19.997	80.064	935.104
19.997	83.064	846.9138
19.997	86.064	916.6335
19.997	89.064	941.945
19.997	92.064	1019.8715
19.997	95.064	979.5514
19.997	98.064	804.3463
19.997	101.064	809.2929
19.997	104.064	1367.2387
19.997	107.064	994.9628
19.997	110.064	1014.4117
19.997	113.064	1099.7369
19.997	116.064	1097.5512
19.997	119.064	1234.6396
19.997	122.064	1281.321
19.997	125.064	1220.0903
19.997	128.064	1334.52
19.997	131.064	1404.6499
19.997	134.064	1377.521
19.997	137.064	1368.2823
19.997	140.064	1330.242
19.997	143.064	1445.9818
19.997	146.064	1225.5225
19.997	149.064	1294.6237
19.997	152.064	1580.3942
19.997	155.064	1613.3655
19.997	158.064	1375.4562
19.997	161.064	1250.0008
19.997	164.064	1455.0871
19.997	167.064	1364.026
19.997	170.064	1581.5059
19.997	173.064	1669.5976
19.997	176.064	1437.5878
19.997	179.064	1561.1602
19.997	182.064	1466.5828
19.997	185.064	1628.2774
19.997	188.064	1354.0911
19.997	191.064	1430.4032
19.997	194.064	1377.6695
19.997	197.064	1564.1239
19.997	200.064	1379.2504
19.997	203.064	1356.1678
19.997	206.064	1541.663
19.997	209.064	1499.2819
19.997	212.064	1773.2136
19.997	215.064	1552.1069
19.997	218.064	1496.3505
19.997	221.064	1720.5122
19.997	224.064	1662.9043
19.997	227.064	1514.5263
19.997	230.064	1566.8045
19.997	233.064	1636.4445
19.997	236.064	1648.2122
19.997	239.064	1499.701
19.997	242.064	1275.9145
19.997	245.064	1236.7244
19.997	248.064	1441.9158
19.997	251.064	1421.7644
19.997	254.064	1478.3163
19.997	257.064	1310.273
19.997	260.064	1376.4524
19.997	263.064	1194.4284
19.997	266.064	1129.7881
19.997	269.064	1016.6444
19.997	272.064	1244.0251
19.997	275.064	1038.0217
19.997	278.064	1172.6972
19.997	281.064	1325.0211
19.997	284.064	1078.3922
19.997	287.064	1324.002
19.997	290.064	1095.4122
19.997	293.064	1197.1943
19.997	296.064	1290.8378
19.997	299.064	1432.2301
19.997	302.064	1614.9582
19.997	305.064	1612.6794
19.997	308.064	1954.2384
19.997	311.064	2094.0935
19.997	314.064	2336.3445
19.997	317.064	2637.5303
19.997	320.064	2881.1536
19.997	323.064	3013.8139
19.997	326.064	3455.9486
19.997	329.064	3188.2069
19.997	332.064	3484.0395
19.997	335.064	3537.0795
19.997	338.064	3410.1751
19.997	341.064	3302.2075
19.997	344.064	3419.6191
19.997	347.064	3572.6539
19.997	350.064	4050.6487
19.997	353.064	4003.3588
19.997	356.064	4217.3152
19.997	359.064	4331.7319
23.192	1.249	6454.5667
23.192	4.249	6499.3992
23.192	7.249	6404.901
23.192	10.249	6311.5895
23.192	13.249	5876.5826
23.192	16.249	5713.7412
23.192	19.249	5236.3926
23.192	22.249	4861.0532
23.192	25.249	4511.9704
23.192	28.249	4425.2365
23.192	31.249	4254.7135
23.192	34.249	4014.0996
23.192	37.249	4005.9915
23.192	40.249	3912.3391
23.192	43.249	3674.1676
23.192	46.249	3415.6426
23.192	49.249	3211.3496
23.192	52.249	2854.6457
23.192	55.249	2577.7212
23.192	58.249	2391.2307
23.192	61.249	1997.5223
23.192	64.249	1747.5817
23.192	67.249	1463.8313
23.192	70.249	1474.4518
23.192	73.249	1162.4123
23.192	76.249	1224.7698
23.192	79.249	1019.4355
23.192	82.249	1058.2332
23.192	85.249	841.7993
23.192	88.249	1155.8432
23.192	91.249	974.7715
23.192	94.249	1012.5516
23.192	97.249	1104.5498
23.192	100.249	1065.4177
23.192	103.249	1071.1612
23.192	106.249	1202.4163
23.192	109.249	999.0749
23.192	112.249	1276.3065
23.192	115.249	1379.6727
23.192	118.249	1550.3966
23.192	121.249	1606.3446
23.192	124.249	1642.435
23.192	127.249	1770.2605
23.192	130.249	1764.4816
23.192	133.249	1828.3224
23.192	136.249	2370.6265
23.192	139.249	2008.3157
23.192	142.249	2080.7152
23.192	145.249	2134.8665
23.192	148.249	2161.1811
23.192	151.249	1903.432
23.192	154.249	2034.784
23.192	157.249	1995.9762
23.192	160.249	2216.225
23.192	163.249	2189.1844
23.192	166.249	2297.9129
23.192	169.249	2274.7488
23.192	172.249	2121.4789
23.192	175.249	2407.5319
23.192	178.249	2141.5247
23.192	181.249	2378.5838
23.192	184.249	2652.8759
23.192	187.249	2190.7508
23.192	190.249	2324.9294
23.192	193.249	2496.7089
23.192	196.249	2227.8602
23.192	199.249	2201.0907
23.192	202.249	2213.7839
23.192	205.249	2172.8493
23.192	208.249	2435.4495
23.192	211.249	2119.0784
23.192	214.249	2112.8076
23.192	217.249	1943.5386
23.192	220.249	1810.4419
23.192	223.249	2344.3474
23.192	226.249	2097.1032
23.192	229.249	2075.0935
23.192	232.249	2085.1741
23.192	235.249	2119.782
23.192	238.249	2229.4002
23.192	241.249	1970.6606
23.192	244.249	1833.3752
23.192	247.249	1781.5444
23.192	250.249	1803.3195
23.192	253.249	1641.9688
23.192	256.249	1723.4042
23.192	259.249	1448.1314
23.192	262.249	1404.3237
23.192	265.249	1289.0955
23.192	268.249	1206.0693
23.192	271.249	1134.3783
23.192	274.249	990.3368
23.192	277.249	1062.3828
23.192	280.249	1061.4556
23.192	283.249	1273.7674
23.192	286.249	1334.3191
23.192	289.249	1276.6126
23.192	292.249	1361.8173
23.192	295.249	1710.5613
23.192	298.249	1703.165
23.192	301.249	1827.0334
23.192	304.249	2269.3598
23.192	307.249	2404.6361
23.192	310.249	2557.1757
23.192	313.249	2924.0008
23.192	316.249	3744.2276
23.192	319.249	3409.7314
23.192	322.249	3927.1258
23.192	325.249	4397.7886
23.192	328.249	4292.6088
23.192	331.249	4694.2459
23.192	334.249	4504.9512
23.192	337.249	4761.6493
23.192	340.249	4701.9327
23.192	343.249	4803.4907
23.192	346.249	4832.9388
23.192	349.249	5355.23
23.192	352.249	5422.8142
23.192	355.249	5866.9599
23.192	358.249	6108.6183
26.797	2.286	7452.5045
26.797	5.286	7133.0702
26.797	8.286	7755.5463
26.797	11.286	6918.2408
26.797	14.286	6141.8888
26.797	17.286	6164.8553
26.797	20.286	5516.9389
26.797	23.286	5353.7602
26.797	26.286	5115.5434
26.797	29.286	4833.0511
26.797	32.286	4429.1427
26.797	35.286	4307.5141
26.797	38.286	4034.1241
26.797	41.286	3858.3075
26.797	44.286	3681.5164
26.797	47.286	3435.1897
26.797	50.286	3224.6913
26.797	53.286	2989.5714
26.797	56.286	2599.987
26.797	59.286	2403.7708
26.797	62.286	2199.9683
26.797	65.286	2229.5263
26.797	68.286	1885.3736
26.797	71.286	1486.2943
26.797	74.286	1215.1501
26.797	77.286	1310.2456
26.797	80.286	1270.3039
26.797	83.286	1185.5277
26.797	86.286	1080.7715
26.797	89.286	795.4283
26.797	92.286	1035.2459
26.797	95.286	1004.6696
26.797	98.286	1152.7111
26.797	101.286	1024.1305
26.797	104.286	1099.231
26.797	107.286	1552.9453
26.797	110.286	1642.7354
26.797	113.286	1837.8938
26.797	116.286	1998.6683
26.797	119.286	2139.3893
26.797	122.286	2407.0274
26.797	125.286	2753.9069
26.797	128.286	3362.6007
26.797	131.286	3501.5348
26.797	134.286	3694.4288
26.797	137.286	3864.2803
26.797	140.286	4388.8398
26.797	143.286	4139.8085
26.797	146.286	4384.6558
26.797	149.286	4368.8959
26.797	152.286	4320.4854
26.797	155.286	4176.3477
26.797	158.286	4352.2304
26.797	161.286	4220.7084
26.797	164.286	4362.2343
26.797	167.286	4538.2474
26.797	170.286	4891.6869
26.797	173.286	5369.2149
26.797	176.286	5373.6474
26.797	179.286	5536.4408
26.797	182.286	5908.0244
26.797	185.286	5676.0671
26.797	188.286	5751.3922
26.797	191.286	5589.7217
26.797	194.286	5612.9811
26.797	197.286	5370.6278
26.797	200.286	4905.039
26.797	203.286	4644.1866
26.797	206.286	4446.2996
26.797	209.286	4389.2384
26.797	212.286	4385.7099
26.797	215.286	3956.1758
26.797	218.286	4409.2747
26.797	221.286	4185.8845
26.797	224.286	4132.9595
26.797	227.286	3967.3674
26.797	230.286	3972.9619
26.797	233.286	3824.343
26.797	236.286	3292.0894
26.797	239.286	3244.4093
26.797	242.286	3197.9907
26.797	245.286	2697.6532
26.797	248.286	2178.7851
26.797	251.286	2022.7025
26.797	254.286	1947.5989
26.797	257.286	1649.2973
26.797	260.286	1651.0925
26.797	263.286	1210.3211
26.797	266.286	1310.9949
26.797	269.286	1081.1862
26.797	272.286	1071.5127
26.797	275.286	1105.0437
26.797	278.286	1242.3513
26.797	281.286	1155.8973
26.797	284.286	1216.1557
26.797	287.286	1462.7155
26.797	290.286	1529.2072
26.797	293.286	1511.8422
26.797	296.286	1856.0488
26.797	299.286	1812.8382
26.797	302.286	2402.0134
26.797	305.286	2466.6269
26.797	308.286	2874.3951
26.797	311.286	3313.2222
26.797	314.286	3621.7387
26.797	317.286	3835.8169
26.797	320.286	4053.4902
26.797	323.286	4696.8912
26.797	326.286	4523.9866
26.797	329.286	4446.0073
26.797	332.286	4676.0252
26.797	335.286	4970.3851
26.797	338.286	5187.4006
26.797	341.286	5187.2415
26.797	344.286	5478.4701
26.797	347.286	5703.1327
26.797	350.286	5813.2775
26.797	353.286	6526.2886
26.797	356.286	6862.6928
26.797	359.286	7409.8258
29.995	1.155	6086.4633
29.995	4.155	6218.4855
29.995	7.155	6291.7102
29.995	10.155	6208.3659
29.995	13.155	5686.2595
29.995	16.155	5515.9116
29.995	19.155	5479.1664
29.995	22.155	5173.9141
29.995	25.155	4746.7991
29.995	28.155	4677.0735
29.995	31.155	4243.4761
29.995	34.155	4166.3331
29.995	37.155	4028.3945
29.995	40.155	4216.6773
29.995	43.155	3772.6602
29.995	46.155	3693.8817
29.995	49.155	3211.3847
29.995	52.155	3382.3076
29.995	55.155	3011.5796
29.995	58.155	2898.3093
29.995	61.155	2593.7866
29.995	64.155	2285.0978
29.995	67.155	1833.0846
29.995	70.155	1769.716
29.995	73.155	1676.7043
29.995	76.155	1470.2689
29.995	79.155	1389.0369
29.995	82.155	1262.7933
29.995	85.155	1142.6156
29.995	88.155	1092.8923
29.995	91.155	855.7703
29.995	94.155	988.0033
29.995	97.155	1382.6192
29.995	100.155	1261.0589
29.995	103.155	1369.2368
29.995	106.155	1441.5408
29.995	109.155	1671.8107
29.995	112.155	1992.8819
29.995	115.155	2419.9355
29.995	118.155	2468.1519
29.995	121.155	2962.0348
29.995	124.155	3412.0376
29.995	127.155	3763.8308
29.995	130.155	4173.0668
29.995	133.155	4473.9237
29.995	136.155	5030.7661
29.995	139.155	5093.5376
29.995	142.155	5350.0018
29.995	145.155	5269.5428
29.995	148.155	5452.2486
29.995	151.155	5828.5684
29.995	154.155	5891.8133
29.995	157.155	5791.0883
29.995	160.155	6125.2669
29.995	163.155	6327.7834
29.995	166.155	6583.967
29.995	169.155	6871.5956
29.995	172.155	7160.0408
29.995	175.155	7620.8882
29.995	178.155	7881.2401
29.995	181.155	8479.8791
29.995	184.155	8468.7028
29.995	187.155	8228.1668
29.995	190.155	7934.0064
29.995	193.155	7653.2621
29.995	196.155	7767.3371
29.995	199.155	7062.5982
29.995	202.155	6586.8852
29.995	205.155	6421.5523
29.995	208.155	5669.696
29.995	211.155	5766.3736
29.995	214.155	5887.0478
29.995	217.155	5514.1109
29.995	220.155	5293.1337
29.995	223.155	4810.0029
29.995	226.155	4811.8283
29.995	229.155	4678.432
29.995	232.155	4370.8401
29.995	235.155	4267.4183
29.995	238.155	3761.3777
29.995	241.155	3520.3963
29.995	244.155	3222.4249
29.995	247.155	2580.0075
29.995	250.155	2423.0553
29.995	253.155	2031.2529
29.995	256.155	2273.9252
29.995	259.155	1687.9064
29.995	262.155	1593.4564
29.995	265.155	1404.7398
29.995	268.155	1318.8774
29.995	271.155	1147.5633
29.995	274.155	1281.1678
29.995	277.155	1505.1847
29.995	280.155	1088.8264
29.995	283.155	1146.9903
29.995	286.155	1360.3582
29.995	289.155	1532.8458
29.995	292.155	1324.324
29.995	295.155	1750.729
29.995	298.155	1984.5344
29.995	301.155	2577.8724
29.995	304.155	2768.6538
29.995	307.155	2584.3678
29.995	310.155	3322.5888
29.995	313.155	3107.6269
29.995	316.155	3760.6887
29.995	319.155	4208.4602
29.995	322.155	4108.2097
29.995	325.155	4396.6368
29.995	328.155	4427.9599
29.995	331.155	4253.8521
29.995	334.155	4572.7111
29.995	337.155	4816.4171
29.995	340.155	4953.5937
29.995	343.155	4578.6736
29.995	346.155	4989.2292
29.995	349.155	5335.1187
29.995	352.155	5628.9628
29.995	355.155	5859.5521
29.995	358.155	6025.8483
33.189	0.372	3990.9374
33.189	3.372	3737.6248
33.189	6.372	4298.9762
33.189	9.372	3861.8017
33.189	12.372	4013.502
33.189	15.372	3591.0217
33.189	18.372	3300.2812
33.189	21.372	3393.9453
33.189	24.372	3388.956
33.189	27.372	3191.2406
33.189	30.372	2878.6787
33.189	33.372	2858.2385
33.189	36.372	2805.0414
33.189	39.372	2854.6948
33.189	42.372	2589.8826
33.189	45.372	2418.7826
33.189	48.372	2656.9969
33.189	51.372	2359.7224
33.189	54.372	2150.6004
33.189	57.372	2457.4838
33.189	60.372	2076.623
33.189	63.372	2048.8175
33.189	66.372	1852.4857
33.189	69.372	1578.0934
33.189	72.372	1345.6225
33.189	75.372	1338.8814
33.189	78.372	1396.1658
33.189	81.372	1037.3432
33.189	84.372	1266.1913
33.189	87.372	1054.8093
33.189	90.372	1008.7787
33.189	93.372	970.2999
33.189	96.372	1041.9458
33.189	99.372	1248.2652
33.189	102.372	1183.1453
33.189	105.372	1149.9064
33.189	108.372	1586.8092
33.189	111.372	1550.635
33.189	114.372	1919.6217
33.189	117.372	2013.4175
33.189	120.372	2228.5085
33.189	123.372	3084.0403
33.189	126.372	3412.8484
33.189	129.372	3400.1015
33.189	132.372	3784.9701
33.189	135.372	4452.9825
33.189	138.372	4234.1026
33.189	141.372	4791.6202
33.189	144.372	4889.5182
33.189	147.372	4645.565
33.189	150.372	5027.5009
33.189	153.372	5059.8605
33.189	156.372	5053.5389
33.189	159.372	5486.929
33.189	162.372	5522.3381
33.189	165.372	5873.8109
33.189	168.372	5975.0557
33.189	171.372	6180.7179
33.189	174.372	6356.0243
33.189	177.372	6799.8185
33.189	180.372	7091.7426
33.189	183.372	7257.8848
33.189	186.372	7382.2626
33.189	189.372	7259.176
33.189	192.372	7083.0701
33.189	195.372	7291.1874
33.189	198.372	6735.0661
33.189	201.372	6016.7151
33.189	204.372	6085.8459
33.189	207.372	5544.2905
33.189	210.372	5370.4343
33.189	213.372	5031.2185
33.189	216.372	5227.6527
33.189	219.372	4608.7481
33.189	222.372	4715.4411
33.189	225.372	4332.2779
33.189	228.372	3991.1368
33.189	231.372	3469.1256
33.189	234.372	3599.6611
33.189	237.372	3287.6091
33.189	240.372	3229.786
33.189	243.372	2620.4606
33.189	246.372	2156.6586
33.189	249.372	2370.2013
33.189	252.372	2164.8727
33.189	255.372	1621.885
33.189	258.372	1576.4275
33.189	261.372	1432.9952
33.189	264.372	1108.696
33.189	267.372	1075.0654
33.189	270.372	1201.1151
33.189	273.372	1147.4206
33.189	276.372	1134.3915
33.189	279.372	1340.6439
33.189	282.372	1154.5832
33.189	285.372	1346.3238
33.189	288.372	1336.2036
33.189	291.372	1559.6924
33.189	294.372	1417.5588
33.189	297.372	1626.8692
33.189	300.372	1848.8363
33.189	303.372	1953.9873
33.189	306.372	1985.8214
33.189	309.372	2217.3993
33.189	312.372	2507.0548
33.189	315.372	2612.4449
33.189	318.372	2689.8455
33.189	321.372	2764.0688
33.189	324.372	2638.2605
33.189	327.372	3075.4854
33.189	330.372	2962.7729
33.189	333.372	3193.4755
33.189	336.372	3126.7138
33.189	339.372	3000.9148
33.189	342.372	3002.8461
33.189	345.372	3382.6998
33.189	348.372	3553.2559
33.189	351.372	3370.6778
33.189	354.372	3826.1332
33.189	357.372	3729.9854
36.795	1.433	924.6403
36.795	4.433	979.7578
36.795	7.433	1033.0422
36.795	10.433	1008.9684
36.795	13.433	827.691
36.795	16.433	908.8734
36.795	19.433	729.0539
36.795	22.433	801.4142
36.795	25.433	809.6716
36.795	28.433	964.4982
36.795	31.433	1300.7875
36.795	34.433	941.0862
36.795	37.433	886.7551
36.795	40.433	1118
36.795	43.433	1291.6212
36.795	46.433	1432.289
36.795	49.433	1333.2065
36.795	52.433	1355.6153
36.795	55.433	1224.6802
36.795	58.433	1547.6665
36.795	61.433	1474.0912
36.795	64.433	1324.3196
36.795	67.433	1160.8499
36.795	70.433	1137.8524
36.795	73.433	1034.7113
36.795	76.433	997.1573
36.795	79.433	1093.8574
36.795	82.433	1041.3053
36.795	85.433	1163.1978
36.795	88.433	1100.5049
36.795	91.433	899.8953
36.795	94.433	959.8811
36.795	97.433	891.1737
36.795	100.433	1027.4719
36.795	103.433	1055.9576
36.795	106.433	1018.3665
36.795	109.433	1032.8797
36.795	112.433	1156.8608
36.795	115.433	1283.4757
36.795	118.433	1623.8032
36.795	121.433	1589.8646
36.795	124.433	1514.7845
36.795	127.433	1674.389
36.795	130.433	2002.3294
36.795	133.433	2002.6236
36.795	136.433	2025.5622
36.795	139.433	2129.5699
36.795	142.433	1787.3556
36.795	145.433	2001.132
36.795	148.433	1905.1479
36.795	151.433	1974.3274
36.795	154.433	1873.0379
36.795	157.433	1885.5984
36.795	160.433	2137.1325
36.795	163.433	2140.5689
36.795	166.433	2022.9505
36.795	169.433	1819.5199
36.795	172.433	2181.2332
36.795	175.433	2098.8765
36.795	178.433	2640.7477
36.795	181.433	2077.7148
36.795	184.433	2231.7337
36.795	187.433	2451.9095
36.795	190.433	2332.2228
36.795	193.433	2266.2348
36.795	196.433	2027.2624
36.795	199.433	1992.4204
36.795	202.433	2355.6
36.795	205.433	2111.7469
36.795	208.433	1684.6353
36.795	211.433	1910.9024
36.795	214.433	1928.5994
36.795	217.433	2076.7403
36.795	220.433	2122.4601
36.795	223.433	1994.2363
36.795	226.433	1855.0048
36.795	229.433	1582.357
36.795	232.433	1852.0366
36.795	235.433	1864.4851
36.795	238.433	1749.5237
36.795	241.433	1664.1179
36.795	244.433	1476.0609
36.795	247.433	1374.0061
36.795	250.433	1390.0009
36.795	253.433	1127.5796
36.795	256.433	1041.8244
36.795	259.433	1263.9894
36.795	262.433	866.0905
36.795	265.433	918.3266
36.795	268.433	962.0818
36.795	271.433	849.489
36.795	274.433	1001.716
36.795	277.433	867.7403
36.795	280.433	965.2271
36.795	283.433	725.5973
36.795	286.433	1110.5687
36.795	289.433	912.6233
36.795	292.433	1229.2224
36.795	295.433	1345.2225
36.795	298.433	1243.317
36.795	301.433	1094.3317
36.795	304.433	1483.0177
36.795	307.433	1408.7101
36.795	310.433	1588.4363
36.795	313.433	1353.8336
36.795	316.433	1269.0975
36.795	319.433	1394.8386
36.795	322.433	1418.9642
36.795	325.433	1394.9249
36.795	328.433	1501.1815
36.795	331.433	1324.6337
36.795	334.433	1041.9675
36.795	337.433	1080.4373
36.795	340.433	1242.7713
36.795	343.433	1159.1827
36.795	346.433	882.5153
36.795	349.433	802.871
36.795	352.433	943.4001
36.795	355.433	879.8371
36.795	358.433	1007.6813
39.993	0.305	1121.8663
39.993	3.305	737.8378
39.993	6.305	931.9716
39.993	9.305	874.2424
39.993	12.305	1018.2081
39.993	15.305	914.0611
39.993	18.305	822.1494
39.993	21.305	924.3039
39.993	24.305	958.1682
39.993	27.305	1081.6397
39.993	30.305	1180.4002
39.993	33.305	1428.2384
39.993	36.305	1372.7181
39.993	39.305	1710.2323
39.993	42.305	1489.1171
39.993	45.305	1454.3571
39.993	48.305	1880.1227
39.993	51.305	1628.3963
39.993	54.305	1753.7414
39.993	57.305	1558.621
39.993	60.305	1600.0478
39.993	63.305	1624.4897
39.993	66.305	1744.3103
39.993	69.305	1415.6791
39.993	72.305	1398.0507
39.993	75.305	1378.4433
39.993	78.305	1387.9656
39.993	81.305	1231.5608
39.993	84.305	1008.1999
39.993	87.305	1269.7513
39.993	90.305	925.4488
39.993	93.305	932.8182
39.993	96.305	1142.1997
39.993	99.305	1282.5595
39.993	102.305	1283.9834
39.993	105.305	1431.4955
39.993	108.305	1302.804
39.993	111.305	1694.1057
39.993	114.305	1445.7042
39.993	117.305	1555.0401
39.993	120.305	1733.2325
39.993	123.305	1717.4795
39.993	126.305	1812.7323
39.993	129.305	1714.6084
39.993	132.305	1663.1574
39.993	135.305	1577.3047
39.993	138.305	1604.0929
39.993	141.305	1693.929
39.993	144.305	1656.3856
39.993	147.305	1623.8554
39.993	150.305	1451.4316
39.993	153.305	1558.1423
39.993	156.305	1476.3222
39.993	159.305	1429.1865
39.993	162.305	1420.3598
39.993	165.305	1440.4925
39.993	168.305	1592.5392
39.993	171.305	1403.0376
39.993	174.305	1482.1378
39.993	177.305	1619.6153
39.993	180.305	1576.2222
39.993	183.305	1471.7226
39.993	186.305	1686.833
39.993	189.305	1644.1077
39.993	192.305	1791.2421
39.993	195.305	1454.3039
39.993	198.305	1638.6709
39.993	201.305	1348.6133
39.993	204.305	1396.2897
39.993	207.305	1458.2738
39.993	210.305	1692.9541
39.993	213.305	1327.887
39.993	216.305	1376.3736
39.993	219.305	1643.2917
39.993	222.305	1772.6846
39.993	225.305	1514.9979
39.993	228.305	1821.8097
39.993	231.305	1739.2441
39.993	234.305	1666.6549
39.993	237.305	1501.1723
39.993	240.305	1681.1343
39.993	243.305	1652.62
39.993	246.305	1494.3934
39.993	249.305	1422.0245
39.993	252.305	1381.7048
39.993	255.305	1292.5297
39.993	258.305	1193.1081
39.993	261.305	1139.5565
39.993	264.305	1057.8424
39.993	267.305	1395.0722
39.993	270.305	971.1806
39.993	273.305	1229.263
39.993	276.305	931.1594
39.993	279.305	1005.1246
39.993	282.305	1197.542
39.993	285.305	1240.1808
39.993	288.305	1187.3008
39.993	291.305	1287.6272
39.993	294.305	1311.5155
39.993	297.305	1522.41
39.993	300.305	1602.4415
39.993	303.305	1682.233
39.993	306.305	1595.5274
39.993	309.305	1806.142
39.993	312.305	1626.7909
39.993	315.305	1880.164
39.993	318.305	1852.5296
39.993	321.305	1449.5029
39.993	324.305	1656.1259
39.993	327.305	1527.7522
39.993	330.305	1627.1207
39.993	333.305	1187.2465
39.993	336.305	1139.7868
39.993	339.305	1272.222
39.993	342.305	1052.1156
39.993	345.305	1003.2693
39.993	348.305	1040.2793
39.993	351.305	919.4246
39.993	354.305	1099.2431
39.993	357.305	981.7092
43.186	2.574	1085.7755
43.186	5.574	822.5678
43.186	8.574	983.0573
43.186	11.574	1048.8282
43.186	14.574	1052.1086
43.186	17.574	1012.3771
43.186	20.574	1068.0256
43.186	23.574	1084.2939
43.186	26.574	1442.6071
43.186	29.574	1216.5936
43.186	32.574	1471.9804
43.186	35.574	1643.4211
43.186	38.574	1718.4809
43.186	41.574	1970.2742
43.186	44.574	1946.1874
43.186	47.574	2373.0969
43.186	50.574	2213.098
43.186	53.574	1938.4359
43.186	56.574	2387.8555
43.186	59.574	1909.0283
43.186	62.574	2068.5952
43.186	65.574	1681.8291
43.186	68.574	1855.3174
43.186	71.574	1828.7246
43.186	74.574	1448.624
43.186	77.574	1396.4521
43.186	80.574	1265.1172
43.186	83.574	1405.2632
43.186	86.574	1309.5904
43.186	89.574	1128.8172
43.186	92.574	1306.2365
43.186	95.574	1220.0837
43.186	98.574	1409.8001
43.186	101.574	1318.5216
43.186	104.574	1399.9241
43.186	107.574	1190.6916
43.186	110.574	1587.0965
43.186	113.574	1786.9789
43.186	116.574	1611.8091
43.186	119.574	1978.1719
43.186	122.574	1855.825
43.186	125.574	1829.8686
43.186	128.574	2018.723
43.186	131.574	1914.0728
43.186	134.574	2024.5644
43.186	137.574	1942.9609
43.186	140.574	1597.4828
43.186	143.574	1389.7622
43.186	146.574	1316.3494
43.186	149.574	1122.3823
43.186	152.574	1317.9135
43.186	155.574	1277.6813
43.186	158.574	1136.4799
43.186	161.574	917.5458
43.186	164.574	908.0214
43.186	167.574	863.8037
43.186	170.574	727.8877
43.186	173.574	826.0641
43.186	176.574	1054.5767
43.186	179.574	859.2028
43.186	182.574	961.4069
43.186	185.574	991.2955
43.186	188.574	1040.2838
43.186	191.574	947.2092
43.186	194.574	1022.3711
43.186	197.574	895.2305
43.186	200.574	1415.4071
43.186	203.574	1014.2909
43.186	206.574	868.342
43.186	209.574	1214.8808
43.186	212.574	1106.9149
43.186	215.574	1241.4923
43.186	218.574	1440.9329
43.186	221.574	1514.5238
43.186	224.574	1444.6599
43.186	227.574	1556.802
43.186	230.574	1805.0148
43.186	233.574	1663.6866
43.186	236.574	1859.705
43.186	239.574	1834.5443
43.186	242.574	1918.6863
43.186	245.574	1626.5822
43.186	248.574	1883.61
43.186	251.574	1678.6492
43.186	254.574	1682.3687
43.186	257.574	1571.7429
43.186	260.574	1500.6923
43.186	263.574	1362.5464
43.186	266.574	1149.5785
43.186	269.574	1470.5147
43.186	272.574	1390.0559
43.186	275.574	1416.7395
43.186	278.574	1173.2751
43.186	281.574	1245.3875
43.186	284.574	1695.2583
43.186	287.574	1297.3612
43.186	290.574	1309.3752
43.186	293.574	1498.8346
43.186	296.574	1571.1024
43.186	299.574	1530.4665
43.186	302.574	1740.3721
43.186	305.574	2121.689
43.186	308.574	1972.4411
43.186	311.574	1851.8204
43.186	314.574	2178.4917
43.186	317.574	1757.3824
43.186	320.574	2175.8719
43.186	323.574	2023.0682
43.186	326.574	1969.133
43.186	329.574	1805.5428
43.186	332.574	1435.5656
43.186	335.574	1477.7612
43.186	338.574	1322.9025
43.186	341.574	1450.4469
43.186	344.574	1262.9159
43.186	347.574	1194.7532
43.186	350.574	1089.4257
43.186	353.574	903.7586
43.186	356.574	1231.1974
43.186	359.574	735.0763
46.791	0.677	1008.9597
46.791	3.677	883.838
46.791	6.677	982.9557
46.791	9.677	859.3037
46.791	12.677	723.6488
46.791	15.677	774.4453
46.791	18.677	1066.7303
46.791	21.677	989.9926
46.791	24.677	1009.3591
46.791	27.677	1263.6479
46.791	30.677	1370.0893
46.791	33.677	1281.6398
46.791	36.677	1436.1206
46.791	39.677	1467.7025
46.791	42.677	1642.8408
46.791	45.677	1648.5116
46.791	48.677	2109.4073
46.791	51.677	1761.2497
46.791	54.677	2019.1698
46.791	57.677	1989.4459
46.791	60.677	1996.5628
46.791	63.677	1990.6795
46.791	66.677	1861.7394
46.791	69.677	2224.0807
46.791	72.677	1669.9062
46.791	75.677	1773.2862
46.791	78.677	1482.749
46.791	81.677	1404.0379
46.791	84.677	1461.7303
46.791	87.677	1430.2238
46.791	90.677	1498.174
46.791	93.677	1492.7306
46.791	96.677	1653.5823
46.791	99.677	1691.6426
46.791	102.677	1832.3428
46.791	105.677	1925.4061
46.791	108.677	2134.0452
46.791	111.677	2455.0871
46.791	114.677	2570.0814
46.791	117.677	2793.3082
46.791	120.677	2983.3697
46.791	123.677	2950.2424
46.791	126.677	2798.0321
46.791	129.677	2676.0301
46.791	132.677	2443.3968
46.791	135.677	2504.147
46.791	138.677	2431.5021
46.791	141.677	1996.743
46.791	144.677	1916.7558
46.791	147.677	1852.2773
46.791	150.677	1900.7707
46.791	153.677	1447.3715
46.791	156.677	1293.8163
46.791	159.677	1319.0391
46.791	162.677	1100.4006
46.791	165.677	1075.3217
46.791	168.677	946.9377
46.791	171.677	1116.1724
46.791	174.677	949.3733
46.791	177.677	992.2978
46.791	180.677	856.6021
46.791	183.677	948.5679
46.791	186.677	1112.2271
46.791	189.677	997.0187
46.791	192.677	958.3143
46.791	195.677	1074.4491
46.791	198.677	868.1495
46.791	201.677	1051.5344
46.791	204.677	1484.5461
46.791	207.677	1367.3654
46.791	210.677	1340.2453
46.791	213.677	1670.9158
46.791	216.677	1507.8104
46.791	219.677	1629.3712
46.791	222.677	1930.5842
46.791	225.677	2014.8577
46.791	228.677	2333.4128
46.791	231.677	2695.0029
46.791	234.677	2545.9291
46.791	237.677	2785.256
46.791	240.677	2955.9252
46.791	243.677	2908.072
46.791	246.677	2556.7609
46.791	249.677	2775.6806
46.791	252.677	2525.8992
46.791	255.677	2641.378
46.791	258.677	2261.0008
46.791	261.677	2124.099
46.791	264.677	1734.6553
46.791	267.677	1774.2614
46.791	270.677	1826.4475
46.791	273.677	1332.5748
46.791	276.677	1625.3163
46.791	279.677	1621.5751
46.791	282.677	1511.0403
46.791	285.677	1616.9518
46.791	288.677	1842.7116
46.791	291.677	1888.6157
46.791	294.677	1651.3051
46.791	297.677	1691.1731
46.791	300.677	1994.8872
46.791	303.677	2088.3725
46.791	306.677	1984.5291
46.791	309.677	2077.1968
46.791	312.677	2144.1955
46.791	315.677	2022.0525
46.791	318.677	1923.3611
46.791	321.677	2069.1884
46.791	324.677	1901.3762
46.791	327.677	1710.0944
46.791	330.677	1573.8476
46.791	333.677	1737.0562
46.791	336.677	1202.2675
46.791	339.677	1260.6826
46.791	342.677	1489.2238
46.791	345.677	990.1342
46.791	348.677	938.6358
46.791	351.677	908.214
46.791	354.677	964.9971
46.791	357.677	982.0634
49.99	2.555	870.0987
49.99	5.555	813.5791
49.99	8.555	748.1688
49.99	11.555	867.2528
49.99	14.555	715.6166
49.99	17.555	726.8534
49.99	20.555	800.6791
49.99	23.555	845.9871
49.99	26.555	989.9657
49.99	29.555	960.636
49.99	32.555	1020.2473
49.99	35.555	1384.0992
49.99	38.555	1280.4658
49.99	41.555	1201.697
49.99	44.555	1459.621
49.99	47.555	1335.4844
49.99	50.555	1532.9891
49.99	53.555	1426.9223
49.99	56.555	1730.2712
49.99	59.555	1542.8173
49.99	62.555	1728.7211
49.99	65.555	1956.5144
49.99	68.555	1659.4675
49.99	71.555	1528.0797
49.99	74.555	1450.8574
49.99	77.555	1575.7143
49.99	80.555	1662.9328
49.99	83.555	1516.4609
49.99	86.555	1619.6433
49.99	89.555	1604.5962
49.99	92.555	1522.2884
49.99	95.555	1596.4277
49.99	98.555	1676.9242
49.99	101.555	1648.7755
49.99	104.555	2046.374
49.99	107.555	2047.8937
49.99	110.555	2437.7046
49.99	113.555	2449.7284
49.99	116.555	2617.974
49.99	119.555	2918.6
49.99	122.555	2971.1659
49.99	125.555	2594.8779
49.99	128.555	2645.2847
49.99	131.555	2639.853
49.99	134.555	2482.9334
49.99	137.555	2471.0814
49.99	140.555	2486.5585
49.99	143.555	2220.0882
49.99	146.555	1856.4949
49.99	149.555	1730.8052
49.99	152.555	1686.1847
49.99	155.555	1744.4866
49.99	158.555	1284.8572
49.99	161.555	1185.5117
49.99	164.555	1187.6543
49.99	167.555	1136.1918
49.99	170.555	888.8989
49.99	173.555	1045.4336
49.99	176.555	1016.88
49.99	179.555	846.736
49.99	182.555	1245.7527
49.99	185.555	731.2355
49.99	188.555	1030.6536
49.99	191.555	942.761
49.99	194.555	1149.9381
49.99	197.555	1198.3747
49.99	200.555	1094.3662
49.99	203.555	1405.1785
49.99	206.555	1436.7718
49.99	209.555	1471.0957
49.99	212.555	1697.6197
49.99	215.555	1623.295
49.99	218.555	1968.0612
49.99	221.555	1929.6822
49.99	224.555	2252.5805
49.99	227.555	2494.9834
49.99	230.555	2544.6002
49.99	233.555	2623.9749
49.99	236.555	2883.6792
49.99	239.555	3080.5206
49.99	242.555	2907.4575
49.99	245.555	2829.6123
49.99	248.555	2708.6926
49.99	251.555	2720.333
49.99	254.555	2641.9777
49.99	257.555	2421.9919
49.99	260.555	2308.3047
49.99	263.555	1920.8422
49.99	266.555	1731.6639
49.99	269.555	1606.1164
49.99	272.555	1634.3461
49.99	275.555	1755.7686
49.99	278.555	1567.2281
49.99	281.555	1687.7789
49.99	284.555	1451.9554
49.99	287.555	1491.4509
49.99	290.555	1531.2996
49.99	293.555	1562.2441
49.99	296.555	1502.8488
49.99	299.555	1961.0692
49.99	302.555	1903.0914
49.99	305.555	1839.3984
49.99	308.555	1728.0826
49.99	311.555	1807.8455
49.99	314.555	1659.6204
49.99	317.555	1586.9798
49.99	320.555	1481.0847
49.99	323.555	1382.7191
49.99	326.555	1179.3949
49.99	329.555	1268.9151
49.99	332.555	1227.6298
49.99	335.555	1017.2138
49.99	338.555	1405.2632
49.99	341.555	1238.1772
49.99	344.555	846.1829
49.99	347.555	666.0118
49.99	350.555	910.3758
49.99	353.555	817.5816
49.99	356.555	905.2395
49.99	359.555	983.4669
53.181	1.916	571.2359
53.181	4.916	612.8293
53.181	7.916	647.6345
53.181	10.916	649.1445
53.181	13.916	539.6391
53.181	16.916	679.9073
53.181	19.916	597.8298
53.181	22.916	688.6929
53.181	25.916	580.7514
53.181	28.916	855.1036
53.181	31.916	506.9125
53.181	34.916	743.49
53.181	37.916	631.9158
53.181	40.916	1129.6488
53.181	43.916	839.6453
53.181	46.916	882.2574
53.181	49.916	793.4771
53.181	52.916	987.1499
53.181	55.916	691.7437
53.181	58.916	1103.6611
53.181	61.916	1001.5277
53.181	64.916	1133.3
53.181	67.916	1313.9445
53.181	70.916	1469.6604
53.181	73.916	1153.027
53.181	76.916	1068.8238
53.181	79.916	1265.0396
53.181	82.916	1133.1052
53.181	85.916	1132.7047
53.181	88.916	1283.7371
53.181	91.916	1385.742
53.181	94.916	1254.7779
53.181	97.916	1431.3316
53.181	100.916	1540.0342
53.181	103.916	1585.5092
53.181	106.916	1808.0652
53.181	109.916	1830.7103
53.181	112.916	1822.1554
53.181	115.916	1926.1474
53.181	118.916	2076.968
53.181	121.916	2079.3646
53.181	124.916	2107.0563
53.181	127.916	2081.5254
53.181	130.916	1830.4197
53.181	133.916	1886.5347
53.181	136.916	1727.9013
53.181	139.916	1892.9301
53.181	142.916	1571.2149
53.181	145.916	1319.4574
53.181	148.916	1577.8394
53.181	151.916	1153.0074
53.181	154.916	972.5807
53.181	157.916	1249.984
53.181	160.916	968.1924
53.181	163.916	1094.2416
53.181	166.916	1021.7814
53.181	169.916	903.3896
53.181	172.916	912.9385
53.181	175.916	983.776
53.181	178.916	1021.7887
53.181	181.916	998.4002
53.181	184.916	820.0883
53.181	187.916	907.365
53.181	190.916	1049.7775
53.181	193.916	748.4602
53.181	196.916	965.5447
53.181	199.916	1012.1072
53.181	202.916	997.0713
53.181	205.916	1137.9657
53.181	208.916	1218.9696
53.181	211.916	1206.913
53.181	214.916	1137.4143
53.181	217.916	1551.6328
53.181	220.916	1742.4867
53.181	223.916	1859.9238
53.181	226.916	1657.9962
53.181	229.916	1835.1753
53.181	232.916	1890.2882
53.181	235.916	2273.0259
53.181	238.916	2167.6414
53.181	241.916	2155.9224
53.181	244.916	2194.3165
53.181	247.916	2247.808
53.181	250.916	2299.2724
53.181	253.916	2214.9125
53.181	256.916	2049.5268
53.181	259.916	2010.2026
53.181	262.916	1716.7766
53.181	265.916	1516.4226
53.181	268.916	1756.8757
53.181	271.916	1548.8254
53.181	274.916	1507.3146
53.181	277.916	1380.8015
53.181	280.916	1432.555
53.181	283.916	1211.0648
53.181	286.916	1316.1744
53.181	289.916	1483.0222
53.181	292.916	1253.6765
53.181	295.916	1246.9916
53.181	298.916	1379.6982
53.181	301.916	1250.0822
53.181	304.916	1127.2568
53.181	307.916	1157.3949
53.181	310.916	1157.675
53.181	313.916	1142.076
53.181	316.916	990.3514
53.181	319.916	902.0284
53.181	322.916	1163.8877
53.181	325.916	885.6672
53.181	328.916	813.3834
53.181	331.916	717.4508
53.181	334.916	812.3993
53.181	337.916	754.7938
53.181	340.916	640.8555
53.181	343.916	642.1969
53.181	346.916	641.622
53.181	349.916	784.6074
53.181	352.916	752.9936
53.181	355.916	586.2443
53.181	358.916	529.4049
56.786	0.096	374.4341
56.786	3.096	296.0095
56.786	6.096	119.7635
56.786	9.096	197.79
56.786	12.096	239.2136
56.786	15.096	386.7342
56.786	18.096	232.9149
56.786	21.096	372.1461
56.786	24.096	497.94
56.786	27.096	560.7243
56.786	30.096	408.8747
56.786	33.096	512.148
56.786	36.096	483.0485
56.786	39.096	513.4129
56.786	42.096	592.6935
56.786	45.096	661.9646
56.786	48.096	669.1047
56.786	51.096	636.15
56.786	54.096	825.726
56.786	57.096	711.3503
56.786	60.096	866.503
56.786	63.096	1038.4122
56.786	66.096	992.5588
56.786	69.096	878.1078
56.786	72.096	629.8822
56.786	75.096	894.68
56.786	78.096	894.3381
56.786	81.096	705.8273
56.786	84.096	609.5835
56.786	87.096	720.927
56.786	90.096	884.3689
56.786	93.096	772.1164
56.786	96.096	879.9533
56.786	99.096	971.2082
56.786	102.096	612.2448
56.786	105.096	766.2611
56.786	108.096	1024.0953
56.786	111.096	1043.37
56.786	114.096	1106.1784
56.786	117.096	1174.1257
56.786	120.096	1104.4789
56.786	123.096	958.8638
56.786	126.096	787.7127
56.786	129.096	541.1973
56.786	132.096	843.5884
56.786	135.096	714.186
56.786	138.096	657.6469
56.786	141.096	662.9074
56.786	144.096	1009.9621
56.786	147.096	693.7893
56.786	150.096	650.6109
56.786	153.096	525.3415
56.786	156.096	642.9291
56.786	159.096	544.1561
56.786	162.096	539.4172
56.786	165.096	286.0444
56.786	168.096	530.2218
56.786	171.096	354.2067
56.786	174.096	369.5699
56.786	177.096	543.1391
56.786	180.096	464.9188
56.786	183.096	496.4819
56.786	186.096	225.108
56.786	189.096	609.2764
56.786	192.096	381.677
56.786	195.096	263.1701
56.786	198.096	341.0677
56.786	201.096	651.7541
56.786	204.096	567.3012
56.786	207.096	464.4712
56.786	210.096	508.1371
56.786	213.096	324.0625
56.786	216.096	653.2819
56.786	219.096	621.7978
56.786	222.096	649.1821
56.786	225.096	559.3956
56.786	228.096	868.1903
56.786	231.096	813.1806
56.786	234.096	782.4061
56.786	237.096	1137.0402
56.786	240.096	729.6998
56.786	243.096	887.0635
56.786	246.096	918.8007
56.786	249.096	1052.8782
56.786	252.096	856.6806
56.786	255.096	900.2149
56.786	258.096	1243.0572
56.786	261.096	1190.6311
56.786	264.096	1021.3674
56.786	267.096	1286.0478
56.786	270.096	1060.8932
56.786	273.096	947.8361
56.786	276.096	1021.8453
56.786	279.096	881.2283
56.786	282.096	947.9567
56.786	285.096	974.9773
56.786	288.096	763.2164
56.786	291.096	779.0721
56.786	294.096	736.788
56.786	297.096	609.3045
56.786	300.096	1048.3305
56.786	303.096	1086.1745
56.786	306.096	1016.2696
56.786	309.096	1055.895
56.786	312.096	644.4817
56.786	315.096	981.7825
56.786	318.096	774.9288
56.786	321.096	734.859
56.786	324.096	656.918
56.786	327.096	555.7231
56.786	330.096	454.0591
56.786	333.096	493.7284
56.786	336.096	725.8371
56.786	339.096	692.3297
56.786	342.096	383.3847
56.786	345.096	310.7348
56.786	348.096	372.8545
56.786	351.096	267.1955
56.786	354.096	335.4396
56.786	357.096	229.8214
59.985	1.999	282.2514
59.985	4.999	476.2863
59.985	7.999	285.6154
59.985	10.999	357.8837
59.985	13.999	481.4346
59.985	16.999	315.979
59.985	19.999	559.6026
59.985	22.999	416.7697
59.985	25.999	533.9071
59.985	28.999	643.096
59.985	31.999	871.2866
59.985	34.999	496.2467
59.985	37.999	889.2001
59.985	40.999	925.9469
59.985	43.999	927.9173
59.985	46.999	1211.9449
59.985	49.999	1237.3849
59.985	52.999	1464.9897
59.985	55.999	955.0764
59.985	58.999	1416.8376
59.985	61.999	1357.7037
59.985	64.999	1386.4483
59.985	67.999	1552.8623
59.985	70.999	1475.8403
59.985	73.999	1201.5437
59.985	76.999	1457.3833
59.985	79.999	1199.0548
59.985	82.999	909.9992
59.985	85.999	974.2472
59.985	88.999	1149.2262
59.985	91.999	1237.2727
59.985	94.999	929.1123
59.985	97.999	999.2047
59.985	100.999	909.5429
59.985	103.999	1231.1758
59.985	106.999	1323.8682
59.985	109.999	1123.5049
59.985	112.999	1220.9518
59.985	115.999	1346.6491
59.985	118.999	1122.404
59.985	121.999	1140.8523
59.985	124.999	936.269
59.985	127.999	860.0127
59.985	130.999	878.5974
59.985	133.999	805.1849
59.985	136.999	573.0242
59.985	139.999	787.0978
59.985	142.999	857.6559
59.985	145.999	773.8239
59.985	148.999	493.8054
59.985	151.999	712.6457
59.985	154.999	510.7632
59.985	157.999	358.4368
59.985	160.999	580.9439
59.985	163.999	366.3457
59.985	166.999	319.0093
59.985	169.999	430.7658
59.985	172.999	351.8269
59.985	175.999	404.7244
59.985	178.999	484.4581
59.985	181.999	243.4067
59.985	184.999	354.6094
59.985	187.999	364.0409
59.985	190.999	418.4445
59.985	193.999	533.4076
59.985	196.999	373.4686
59.985	199.999	241.2821
59.985	202.999	455.9398
59.985	205.999	525.6106
59.985	208.999	762.7355
59.985	211.999	526.896
59.985	214.999	381.3255
59.985	217.999	730.3122
59.985	220.999	786.2698
59.985	223.999	745.5995
59.985	226.999	621.1778
59.985	229.999	754.8289
59.985	232.999	966.8213
59.985	235.999	1015.0927
59.985	238.999	1012.8144
59.985	241.999	1130.37
59.985	244.999	1150.9578
59.985	247.999	1262.3448
59.985	250.999	1397.5081
59.985	253.999	1119.2569
59.985	256.999	1115.4617
59.985	259.999	1319.6584
59.985	262.999	1334.9369
59.985	265.999	1144.0068
59.985	268.999	1353.5612
59.985	271.999	1099.3385
59.985	274.999	1075.8856
59.985	277.999	1079.325
59.985	280.999	1251.7427
59.985	283.999	895.7081
59.985	286.999	846.9012
59.985	289.999	1148.6855
59.985	292.999	1181.2918
59.985	295.999	1112.9033
59.985	298.999	1338.8941
59.985	301.999	1376.6238
59.985	304.999	1337.9801
59.985	307.999	1411.9865
59.985	310.999	1220.5409
59.985	313.999	1395.5467
59.985	316.999	1161.6861
59.985	319.999	1213.0642
59.985	322.999	829.7513
59.985	325.999	1193.1683
59.985	328.999	974.1902
59.985	331.999	663.804
59.985	334.999	793.1552
59.985	337.999	691.7804
59.985	340.999	586.4952
59.985	343.999	568.94
59.985	346.999	550.6288
59.985	349.999	646.8785
59.985	352.999	383.828
59.985	355.999	334.0726
59.985	358.999	374.0104
63.174	1.544	442.9479
63.174	4.544	441.2459
63.174	7.544	471.004
63.174	10.544	384.1044
63.174	13.544	353.2557
63.174	16.544	337.9659
63.174	19.544	484.0034
63.174	22.544	670.27
63.174	25.544	677.5678
63.174	28.544	682.6304
63.174	31.544	637.2637
63.174	34.544	879.1738
63.174	37.544	1077.9308
63.174	40.544	1245.1939
63.174	43.544	1268.0096
63.174	46.544	1462.4423
63.174	49.544	1903.6479
63.174	52.544	2018.9302
63.174	55.544	1943.0716
63.174	58.544	2174.9853
63.174	61.544	2432.6711
63.174	64.544	2186.2432
63.174	67.544	2089.8784
63.174	70.544	2044.5122
63.174	73.544	1848.2015
63.174	76.544	1833.8585
63.174	79.544	1765.2188
63.174	82.544	1687.2277
63.174	85.544	1526.1703
63.174	88.544	1129.0456
63.174	91.544	1505.814
63.174	94.544	1377.5573
63.174	97.544	1381.927
63.174	100.544	1459.0355
63.174	103.544	1384.9099
63.174	106.544	1203.8513
63.174	109.544	1558.9327
63.174	112.544	1443.0459
63.174	115.544	1271.155
63.174	118.544	1322.172
63.174	121.544	1474.2778
63.174	124.544	1390.6864
63.174	127.544	1299.1006
63.174	130.544	1322.2345
63.174	133.544	975.7806
63.174	136.544	1165.0391
63.174	139.544	811.0427
63.174	142.544	660.6017
63.174	145.544	522.875
63.174	148.544	658.1034
63.174	151.544	559.2521
63.174	154.544	556.7207
63.174	157.544	526.3502
63.174	160.544	596.2933
63.174	163.544	367.7076
63.174	166.544	494.9685
63.174	169.544	336.3466
63.174	172.544	431.0276
63.174	175.544	317.2505
63.174	178.544	297.5834
63.174	181.544	232.7941
63.174	184.544	262.8618
63.174	187.544	414.8502
63.174	190.544	404.4189
63.174	193.544	357.422
63.174	196.544	421.0759
63.174	199.544	506.7873
63.174	202.544	366.8359
63.174	205.544	416.0859
63.174	208.544	458.7355
63.174	211.544	637.4137
63.174	214.544	698.984
63.174	217.544	623.1172
63.174	220.544	745.0922
63.174	223.544	886.9748
63.174	226.544	938.3323
63.174	229.544	845.0935
63.174	232.544	1153.3171
63.174	235.544	988.122
63.174	238.544	1246.5811
63.174	241.544	1474.2427
63.174	244.544	1393.1289
63.174	247.544	1630.7272
63.174	250.544	1840.2899
63.174	253.544	1840.263
63.174	256.544	1767.2901
63.174	259.544	1797.5323
63.174	262.544	1728.0617
63.174	265.544	1667.3156
63.174	268.544	1678.5024
63.174	271.544	1495.9235
63.174	274.544	1470.6838
63.174	277.544	1356.548
63.174	280.544	1426.6716
63.174	283.544	1404.3305
63.174	286.544	1677.2163
63.174	289.544	1731.0417
63.174	292.544	1831.4874
63.174	295.544	1669.0373
63.174	298.544	1961.435
63.174	301.544	1970.142
63.174	304.544	1834.042
63.174	307.544	2157.6421
63.174	310.544	2104.6136
63.174	313.544	1931.7515
63.174	316.544	1712.2985
63.174	319.544	1794.9921
63.174	322.544	1768.4354
63.174	325.544	1553.994
63.174	328.544	1264.2883
63.174	331.544	1136.0923
63.174	334.544	1208.0308
63.174	337.544	906.2929
63.174	340.544	752.4407
63.174	343.544	685.2617
63.174	346.544	554.0328
63.174	349.544	552.2951
63.174	352.544	389.3717
63.174	355.544	489.638
63.174	358.544	525.6402
66.776	2.912	931.9605
66.776	5.912	578.9574
66.776	8.912	733.6243
66.776	11.912	638.2471
66.776	14.912	890.774
66.776	17.912	728.3727
66.776	20.912	998.6022
66.776	23.912	1113.4419
66.776	26.912	1299.4445
66.776	29.912	1665.22
66.776	32.912	1507.84
66.776	35.912	2157.1447
66.776	38.912	2765.0295
66.776	41.912	2947.5295
66.776	44.912	3536.9567
66.776	47.912	3933.143
66.776	50.912	4297.3304
66.776	53.912	4724.387
66.776	56.912	5206.9934
66.776	59.912	5609.2707
66.776	62.912	5761.8419
66.776	65.912	5885.4361
66.776	68.912	5908.7294
66.776	71.912	5519.1859
66.776	74.912	5553.2318
66.776	77.912	5003.2194
66.776	80.912	4720.2969
66.776	83.912	4649.6302
66.776	86.912	4447.7625
66.776	89.912	4066.5869
66.776	92.912	3999.4765
66.776	95.912	4180.253
66.776	98.912	3955.4564
66.776	101.912	3622.8842
66.776	104.912	4111.6289
66.776	107.912	3578.8828
66.776	110.912	3996.0995
66.776	113.912	3859.7596
66.776	116.912	3870.1881
66.776	119.912	3627.8187
66.776	122.912	3494.7335
66.776	125.912	3153.3564
66.776	128.912	2598.9584
66.776	131.912	2855.3024
66.776	134.912	2160.7069
66.776	137.912	2108.3384
66.776	140.912	2037.1543
66.776	143.912	1823.2918
66.776	146.912	1471.4317
66.776	149.912	1214.0262
66.776	152.912	1023.2404
66.776	155.912	1105.2294
66.776	158.912	855.4766
66.776	161.912	858.349
66.776	164.912	681.9432
66.776	167.912	810.7641
66.776	170.912	560.2733
66.776	173.912	603.3255
66.776	176.912	766.2619
66.776	179.912	502.7228
66.776	182.912	717.3698
66.776	185.912	401.49
66.776	188.912	450.6279
66.776	191.912	360.0541
66.776	194.912	575.2826
66.776	197.912	731.1282
66.776	200.912	406.0407
66.776	203.912	771.7345
66.776	206.912	670.9882
66.776	209.912	766.0964
66.776	212.912	943.8737
66.776	215.912	956.6074
66.776	218.912	1231.8221
66.776	221.912	1529.5142
66.776	224.912	1735.0721
66.776	227.912	2072.8659
66.776	230.912	2248.509
66.776	233.912	2545.9773
66.776	236.912	2794.3603
66.776	239.912	3241.8114
66.776	242.912	3652.3017
66.776	245.912	3853.3272
66.776	248.912	3909.8265
66.776	251.912	4444.5004
66.776	254.912	4679.5558
66.776	257.912	4736.4993
66.776	260.912	4362.0123
66.776	263.912	4614.0728
66.776	266.912	4536.1103
66.776	269.912	4416.0544
66.776	272.912	4042.6326
66.776	275.912	4075.0265
66.776	278.912	4099.8825
66.776	281.912	3946.3537
66.776	284.912	4098.6552
66.776	287.912	4409.0443
66.776	290.912	4691.5133
66.776	293.912	4688.6326
66.776	296.912	5055.8525
66.776	299.912	4727.3439
66.776	302.912	5185.2792
66.776	305.912	5115.6751
66.776	308.912	5294.8585
66.776	311.912	4701.3102
66.776	314.912	4767.2364
66.776	317.912	4194.3795
66.776	320.912	3937.9944
66.776	323.912	3498.3226
66.776	326.912	3102.6539
66.776	329.912	2743.332
66.776	332.912	1996.8712
66.776	335.912	1910.2908
66.776	338.912	1954.553
66.776	341.912	1303.5742
66.776	344.912	1387.6745
66.776	347.912	1097.9461
66.776	350.912	926.9733
66.776	353.912	803.7041
66.776	356.912	663.9101
66.776	359.912	515.9593
69.976	1.922	1255.517
69.976	4.922	1283.0364
69.976	7.922	1378.027
69.976	10.922	1204.9483
69.976	13.922	1306.2818
69.976	16.922	1669.2989
69.976	19.922	1396.7965
69.976	22.922	1674.8549
69.976	25.922	2349.4329
69.976	28.922	2162.8579
69.976	31.922	2623.5429
69.976	34.922	2854.9574
69.976	37.922	3443.1524
69.976	40.922	4152.2845
69.976	43.922	4635.2556
69.976	46.922	5532.1691
69.976	49.922	6090.873
69.976	52.922	6445.6062
69.976	55.922	7135.9968
69.976	58.922	7633.141
69.976	61.922	8154.6901
69.976	64.922	8286.7613
69.976	67.922	8420.885
69.976	70.922	8290.1079
69.976	73.922	8111.1225
69.976	76.922	7929.5488
69.976	79.922	7456.8816
69.976	82.922	7255.9069
69.976	85.922	6907.0829
69.976	88.922	6672.7037
69.976	91.922	6305.6879
69.976	94.922	6431.1265
69.976	97.922	6138.1453
69.976	100.922	6258.1026
69.976	103.922	6057.0887
69.976	106.922	6016.2701
69.976	109.922	5527.0275
69.976	112.922	5609.2146
69.976	115.922	5519.2229
69.976	118.922	5090.0123
69.976	121.922	4867.3494
69.976	124.922	4696.3257
69.976	127.922	4251.0813
69.976	130.922	3573.2158
69.976	133.922	3887.9179
69.976	136.922	3103.57
69.976	139.922	2935.4087
69.976	142.922	2704.9027
69.976	145.922	2354.5634
69.976	148.922	2012.8177
69.976	151.922	1807.6502
69.976	154.922	1807.9853
69.976	157.922	1361.1868
69.976	160.922	1502.4803
69.976	163.922	1093.9466
69.976	166.922	1249.9529
69.976	169.922	1066.5214
69.976	172.922	905.448
69.976	175.922	896.5921
69.976	178.922	724.7728
69.976	181.922	612.8511
69.976	184.922	883.2251
69.976	187.922	952.2222
69.976	190.922	912.3498
69.976	193.922	549.7862
69.976	196.922	974.8161
69.976	199.922	809.2587
69.976	202.922	1042.337
69.976	205.922	1159.6241
69.976	208.922	1382.5461
69.976	211.922	1608.6352
69.976	214.922	1850.0322
69.976	217.922	1936.2886
69.976	220.922	2154.4176
69.976	223.922	2515.0799
69.976	226.922	3158.6235
69.976	229.922	3387.8028
69.976	232.922	3847.1778
69.976	235.922	4501.4234
69.976	238.922	5085.3265
69.976	241.922	5597.6386
69.976	244.922	6074.5355
69.976	247.922	6353.2837
69.976	250.922	6321.2031
69.976	253.922	6975.01
69.976	256.922	7365.6777
69.976	259.922	7371.0973
69.976	262.922	7539.0379
69.976	265.922	7140.129
69.976	268.922	7389.4929
69.976	271.922	7115.8883
69.976	274.922	6804.6272
69.976	277.922	6872.3281
69.976	280.922	6503.6892
69.976	283.922	6567.2803
69.976	286.922	6986.0711
69.976	289.922	7030.1847
69.976	292.922	7144.729
69.976	295.922	7303.6655
69.976	298.922	7524.2964
69.976	301.922	7243.0578
69.976	304.922	7131.6333
69.976	307.922	6998.949
69.976	310.922	6824.7607
69.976	313.922	6292.0677
69.976	316.922	5920.1355
69.976	319.922	5246.2684
69.976	322.922	4702.1336
69.976	325.922	4681.7448
69.976	328.922	3618.2746
69.976	331.922	3162.5937
69.976	334.922	2880.6888
69.976	337.922	2705.4085
69.976	340.922	2068.9939
69.976	343.922	1772.465
69.976	346.922	1483.6009
69.976	349.922	1624.8581
69.976	352.922	1284.7402
69.976	355.922	1280.288
69.976	358.922	1222.9647
73.159	1.965	1358.1286
73.159	4.965	1312.6715
73.159	7.965	1558.9122
73.159	10.965	1357.5399
73.159	13.965	1348.2078
73.159	16.965	1625.4801
73.159	19.965	1600.6195
73.159	22.965	2060.1271
73.159	25.965	2094.7238
73.159	28.965	2489.9879
73.159	31.965	2978.4748
73.159	34.965	3427.3576
73.159	37.965	3419.4929
73.159	40.965	4232.209
73.159	43.965	4983.3704
73.159	46.965	5599.433
73.159	49.965	5947.1005
73.159	52.965	6427.2933
73.159	55.965	7033.5554
73.159	58.965	7810.6311
73.159	61.965	7821.1491
73.159	64.965	8523.2941
73.159	67.965	8677.9107
73.159	70.965	8695.943
73.159	73.965	8678.9142
73.159	76.965	8697.6143
73.159	79.965	8436.6873
73.159	82.965	7856.3998
73.159	85.965	7882.1975
73.159	88.965	7583.891
73.159	91.965	7289.2757
73.159	94.965	7358.5552
73.159	97.965	7115.0208
73.159	100.965	7082.4056
73.159	103.965	6865.7786
73.159	106.965	6827.0991
73.159	109.965	6922.8679
73.159	112.965	6673.6734
73.159	115.965	6424.1528
73.159	118.965	6378.5331
73.159	121.965	6124.3157
73.159	124.965	5621.0438
73.159	127.965	5203.0793
73.159	130.965	4891.6184
73.159	133.965	4432.461
73.159	136.965	4024.7722
73.159	139.965	3709.2673
73.159	142.965	3257.9635
73.159	145.965	3106.453
73.159	148.965	2645.2077
73.159	151.965	2544.4112
73.159	154.965	2139.9937
73.159	157.965	2077.225
73.159	160.965	1958.2195
73.159	163.965	1761.5558
73.159	166.965	1599.6125
73.159	169.965	1196.6096
73.159	172.965	1450.1396
73.159	175.965	1384.7016
73.159	178.965	1212.6489
73.159	181.965	1132.3909
73.159	184.965	1085.2821
73.159	187.965	1119.8497
73.159	190.965	1309.6687
73.159	193.965	1326.2704
73.159	196.965	1367.7267
73.159	199.965	1311.6787
73.159	202.965	1541.7437
73.159	205.965	1714.3022
73.159	208.965	1639.2147
73.159	211.965	1778.5732
73.159	214.965	2197.0292
73.159	217.965	2605.3248
73.159	220.965	2824.2506
73.159	223.965	2921.8267
73.159	226.965	3597.8882
73.159	229.965	4133.3539
73.159	232.965	4238.1064
73.159	235.965	5194.1947
73.159	238.965	5372.7586
73.159	241.965	6160.9045
73.159	244.965	6886.8869
73.159	247.965	7078.3387
73.159	250.965	7628.6333
73.159	253.965	7866.13
73.159	256.965	8374.7512
73.159	259.965	8449.5191
73.159	262.965	8579.329
73.159	265.965	8685.303
73.159	268.965	8508.0027
73.159	271.965	8338.5007
73.159	274.965	8266.9188
73.159	277.965	7951.6412
73.159	280.965	7673.9914
73.159	283.965	7994.9784
73.159	286.965	7782.3019
73.159	289.965	7640.0902
73.159	292.965	7751.5418
73.159	295.965	7481.4755
73.159	298.965	7872.1253
73.159	301.965	7534.3314
73.159	304.965	7579.087
73.159	307.965	7205.0323
73.159	310.965	7006.8945
73.159	313.965	6806.8774
73.159	316.965	6079.0344
73.159	319.965	5467.6215
73.159	322.965	5348.6234
73.159	325.965	4957.2391
73.159	328.965	4397.0106
73.159	331.965	3574.4345
73.159	334.965	3174.7951
73.159	337.965	2918.8748
73.159	340.965	2825.6664
73.159	343.965	2437.7633
73.159	346.965	2006.0326
73.159	349.965	2025.2249
73.159	352.965	1872.2644
73.159	355.965	1662.6116
73.159	358.965	1516.3484
76.754	1.016	516.7098
76.754	4.016	723.1286
76.754	7.016	693.0681
76.754	10.016	927.6341
76.754	13.016	588.9376
76.754	16.016	699.1566
76.754	19.016	900.7235
76.754	22.016	959.8784
76.754	25.016	1405.8706
76.754	28.016	875.6822
76.754	31.016	1427.3181
76.754	34.016	1413.807
76.754	37.016	1815.7031
76.754	40.016	1411.17
76.754	43.016	1755.053
76.754	46.016	1938.3066
76.754	49.016	2049.4161
76.754	52.016	2311.7948
76.754	55.016	2211.1418
76.754	58.016	2603.4178
76.754	61.016	3016.6329
76.754	64.016	2704.5471
76.754	67.016	2625.4369
76.754	70.016	3135.3044
76.754	73.016	3020.6402
76.754	76.016	3178.9652
76.754	79.016	3039.6181
76.754	82.016	2821.0102
76.754	85.016	2818.6218
76.754	88.016	3295.2902
76.754	91.016	3266.1865
76.754	94.016	3538.1587
76.754	97.016	3067.0862
76.754	100.016	3138.1052
76.754	103.016	3652.368
76.754	106.016	3668.5755
76.754	109.016	3698.3313
76.754	112.016	3323.1208
76.754	115.016	3265.4934
76.754	118.016	3417.5053
76.754	121.016	3517.5721
76.754	124.016	3805.4582
76.754	127.016	3462.4575
76.754	130.016	3447.4262
76.754	133.016	3247.8787
76.754	136.016	3329.8308
76.754	139.016	3081.4549
76.754	142.016	2847.7603
76.754	145.016	2770.8701
76.754	148.016	2706.0139
76.754	151.016	2529.7431
76.754	154.016	2282.4667
76.754	157.016	2107.9475
76.754	160.016	2067.1703
76.754	163.016	1797.0633
76.754	166.016	1825.0199
76.754	169.016	1694.7408
76.754	172.016	1774.7381
76.754	175.016	1691.5114
76.754	178.016	1675.2879
76.754	181.016	1438.412
76.754	184.016	1761.9648
76.754	187.016	1364.649
76.754	190.016	1499.2217
76.754	193.016	1437.0191
76.754	196.016	1724.2812
76.754	199.016	1711.4443
76.754	202.016	1609.0838
76.754	205.016	1796.2544
76.754	208.016	2044.1734
76.754	211.016	1845.4971
76.754	214.016	2129.572
76.754	217.016	2485.8651
76.754	220.016	2306.6444
76.754	223.016	2636.391
76.754	226.016	2888.2274
76.754	229.016	2843.4974
76.754	232.016	3199.3231
76.754	235.016	3131.2833
76.754	238.016	3583.0481
76.754	241.016	3478.8228
76.754	244.016	3832.2305
76.754	247.016	4243.4162
76.754	250.016	3891.716
76.754	253.016	4108.5741
76.754	256.016	4104.7765
76.754	259.016	4201.0171
76.754	262.016	4105.4532
76.754	265.016	4136.2039
76.754	268.016	4153.5691
76.754	271.016	3992.8066
76.754	274.016	3812.5408
76.754	277.016	3609.6817
76.754	280.016	3682.0519
76.754	283.016	3137.8099
76.754	286.016	3428.0447
76.754	289.016	3412.3823
76.754	292.016	3052.0955
76.754	295.016	2956.546
76.754	298.016	2971.3712
76.754	301.016	2812.3568
76.754	304.016	2462.8786
76.754	307.016	2599.8984
76.754	310.016	2236.8964
76.754	313.016	2429.2425
76.754	316.016	2198.4722
76.754	319.016	1896.3629
76.754	322.016	1712.1367
76.754	325.016	1854.5691
76.754	328.016	1606.4694
76.754	331.016	1571.7608
76.754	334.016	1441.3537
76.754	337.016	886.9746
76.754	340.016	1189.7895
76.754	343.016	1060.3814
76.754	346.016	839.0562
76.754	349.016	983.6767
76.754	352.016	1002.7601
76.754	355.016	901.0691
76.754	358.016	1020.1102
79.951	0.74	1392.8674
79.951	3.74	1415.4017
79.951	6.74	1467.5316
79.951	9.74	1770.0902
79.951	12.74	1572.7021
79.951	15.74	1557.3486
79.951	18.74	1760.7676
79.951	21.74	1835.6805
79.951	24.74	1989.3733
79.951	27.74	1752.7341
79.951	30.74	1909.3067
79.951	33.74	1917.8238
79.951	36.74	1991.8801
79.951	39.74	2122.9741
79.951	42.74	1713.6687
79.951	45.74	2210.0858
79.951	48.74	1883.3737
79.951	51.74	2042.408
79.951	54.74	2140.444
79.951	57.74	2296.0633
79.951	60.74	2271.147
79.951	63.74	2707.5312
79.951	66.74	2356.9628
79.951	69.74	2410.5392
79.951	72.74	2461.9786
79.951	75.74	2513.7432
79.951	78.74	2506.152
79.951	81.74	2494.8902
79.951	84.74	2420.2111
79.951	87.74	2475.0217
79.951	90.74	2687.4285
79.951	93.74	2669.4739
79.951	96.74	2755.3688
79.951	99.74	2734.4729
79.951	102.74	3014.4115
79.951	105.74	2990.4453
79.951	108.74	3095.8246
79.951	111.74	3266.4238
79.951	114.74	2826.3696
79.951	117.74	3032.0822
79.951	120.74	3171.6848
79.951	123.74	3129.8989
79.951	126.74	3035.5614
79.951	129.74	3142.1413
79.951	132.74	2909.519
79.951	135.74	2985.9544
79.951	138.74	2985.3618
79.951	141.74	2908.1479
79.951	144.74	2710.4415
79.951	147.74	2583.0144
79.951	150.74	2560.705
79.951	153.74	2703.3683
79.951	156.74	2571.042
79.951	159.74	2249.3776
79.951	162.74	2116.3545
79.951	165.74	2364.7766
79.951	168.74	2102.7344
79.951	171.74	2183.0594
79.951	174.74	2253.2051
79.951	177.74	1922.1811
79.951	180.74	2013.4688
79.951	183.74	1851.7701
79.951	186.74	2084.4951
79.951	189.74	1872.5178
79.951	192.74	1873.3826
79.951	195.74	2035.3268
79.951	198.74	2161.4712
79.951	201.74	2149.1242
79.951	204.74	2056.3666
79.951	207.74	2144.15
79.951	210.74	2449.9583
79.951	213.74	2682.1605
79.951	216.74	2764.5244
79.951	219.74	2727.1958
79.951	222.74	2870.2654
79.951	225.74	2729.1472
79.951	228.74	2870.3662
79.951	231.74	2643.1667
79.951	234.74	2990.2665
79.951	237.74	2992.947
79.951	240.74	3300.8613
79.951	243.74	3704.3425
79.951	246.74	3157.436
79.951	249.74	3180.4091
79.951	252.74	3577.341
79.951	255.74	3500.2943
79.951	258.74	3196.676
79.951	261.74	3314.1225
79.951	264.74	3002.6395
79.951	267.74	3112.3048
79.951	270.74	3116.3792
79.951	273.74	3223.2846
79.951	276.74	3447.689
79.951	279.74	2709.0876
79.951	282.74	2967.593
79.951	285.74	2938.5527
79.951	288.74	2821.6253
79.951	291.74	2377.4232
79.951	294.74	2467.8559
79.951	297.74	2450.2139
79.951	300.74	2523.4508
79.951	303.74	2596.791
79.951	306.74	2470.2254
79.951	309.74	2320.6299
79.951	312.74	2201.2946
79.951	315.74	2181.3996
79.951	318.74	2005.3063
79.951	321.74	1929.3364
79.951	324.74	1821.1534
79.951	327.74	2013.9808
79.951	330.74	1825.6266
79.951	333.74	1769.7663
79.951	336.74	1788.4066
79.951	339.74	1398.5445
79.951	342.74	1897.4558
79.951	345.74	1601.9377
79.951	348.74	1437.1538
79.951	351.74	1766.8012
79.951	354.74	1481.7825
79.951	357.74	1502.6041
83.101	3	3162.6503
83.101	6	3709.0658
83.101	9	3487.13845
83.101	12	3492.5674
83.101	15	3267.8724
83.101	18	3243.08825
83.101	21	3344.35305
83.101	24	3124.90315
83.101	27	3445.75715
83.101	30	3424.23795
83.101	33	3105.1312
83.101	36	2898.18175
83.101	39	3390.1393
83.101	42	3151.78375
83.101	45	3161.0199
83.101	48	2812.0957
83.101	51	3043.31945
83.101	54	3058.06785
83.101	57	3119.9465
83.101	60	2750.4007
83.101	63	2689.5038
83.101	66	2719.8454
83.101	69	2573.23135
83.101	72	2689.055
83.101	75	2685.1599
83.101	78	2377.3342
83.101	81	2653.21385
83.101	84	2262.35425
83.101	87	2492.88895
83.101	90	2538.63425
83.101	93	2250.1366
83.101	96	2448.5022
83.101	99	2260.02675
83.101	102	2389.3471
83.101	105	2531.3221
83.101	108	2456.6136
83.101	111	2597.9077
83.101	114	2598.7938
83.101	117	2909.61185
83.101	120	2820.94075
83.101	123	2540.9634
83.101	126	2511.5797
83.101	129	2616.7869
83.101	132	2592.52135
83.101	135	2696.77735
83.101	138	2636.45165
83.101	141	2532.78445
83.101	144	2563.97765
83.101	147	2582.5746
83.101	150	2637.4622
83.101	153	2520.325
83.101	156	2620.73975
83.101	159	2597.20795
83.101	162	2372.9874
83.101	165	2450.84215
83.101	168	2269.317
83.101	171	2485.60585
83.101	174	2308.3431
83.101	177	2409.78995
83.101	180	2722.0816
83.101	183	2455.24265
83.101	186	2454.08045
83.101	189	2559.89145
83.101	192	2372.6583
83.101	195	2416.49845
83.101	198	2588.7815
83.101	201	2377.80125
83.101	204	2589.59565
83.101	207	2614.4887
83.101	210	2671.19695
83.101	213	2790.71395
83.101	216	2654.89105
83.101	219	2758.90695
83.101	222	2852.38815
83.101	225	2782.57925
83.101	228	2885.21255
83.101	231	2927.6111
83.101	234	2948.56655
83.101	237	2942.78835
83.101	240	3153.1123
83.101	243	3117.4229
83.101	246	3024.19515
83.101	249	3056.54765
83.101	252	3336.86055
83.101	255	2953.2582
83.101	258	3071.16645
83.101	261	2915.5475
83.101	264	3039.13315
83.101	267	3059.14365
83.101	270	2796.6022
83.101	273	2858.51655
83.101	276	2668.43655
83.101	279	2914.2686
83.101	282	2852.9885
83.101	285	2655.1224
83.101	288	2832.59585
83.101	291	2758.9491
83.101	294	2589.34645
83.101	297	2862.83325
83.101	300	2757.8065
83.101	303	2786.85655
83.101	306	2613.8579
83.101	309	2586.42285
83.101	312	2695.30045
83.101	315	2722.14645
83.101	318	2741.4436
83.101	321	2880.26565
83.101	324	2923.7578
83.101	327	3241.8438
83.101	330	3214.30355
83.101	333	3196.3997
83.101	336	3436.7895
83.101	339	3343.09165
83.101	342	3354.45855
83.101	345	3234.0877
83.101	348	3540.73475
83.101	351	3398.94605
83.101	354	3142.44025
83.101	357	3583.7852
83.101	360	3492.65575
86.604	2.763	3302.6593
86.604	5.763	2489.7488
86.604	8.763	3459.2001
86.604	11.763	3060.7813
86.604	14.763	4150.5742
86.604	17.763	3362.4094
86.604	20.763	4272.0665
86.604	23.763	3759.6327
86.604	26.763	3925.5701
86.604	29.763	3987.9066
86.604	32.763	4277.8824
86.604	35.763	4008.146
86.604	38.763	4009.8684
86.604	41.763	4288.0407
86.604	44.763	4688.495
86.604	47.763	3975.9464
86.604	50.763	3620.4278
86.604	53.763	4170.1027
86.604	56.763	3882.0251
86.604	59.763	4022.6026
86.604	62.763	4419.9724
86.604	65.763	3099.3122
86.604	68.763	3852.2462
86.604	71.763	3629.5615
86.604	74.763	4269.9049
86.604	77.763	2983.6598
86.604	80.763	3593.6912
86.604	83.763	3427.7452
86.604	86.763	3321.2402
86.604	89.763	2775.2309
86.604	92.763	2802.4209
86.604	95.763	3146.0855
86.604	98.763	2501.3355
86.604	101.763	3173.0149
86.604	104.763	2833.6248
86.604	107.763	2643.8077
86.604	110.763	2171.6202
86.604	113.763	2244.6476
86.604	116.763	1517.9119
86.604	119.763	2290.4881
86.604	122.763	2248.818
86.604	125.763	1489.8878
86.604	128.763	1845.2153
86.604	131.763	1431.3342
86.604	134.763	2349.4086
86.604	137.763	2010.0394
86.604	140.763	1718.4147
86.604	143.763	1639.5316
86.604	146.763	1483.0371
86.604	149.763	970.8948
86.604	152.763	1699.7539
86.604	155.763	1235.6722
86.604	158.763	1217.1482
86.604	161.763	1184.9533
86.604	164.763	1202.287
86.604	167.763	1280.1385
86.604	170.763	1058.3394
86.604	173.763	1345.3428
86.604	176.763	1049.1298
86.604	179.763	1235.2313
86.604	182.763	1371.3642
86.604	185.763	1149.9968
86.604	188.763	1106.2824
86.604	191.763	1234.0875
86.604	194.763	1358.213
86.604	197.763	847.1231
86.604	200.763	672.3222
86.604	203.763	588.5675
86.604	206.763	1279.3589
86.604	209.763	1126.9487
86.604	212.763	935.0023
86.604	215.763	945.9484
86.604	218.763	1244.698
86.604	221.763	949.5242
86.604	224.763	796.6085
86.604	227.763	1188.6428
86.604	230.763	1009.1707
86.604	233.763	1265.4384
86.604	236.763	1185.2332
86.604	239.763	1207.2622
86.604	242.763	1072.513
86.604	245.763	778.077
86.604	248.763	1110.6526
86.604	251.763	526.3463
86.604	254.763	1250.9511
86.604	257.763	1010.3332
86.604	260.763	1427.1693
86.604	263.763	1597.2466
86.604	266.763	1238.8485
86.604	269.763	1242.9574
86.604	272.763	881.776
86.604	275.763	1517.0924
86.604	278.763	1515.0636
86.604	281.763	1630.505
86.604	284.763	1412.1527
86.604	287.763	1246.3872
86.604	290.763	1103.4417
86.604	293.763	1056.759
86.604	296.763	1069.4606
86.604	299.763	1949.5122
86.604	302.763	1512.0377
86.604	305.763	1771.6531
86.604	308.763	1855.7454
86.604	311.763	1600.5381
86.604	314.763	1875.8241
86.604	317.763	1830.0512
86.604	320.763	1910.6392
86.604	323.763	1956.1788
86.604	326.763	2016.9362
86.604	329.763	2184.057
86.604	332.763	1948.2577
86.604	335.763	2289.0791
86.604	338.763	2197.2184
86.604	341.763	1966.8028
86.604	344.763	2269.8819
86.604	347.763	2649.7396
86.604	350.763	2899.7009
86.604	353.763	2329.5988
86.604	356.763	2822.5158
86.604	359.763	2708.2707
89	3	4638.0465
89	6	3996.7478
89	9	4590.9822
89	12	4870.5746
89	15	4759.6856
89	18	4495.0228
89	21	4643.7386
89	24	4594.9596
89	27	4795.2957
89	30	4502.3957
89	33	4180.0322
89	36	4708.6998
89	39	4226.5771
89	42	4375.2765
89	45	4510.2055
89	48	3756.1709
89	51	3961.3856
89	54	3929.0985
89	57	3690.8416
89	60	3456.3965
89	63	2827.3821
89	66	3369.1808
89	69	3100.3946
89	72	3568.3906
89	75	3550.8905
89	78	3166.8752
89	81	2841.7448
89	84	2698.4788
89	87	2449.5678
89	90	2556.9707
89	93	2080.407
89	96	2723.4001
89	99	2106.5274
89	102	2406.6067
89	105	2661.9585
89	108	2637.9513
89	111	2535.9599
89	114	2453.357
89	117	2864.5208
89	120	2594.8324
89	123	2075.2355
89	126	2784.8254
89	129	2193.267
89	132	2626.3887
89	135	2788.1918
89	138	2907.054
89	141	2947.9968
89	144	2546.1308
89	147	2356.472
89	150	2353.421
89	153	2207.3156
89	156	2425.071
89	159	2157.5942
89	162	2505.0922
89	165	2041.935
89	168	2934.8438
89	171	2472.4019
89	174	2083.4085
89	177	2530.8665
89	180	3007.0009
89	183	2378.1661
89	186	2746.7065
89	189	2067.0333
89	192	2111.2145
89	195	2322.8723
89	198	2196.2278
89	201	2678.4904
89	204	1948.2888
89	207	2034.2084
89	210	2330.1632
89	213	2382.0946
89	216	2321.1194
89	219	2703.3495
89	222	2263.6342
89	225	2105.4191
89	228	2661.2009
89	231	2030.3103
89	234	2534.2736
89	237	2460.304
89	240	2471.541
89	243	2380.7064
89	246	2452.9637
89	249	2385.4287
89	252	2164.3326
89	255	2262.8737
89	258	2641.9267
89	261	2597.0996
89	264	2076.5979
89	267	2095.2418
89	270	1945.139
89	273	2310.1794
89	276	2742.3533
89	279	3077.3029
89	282	2856.4525
89	285	2522.3182
89	288	2911.0227
89	291	3188.9809
89	294	2654.5907
89	297	3072.1307
89	300	3252.6816
89	303	4217.3814
89	306	3497.7687
89	309	4003.1878
89	312	3524.9239
89	315	3924.3716
89	318	4190.5545
89	321	3964.8022
89	324	4233.5005
89	327	4403.7343
89	330	4697.6759
89	333	4416.1759
89	336	4649.5513
89	339	4839.9065
89	342	5046.0584
89	345	4511.3102
89	348	5544.2399
89	351	4076.87
89	354	4527.5504
89	357	4311.9368
89	360	4671.6568
