>BT8; Created QKowari;
>grid: 
>backgr: 
-4.0
0	1.95	3148.8249
0	4.95	2829.5065
0	7.95	3006.028
0	10.95	3121.2461
0	13.95	3318.1133
0	16.95	3475.9689
0	19.95	3712.2656
0	22.95	4085.6168
0	25.95	4316.349
0	28.95	4878.2999
0	31.95	5349.6692
0	34.95	6111.1912
0	37.95	6330.1745
0	40.95	6961.6206
0	43.95	7611.2603
0	46.95	8360.183
0	49.95	8851.5926
0	52.95	9541.3919
0	55.95	10470.7367
0	58.95	11013.6178
0	61.95	11588.6157
0	64.95	12242.5385
0	67.95	13288.9703
0	70.95	13350.7018
0	73.95	14275.7512
0	76.95	14982.7283
0	79.95	15382.3755
0	82.95	16222.5618
0	85.95	16467.0499
0	88.95	17521.5729
0	91.95	17229.7891
0	94.95	17262.598
0	97.95	16618.5451
0	100.95	16699.9158
0	103.95	16201.0008
0	106.95	15689.7449
0	109.95	14649.034
0	112.95	14555.6401
0	115.95	12775.4797
0	118.95	13132.4508
0	121.95	11367.018
0	124.95	10514.9001
0	127.95	10206.7446
0	130.95	9524.8393
0	133.95	8873.7992
0	136.95	8131.8044
0	139.95	7872.0179
0	142.95	7467.7029
0	145.95	6996.413
0	148.95	6364.637
0	151.95	5782.1221
0	154.95	5096.9361
0	157.95	4999.3019
0	160.95	4513.8115
0	163.95	4135.4765
0	166.95	4004.3945
0	169.95	3871.8903
0	172.95	3519.4446
0	175.95	3506.0008
0	178.95	3276.2362
0	181.95	3339.7085
0	184.95	3155.9385
0	187.95	3055.5796
0	190.95	3295.5254
0	193.95	3658.9011
0	196.95	3612.014
0	199.95	3800.3983
0	202.95	4019.0456
0	205.95	4238.7003
0	208.95	4672.8853
0	211.95	5256.1966
0	214.95	5553.3614
0	217.95	6291.6311
0	220.95	6928.4549
0	223.95	7590.4652
0	226.95	8136.6629
0	229.95	8817.8372
0	232.95	9489.2714
0	235.95	10027.0335
0	238.95	10880.9141
0	241.95	10853.0173
0	244.95	11817.2962
0	247.95	12629.7274
0	250.95	13638.0419
0	253.95	14485.2918
0	256.95	14599.9005
0	259.95	15624.8514
0	262.95	16034.1678
0	265.95	16485.6547
0	268.95	16923.1143
0	271.95	17668.2216
0	274.95	17215.5588
0	277.95	17083.6552
0	280.95	16797.8829
0	283.95	15989.7938
0	286.95	15364.7501
0	289.95	15077.1478
0	292.95	13785.1941
0	295.95	13454.7723
0	298.95	12694.9374
0	301.95	11899.237
0	304.95	11109.3118
0	307.95	10639.7179
0	310.95	10109.3165
0	313.95	9489.8058
0	316.95	9322.8563
0	319.95	8478.9606
0	322.95	7726.4315
0	325.95	7185.5195
0	328.95	6613.2131
0	331.95	5852.2542
0	334.95	5740.1637
0	337.95	4959.5756
0	340.95	4631.4044
0	343.95	4409.785
0	346.95	3804.6553
0	349.95	3563.9446
0	352.95	3397.0583
0	355.95	3318.967
0	358.95	2924.5599
2.492	1.127	2933.8164
2.492	4.127	2959.7168
2.492	7.127	2852.7135
2.492	10.127	3241.6816
2.492	13.127	3095.0502
2.492	16.127	3620.7163
2.492	19.127	3629.231
2.492	22.127	3828.5682
2.492	25.127	4565.5726
2.492	28.127	4757.5681
2.492	31.127	5194.0133
2.492	34.127	5638.5768
2.492	37.127	6163.6127
2.492	40.127	6820.5066
2.492	43.127	7436.0668
2.492	46.127	7883.9353
2.492	49.127	8493.7352
2.492	52.127	9015.625
2.492	55.127	9688.248
2.492	58.127	10088.2136
2.492	61.127	10565.1936
2.492	64.127	10970.5125
2.492	67.127	11638.6238
2.492	70.127	12359.2366
2.492	73.127	13004.9666
2.492	76.127	13615.7815
2.492	79.127	14141.3845
2.492	82.127	14785.8756
2.492	85.127	15652.6168
2.492	88.127	15635.4322
2.492	91.127	15928.0727
2.492	94.127	15571.4241
2.492	97.127	15863.8157
2.492	100.127	15899.5228
2.492	103.127	15486.3734
2.492	106.127	16840.5607
2.492	109.127	14217.7153
2.492	112.127	14086.2648
2.492	115.127	13032.6298
2.492	118.127	12055.3076
2.492	121.127	10935.2651
2.492	124.127	10332.354
2.492	127.127	9856.308
2.492	130.127	9472.185
2.492	133.127	8780.409
2.492	136.127	8423.6975
2.492	139.127	7667.9818
2.492	142.127	7222.7472
2.492	145.127	6747.5155
2.492	148.127	6094.3457
2.492	151.127	5789.6986
2.492	154.127	5371.302
2.492	157.127	4743.2476
2.492	160.127	4517.0942
2.492	163.127	4003.6191
2.492	166.127	3877.7088
2.492	169.127	3590.2094
2.492	172.127	3617.7323
2.492	175.127	3389.3551
2.492	178.127	3137.1412
2.492	181.127	3083.8472
2.492	184.127	3117.8202
2.492	187.127	3333.1902
2.492	190.127	3275.6796
2.492	193.127	3400.5995
2.492	196.127	3464.7826
2.492	199.127	3603.3958
2.492	202.127	3768.2137
2.492	205.127	4119.0185
2.492	208.127	4453.24
2.492	211.127	4841.4068
2.492	214.127	5150.7105
2.492	217.127	5958.9799
2.492	220.127	6551.0196
2.492	223.127	7047.92
2.492	226.127	7592.5962
2.492	229.127	8096.6612
2.492	232.127	8731.4232
2.492	235.127	9240.8004
2.492	238.127	9983.2883
2.492	241.127	10306.2746
2.492	244.127	10836.5416
2.492	247.127	12133.3529
2.492	250.127	12421.8339
2.492	253.127	13757.1808
2.492	256.127	13695.1705
2.492	259.127	15399.1231
2.492	262.127	15855.2035
2.492	265.127	15611.8398
2.492	268.127	16486.5842
2.492	271.127	16637.4216
2.492	274.127	16323.864
2.492	277.127	16754.8516
2.492	280.127	16088.5472
2.492	283.127	16021.8175
2.492	286.127	14950.6393
2.492	289.127	14486.4847
2.492	292.127	13742.1403
2.492	295.127	13229.5286
2.492	298.127	12476.2486
2.492	301.127	11643.1279
2.492	304.127	11016.4117
2.492	307.127	10539.7013
2.492	310.127	9943.0128
2.492	313.127	9780.8059
2.492	316.127	9040.2199
2.492	319.127	8446.8623
2.492	322.127	7865.4751
2.492	325.127	7439.018
2.492	328.127	7192.8944
2.492	331.127	6237.4849
2.492	334.127	5660.5163
2.492	337.127	5342.3448
2.492	340.127	4916.1207
2.492	343.127	4477.6989
2.492	346.127	4303.1832
2.492	349.127	3697.9519
2.492	352.127	3587.0182
2.492	355.127	3135.89
2.492	358.127	3379.0636
7.507	2.12	4295.90535
7.507	5.12	4025.09395
7.507	8.12	4073.85885
7.507	11.12	4296.0616
7.507	14.12	4614.7772
7.507	17.12	4613.04955
7.507	20.12	4945.8287
7.507	23.12	5395.16105
7.507	26.12	5789.14395
7.507	29.12	6309.20165
7.507	32.12	6752.2104
7.507	35.12	7329.6503
7.507	38.12	8029.96285
7.507	41.12	8506.45705
7.507	44.12	8968.85765
7.507	47.12	9560.88695
7.507	50.12	10072.63445
7.507	53.12	10467.65045
7.507	56.12	11264.93055
7.507	59.12	11304.8902
7.507	62.12	11930.1248
7.507	65.12	12093.56195
7.507	68.12	12781.87585
7.507	71.12	13320.0556
7.507	74.12	13835.11125
7.507	77.12	14348.9601
7.507	80.12	15031.65825
7.507	83.12	15276.09865
7.507	86.12	15900.55275
7.507	89.12	15932.1068
7.507	92.12	16201.9458
7.507	95.12	16076.8097
7.507	98.12	16090.65235
7.507	101.12	15514.65905
7.507	104.12	15064.7426
7.507	107.12	14445.248
7.507	110.12	14392.7956
7.507	113.12	13431.72005
7.507	116.12	12679.1899
7.507	119.12	11925.16515
7.507	122.12	11253.39135
7.507	125.12	10882.76405
7.507	128.12	10484.01995
7.507	131.12	9930.50795
7.507	134.12	9296.83735
7.507	137.12	8922.89895
7.507	140.12	8237.2145
7.507	143.12	8013.96115
7.507	146.12	7482.77495
7.507	149.12	6846.73275
7.507	152.12	6201.12755
7.507	155.12	5771.6521
7.507	158.12	5411.73065
7.507	161.12	4905.57125
7.507	164.12	4369.43615
7.507	167.12	4023.9062
7.507	170.12	3780.80085
7.507	173.12	3739.25795
7.507	176.12	3390.4512
7.507	179.12	3415.6205
7.507	182.12	3327.9861
7.507	185.12	3164.8089
7.507	188.12	3355.618
7.507	191.12	3332.4093
7.507	194.12	3636.53695
7.507	197.12	3628.50635
7.507	200.12	3826.2207
7.507	203.12	3969.8799
7.507	206.12	4255.3576
7.507	209.12	5077.86885
7.507	212.12	5463.626
7.507	215.12	6160.7332
7.507	218.12	6594.8196
7.507	221.12	7077.1588
7.507	224.12	7996.415
7.507	227.12	8374.0141
7.507	230.12	8820.5792
7.507	233.12	9443.197
7.507	236.12	9958.66895
7.507	239.12	10491.21715
7.507	242.12	11223.69835
7.507	245.12	11610.68145
7.507	248.12	12209.7774
7.507	251.12	12586.03055
7.507	254.12	13388.20655
7.507	257.12	14039.3951
7.507	260.12	14578.3272
7.507	263.12	15085.0169
7.507	266.12	15642.20725
7.507	269.12	16399.4211
7.507	272.12	16497.06095
7.507	275.12	16570.62425
7.507	278.12	16589.32995
7.507	281.12	16435.6736
7.507	284.12	15991.97115
7.507	287.12	15460.45585
7.507	290.12	14920.9133
7.507	293.12	14157.99265
7.507	296.12	13532.579
7.507	299.12	13200.1243
7.507	302.12	12128.63845
7.507	305.12	12026.3558
7.507	308.12	11317.5374
7.507	311.12	10932.81055
7.507	314.12	10597.20315
7.507	317.12	9943.764
7.507	320.12	9431.7317
7.507	323.12	9224.5092
7.507	326.12	8757.6344
7.507	329.12	8139.1049
7.507	332.12	7420.1118
7.507	335.12	6891.38375
7.507	338.12	6259.5345
7.507	341.12	5862.31095
7.507	344.12	5541.8611
7.507	347.12	4877.13725
7.507	350.12	4712.14905
7.507	353.12	4600.4974
7.507	356.12	4244.22065
7.507	359.12	4177.8772
9.998	0.934	7278.5639
9.998	3.934	7063.0522
9.998	6.934	7320.3627
9.998	9.934	7773.3617
9.998	12.934	7976.3534
9.998	15.934	8048.4848
9.998	18.934	8572.7112
9.998	21.934	8893.8304
9.998	24.934	9324.0138
9.998	27.934	9773.635
9.998	30.934	10174.8015
9.998	33.934	10709.9042
9.998	36.934	11702.4178
9.998	39.934	11720.3521
9.998	42.934	11786.3553
9.998	45.934	12177.5513
9.998	48.934	12669.294
9.998	51.934	12670.2488
9.998	54.934	13354.221
9.998	57.934	13834.8987
9.998	60.934	13900.2372
9.998	63.934	14155.9369
9.998	66.934	15141.3625
9.998	69.934	15550.687
9.998	72.934	16077.7057
9.998	75.934	16490.0198
9.998	78.934	17171.3088
9.998	81.934	17924.2481
9.998	84.934	18261.2647
9.998	87.934	18494.1223
9.998	90.934	18694.2314
9.998	93.934	18630.0769
9.998	96.934	18235.411
9.998	99.934	17842.5964
9.998	102.934	17506.2317
9.998	105.934	16324.994
9.998	108.934	15511.1412
9.998	111.934	14788.8847
9.998	114.934	14433.0344
9.998	117.934	13598.3589
9.998	120.934	13013.9278
9.998	123.934	12063.3708
9.998	126.934	11876.6781
9.998	129.934	11415.1376
9.998	132.934	10745.036
9.998	135.934	10283.8219
9.998	138.934	9741.6088
9.998	141.934	9366.4584
9.998	144.934	8901.3507
9.998	147.934	8238.6974
9.998	150.934	7679.5334
9.998	153.934	7202.7241
9.998	156.934	6915.8027
9.998	159.934	6235.5082
9.998	162.934	5888.0096
9.998	165.934	5579.0981
9.998	168.934	5260.7315
9.998	171.934	5280.3356
9.998	174.934	4790.9787
9.998	177.934	4700.4396
9.998	180.934	4861.6329
9.998	183.934	4885.5571
9.998	186.934	4627.763
9.998	189.934	4938.2637
9.998	192.934	5000.4633
9.998	195.934	4698.9214
9.998	198.934	5282.3105
9.998	201.934	5459.5973
9.998	204.934	5958.2965
9.998	207.934	6214.549
9.998	210.934	6948.6849
9.998	213.934	7227.9664
9.998	216.934	8143.2484
9.998	219.934	8295.3085
9.998	222.934	9123.4049
9.998	225.934	9612.7184
9.998	228.934	10070.415
9.998	231.934	10558.7748
9.998	234.934	11040.0184
9.998	237.934	11495.6346
9.998	240.934	12096.9237
9.998	243.934	12398.1482
9.998	246.934	13158.3209
9.998	249.934	13759.2551
9.998	252.934	14386.3185
9.998	255.934	15041.3433
9.998	258.934	15989.9792
9.998	261.934	16849.1201
9.998	264.934	17272.7985
9.998	267.934	18064.0879
9.998	270.934	18596.2686
9.998	273.934	18644.1653
9.998	276.934	18870.8497
9.998	279.934	18813.5097
9.998	282.934	18728.7851
9.998	285.934	18269.4814
9.998	288.934	17719.6262
9.998	291.934	17342.7693
9.998	294.934	16463.3537
9.998	297.934	15798.7617
9.998	300.934	15403.5377
9.998	303.934	14810.171
9.998	306.934	14065.3465
9.998	309.934	13736.6008
9.998	312.934	13333.834
9.998	315.934	12899.2689
9.998	318.934	12473.609
9.998	321.934	11885.8655
9.998	324.934	11457.8628
9.998	327.934	11134.6952
9.998	330.934	10934.547
9.998	333.934	9921.8628
9.998	336.934	9806.7525
9.998	339.934	9036.4374
9.998	342.934	8757.3139
9.998	345.934	8516.3584
9.998	348.934	8331.967
9.998	351.934	7728.4531
9.998	354.934	7927.2922
9.998	357.934	7317.7438
12.49	0.107	15732.1674
12.49	3.107	15759.9857
12.49	6.107	15642.6809
12.49	9.107	16083.42
12.49	12.107	16470.6753
12.49	15.107	16764.0434
12.49	18.107	16795.936
12.49	21.107	17377.7045
12.49	24.107	17486.2103
12.49	27.107	18272.1704
12.49	30.107	18095.1188
12.49	33.107	18695.1349
12.49	36.107	18624.901
12.49	39.107	18760.54
12.49	42.107	18895.7922
12.49	45.107	18861.5149
12.49	48.107	18927.5769
12.49	51.107	19075.274
12.49	54.107	19536.1338
12.49	57.107	19423.0869
12.49	60.107	19841.9769
12.49	63.107	20311.8285
12.49	66.107	21269.2843
12.49	69.107	21074.4317
12.49	72.107	21018.7072
12.49	75.107	21945.3482
12.49	78.107	22458.5519
12.49	81.107	22736.3256
12.49	84.107	23023.7791
12.49	87.107	23103.9214
12.49	90.107	23464.3186
12.49	93.107	23058.9539
12.49	96.107	22812.6559
12.49	99.107	22585.3703
12.49	102.107	21814.9641
12.49	105.107	21191.739
12.49	108.107	20484.2406
12.49	111.107	19311.5358
12.49	114.107	18376.0226
12.49	117.107	17669.3632
12.49	120.107	16882.1171
12.49	123.107	15984.9602
12.49	126.107	15122.5469
12.49	129.107	14460.7696
12.49	132.107	13932.6779
12.49	135.107	13219.1259
12.49	138.107	12622.2174
12.49	141.107	12251.3596
12.49	144.107	11333.929
12.49	147.107	10817.5016
12.49	150.107	10428.6483
12.49	153.107	9442.9681
12.49	156.107	9008.5208
12.49	159.107	8761.4898
12.49	162.107	8293.8694
12.49	165.107	7811.8636
12.49	168.107	7667.1958
12.49	171.107	7103.0316
12.49	174.107	6932.9229
12.49	177.107	7039.3739
12.49	180.107	6888.0873
12.49	183.107	6603.1693
12.49	186.107	6860.7605
12.49	189.107	6752.7917
12.49	192.107	7025.3238
12.49	195.107	6967.3184
12.49	198.107	6899.0246
12.49	201.107	7572.7368
12.49	204.107	7945.4189
12.49	207.107	8593.8326
12.49	210.107	8788.3106
12.49	213.107	9270.4313
12.49	216.107	10080.4484
12.49	219.107	10486.7997
12.49	222.107	11198.2726
12.49	225.107	11801.0842
12.49	228.107	12150.9671
12.49	231.107	12758.9868
12.49	234.107	13432.3184
12.49	237.107	13778.648
12.49	240.107	14140.0083
12.49	243.107	14881.9037
12.49	246.107	15700.7054
12.49	249.107	16413.0429
12.49	252.107	17378.6504
12.49	255.107	18018.4667
12.49	258.107	18958.9005
12.49	261.107	20098.8956
12.49	264.107	21392.9478
12.49	267.107	21897.9146
12.49	270.107	22582.6889
12.49	273.107	23338.7622
12.49	276.107	23650.5375
12.49	279.107	24103.206
12.49	282.107	23625.4505
12.49	285.107	23513.7617
12.49	288.107	23218.7865
12.49	291.107	22699.5864
12.49	294.107	22265.8065
12.49	297.107	21836.66
12.49	300.107	21208.0669
12.49	303.107	20741.4684
12.49	306.107	19892.0158
12.49	309.107	19547.7677
12.49	312.107	19089.3973
12.49	315.107	18818.093
12.49	318.107	18172.7392
12.49	321.107	17742.8313
12.49	324.107	17604.6724
12.49	327.107	17031.195
12.49	330.107	17084.0414
12.49	333.107	16765.9821
12.49	336.107	17085.9746
12.49	339.107	16365.0496
12.49	342.107	16513.4202
12.49	345.107	15920.6526
12.49	348.107	16150.6606
12.49	351.107	15647.0421
12.49	354.107	16353.0164
12.49	357.107	15874.4911
17.506	1.085	62191.5413
17.506	4.085	61977.4654
17.506	7.085	62395.1712
17.506	10.085	64898.4074
17.506	13.085	63207.6835
17.506	16.085	65947.9457
17.506	19.085	65583.3599
17.506	22.085	64731.8549
17.506	25.085	64618.8164
17.506	28.085	62478.1566
17.506	31.085	62022.7317
17.506	34.085	60130.7729
17.506	37.085	58628.5155
17.506	40.085	57610.4074
17.506	43.085	55766.8596
17.506	46.085	55729.9666
17.506	49.085	52473.2324
17.506	52.085	52184.5263
17.506	55.085	49705.858
17.506	58.085	48052.5592
17.506	61.085	44846.2325
17.506	64.085	43405.6667
17.506	67.085	42073.012
17.506	70.085	40757.1173
17.506	73.085	39902.2165
17.506	76.085	37801.4802
17.506	79.085	37868.0626
17.506	82.085	35864.3853
17.506	85.085	35694.6422
17.506	88.085	35424.7781
17.506	91.085	34521.5207
17.506	94.085	34333.4997
17.506	97.085	33896.3079
17.506	100.085	33964.2737
17.506	103.085	34091.9665
17.506	106.085	33171.9946
17.506	109.085	33578.336
17.506	112.085	33145.4002
17.506	115.085	32290.9649
17.506	118.085	31943.2494
17.506	121.085	30912.4049
17.506	124.085	29902.7209
17.506	127.085	29928.7811
17.506	130.085	29359.072
17.506	133.085	28329.8495
17.506	136.085	26588.3404
17.506	139.085	25421.613
17.506	142.085	24935.1284
17.506	145.085	24048.4916
17.506	148.085	22769.3545
17.506	151.085	22403.791
17.506	154.085	21522.0599
17.506	157.085	20917.1796
17.506	160.085	20113.5334
17.506	163.085	19165.8317
17.506	166.085	19776.5382
17.506	169.085	18604.3795
17.506	172.085	18459.7833
17.506	175.085	19088.0436
17.506	178.085	17848.0777
17.506	181.085	17951.4925
17.506	184.085	17927.5639
17.506	187.085	17502.6772
17.506	190.085	17394.504
17.506	193.085	17279.1552
17.506	196.085	17895.2888
17.506	199.085	18638.8618
17.506	202.085	17989.6955
17.506	205.085	19235.1949
17.506	208.085	19223.079
17.506	211.085	20587.8413
17.506	214.085	21148.6812
17.506	217.085	21276.9477
17.506	220.085	22047.675
17.506	223.085	22961.5327
17.506	226.085	23022.8758
17.506	229.085	24537.4197
17.506	232.085	24530.4326
17.506	235.085	25733.7352
17.506	238.085	26756.1856
17.506	241.085	27786.7577
17.506	244.085	28130.0819
17.506	247.085	29573.5132
17.506	250.085	30481.3296
17.506	253.085	31551.0741
17.506	256.085	32135.8143
17.506	259.085	32777.6534
17.506	262.085	33652.3207
17.506	265.085	34183.6601
17.506	268.085	34697.8269
17.506	271.085	35170.58
17.506	274.085	35107.7658
17.506	277.085	35978.9038
17.506	280.085	36208.7369
17.506	283.085	37184.8085
17.506	286.085	37857.8432
17.506	289.085	38360.2814
17.506	292.085	39555.2896
17.506	295.085	40495.014
17.506	298.085	41536.5775
17.506	301.085	43087.2483
17.506	304.085	44022.1484
17.506	307.085	45175.5481
17.506	310.085	46516.8798
17.506	313.085	47943.8972
17.506	316.085	50228.0009
17.506	319.085	50863.009
17.506	322.085	52723.4229
17.506	325.085	52870.9124
17.506	328.085	53445.8571
17.506	331.085	55002.7702
17.506	334.085	55677.7649
17.506	337.085	56056.1884
17.506	340.085	57130.6679
17.506	343.085	58616.0469
17.506	346.085	59161.6472
17.506	349.085	60130.7388
17.506	352.085	61262.6133
17.506	355.085	61744.6363
17.506	358.085	62243.2083
19.996	2.883	137383.9342
19.996	5.883	139392.5553
19.996	8.883	140397.8694
19.996	11.883	141492.585
19.996	14.883	142012.7422
19.996	17.883	143211.0148
19.996	20.883	142076.6949
19.996	23.883	141153.2683
19.996	26.883	137488.4381
19.996	29.883	135432.7916
19.996	32.883	132372.99
19.996	35.883	127172.6565
19.996	38.883	122973.1854
19.996	41.883	118041.7191
19.996	44.883	111904.6713
19.996	47.883	106303.217
19.996	50.883	101225.0633
19.996	53.883	93171.3915
19.996	56.883	87148.5464
19.996	59.883	81673.0193
19.996	62.883	75922.2152
19.996	65.883	69995.4481
19.996	68.883	65172.1774
19.996	71.883	60207.714
19.996	74.883	56647.6002
19.996	77.883	52719.138
19.996	80.883	50148.8575
19.996	83.883	47288.3142
19.996	86.883	45746.4323
19.996	89.883	44692.6178
19.996	92.883	43937.3847
19.996	95.883	43534.633
19.996	98.883	44487.1709
19.996	101.883	44540.1095
19.996	104.883	46145.2794
19.996	107.883	47917.9166
19.996	110.883	48943.0189
19.996	113.883	50384.5958
19.996	116.883	51309.438
19.996	119.883	52219.2778
19.996	122.883	52752.3181
19.996	125.883	53013.1308
19.996	128.883	53562.2434
19.996	131.883	52842.1919
19.996	134.883	52063.706
19.996	137.883	51225.8774
19.996	140.883	50701.1318
19.996	143.883	49751.6647
19.996	146.883	48615.6315
19.996	149.883	48259.4467
19.996	152.883	46939.7308
19.996	155.883	47049.9367
19.996	158.883	46822.0857
19.996	161.883	46290.0993
19.996	164.883	46174.7903
19.996	167.883	46204.6421
19.996	170.883	45801.2698
19.996	173.883	45920.1788
19.996	176.883	46316.9517
19.996	179.883	46675.5106
19.996	182.883	46670.7919
19.996	185.883	47081.4764
19.996	188.883	46968.276
19.996	191.883	47052.7495
19.996	194.883	46966.176
19.996	197.883	47115.694
19.996	200.883	46736.5353
19.996	203.883	47112.5391
19.996	206.883	47813.9093
19.996	209.883	47977.6734
19.996	212.883	48313.5873
19.996	215.883	47958.0695
19.996	218.883	48261.9137
19.996	221.883	48813.0571
19.996	224.883	48964.2981
19.996	227.883	50157.784
19.996	230.883	50444.2202
19.996	233.883	51324.1563
19.996	236.883	51313.2122
19.996	239.883	51608.8502
19.996	242.883	52089.0984
19.996	245.883	51163.6986
19.996	248.883	51845.7974
19.996	251.883	50538.5528
19.996	254.883	50273.7606
19.996	257.883	49456.3753
19.996	260.883	48650.4662
19.996	263.883	46688.4677
19.996	266.883	46158.4059
19.996	269.883	46043.0657
19.996	272.883	46105.2134
19.996	275.883	46429.3253
19.996	278.883	46795.068
19.996	281.883	48602.6785
19.996	284.883	49988.0822
19.996	287.883	52674.3404
19.996	290.883	55952.2347
19.996	293.883	59549.0947
19.996	296.883	63520.3497
19.996	299.883	68626.2
19.996	302.883	73254.2062
19.996	305.883	79092.2318
19.996	308.883	84744.2684
19.996	311.883	90018.1695
19.996	314.883	95101.5178
19.996	317.883	99669.0039
19.996	320.883	104256.5322
19.996	323.883	107994.4755
19.996	326.883	111888.2178
19.996	329.883	115361.6297
19.996	332.883	118183.983
19.996	335.883	122700.2583
19.996	338.883	125065.2381
19.996	341.883	128266.4045
19.996	344.883	130878.9238
19.996	347.883	131709.2694
19.996	350.883	134036.3606
19.996	353.883	135129.8232
19.996	356.883	136880.7528
19.996	359.883	137064.9893
22.489	2.056	204200.0165
22.489	5.056	206017.5302
22.489	8.056	205399.4384
22.489	11.056	208093.248
22.489	14.056	210060.6089
22.489	17.056	211282.7766
22.489	20.056	208745.8806
22.489	23.056	208526.6799
22.489	26.056	205942.2355
22.489	29.056	202442.4147
22.489	32.056	197317.018
22.489	35.056	191925.3898
22.489	38.056	186305.7637
22.489	41.056	179669.8484
22.489	44.056	171481.0343
22.489	47.056	163836.4872
22.489	50.056	154608.7661
22.489	53.056	143569.4599
22.489	56.056	133459.4448
22.489	59.056	120927.0076
22.489	62.056	110633.3673
22.489	65.056	100871.967
22.489	68.056	91054.5568
22.489	71.056	82873.4216
22.489	74.056	75372.7663
22.489	77.056	69009.0224
22.489	80.056	63669.7335
22.489	83.056	59244.8131
22.489	86.056	56047.0442
22.489	89.056	53499.8187
22.489	92.056	52349.7318
22.489	95.056	52528.135
22.489	98.056	53803.8855
22.489	101.056	55004.0427
22.489	104.056	57442.7549
22.489	107.056	61216.5438
22.489	110.056	64944.7862
22.489	113.056	69709.2654
22.489	116.056	73698.8931
22.489	119.056	79145.6312
22.489	122.056	83120.7623
22.489	125.056	88294.4977
22.489	128.056	91829.7889
22.489	131.056	95225.0065
22.489	134.056	98180.2262
22.489	137.056	99526.6441
22.489	140.056	100633.1188
22.489	143.056	102118.6907
22.489	146.056	102114.4535
22.489	149.056	102400.4916
22.489	152.056	103006.4467
22.489	155.056	102810.9508
22.489	158.056	102824.72
22.489	161.056	104282.5626
22.489	164.056	103989.4455
22.489	167.056	104616.4429
22.489	170.056	106603.2583
22.489	173.056	107115.6595
22.489	176.056	107935.9249
22.489	179.056	108301.8665
22.489	182.056	108568.3144
22.489	185.056	110494.6556
22.489	188.056	110819.9823
22.489	191.056	110067.5128
22.489	194.056	109911.5112
22.489	197.056	109361.8442
22.489	200.056	109061.2734
22.489	203.056	108376.21
22.489	206.056	108480.1665
22.489	209.056	108204.5134
22.489	212.056	107408.769
22.489	215.056	106276.0092
22.489	218.056	104429.1373
22.489	221.056	103101.6376
22.489	224.056	103486.4411
22.489	227.056	101444.2042
22.489	230.056	100811.7312
22.489	233.056	97958.35
22.489	236.056	94812.2214
22.489	239.056	93381.7146
22.489	242.056	88929.8347
22.489	245.056	85213.1313
22.489	248.056	80615.1039
22.489	251.056	75877.7519
22.489	254.056	71808.5398
22.489	257.056	67057.0903
22.489	260.056	63867.2847
22.489	263.056	60636.7637
22.489	266.056	57770.1442
22.489	269.056	55989.1627
22.489	272.056	55161.9527
22.489	275.056	54371.5373
22.489	278.056	54843.6997
22.489	281.056	56933.4829
22.489	284.056	59711.2313
22.489	287.056	63152.984
22.489	290.056	68922.4709
22.489	293.056	74328.0548
22.489	296.056	81479.9884
22.489	299.056	90063.713
22.489	302.056	98807.0807
22.489	305.056	109027.3238
22.489	308.056	119803.3346
22.489	311.056	129940.5023
22.489	314.056	139974.0831
22.489	317.056	149285.6086
22.489	320.056	157136.9683
22.489	323.056	165768.5928
22.489	326.056	170311.5978
22.489	329.056	175741.3998
22.489	332.056	180834.9564
22.489	335.056	183879.0065
22.489	338.056	187728.8086
22.489	341.056	191985.1292
22.489	344.056	196125.0333
22.489	347.056	196419.623
22.489	350.056	199771.1978
22.489	353.056	200422.5797
22.489	356.056	202224.8261
22.489	359.056	202077.623
27.505	0.017	167035.8933
27.505	3.017	168701.3833
27.505	6.017	168358.6083
27.505	9.017	169260.7832
27.505	12.017	170598.1521
27.505	15.017	170711.007
27.505	18.017	169756.8022
27.505	21.017	167553.6099
27.505	24.017	167017.3766
27.505	27.017	164606.4018
27.505	30.017	162180.8372
27.505	33.017	160242.9251
27.505	36.017	157982.6196
27.505	39.017	156088.3699
27.505	42.017	152579.4337
27.505	45.017	149864.8777
27.505	48.017	145068.5544
27.505	51.017	140239.0317
27.505	54.017	132979.8704
27.505	57.017	125835.8413
27.505	60.017	117856.1699
27.505	63.017	109922.2136
27.505	66.017	102816.6187
27.505	69.017	94400.9426
27.505	72.017	86891.7382
27.505	75.017	80306.5038
27.505	78.017	74005.7084
27.505	81.017	68826.2684
27.505	84.017	64334.6421
27.505	87.017	61437.5632
27.505	90.017	59289.8777
27.505	93.017	58772.6646
27.505	96.017	59015.3237
27.505	99.017	61826.1276
27.505	102.017	64953.6191
27.505	105.017	69192.8135
27.505	108.017	75024.3478
27.505	111.017	82843.0161
27.505	114.017	90590.8603
27.505	117.017	100028.2919
27.505	120.017	110590.5255
27.505	123.017	121195.3664
27.505	126.017	132749.1445
27.505	129.017	144225.1044
27.505	132.017	155789.9927
27.505	135.017	163721.7269
27.505	138.017	172124.2259
27.505	141.017	178232.3624
27.505	144.017	182714.402
27.505	147.017	184833.4705
27.505	150.017	186920.1901
27.505	153.017	187929.8581
27.505	156.017	189629.2544
27.505	159.017	191653.5614
27.505	162.017	192795.9271
27.505	165.017	194481.7307
27.505	168.017	194543.926
27.505	171.017	194862.9791
27.505	174.017	197690.808
27.505	177.017	197892.9842
27.505	180.017	198842.686
27.505	183.017	198548.8053
27.505	186.017	200219.3883
27.505	189.017	200282.2974
27.505	192.017	201282.9091
27.505	195.017	202298.342
27.505	198.017	202530.3248
27.505	201.017	201963.8403
27.505	204.017	201666.0921
27.505	207.017	199843.4191
27.505	210.017	198187.6218
27.505	213.017	194205.0291
27.505	216.017	190239.0721
27.505	219.017	186121.9871
27.505	222.017	182130.1
27.505	225.017	176192.2905
27.505	228.017	171096.2643
27.505	231.017	164158.064
27.505	234.017	155707.1323
27.505	237.017	146017.19
27.505	240.017	136072.3556
27.505	243.017	125832.0955
27.505	246.017	115857.3321
27.505	249.017	105276.5019
27.505	252.017	97549.2412
27.505	255.017	88413.8144
27.505	258.017	80814.7916
27.505	261.017	74432.5154
27.505	264.017	68813.259
27.505	267.017	64253.8463
27.505	270.017	61903.3734
27.505	273.017	60259.7857
27.505	276.017	58689.1899
27.505	279.017	59465.3653
27.505	282.017	62214.262
27.505	285.017	65038.9296
27.505	288.017	70124.5765
27.505	291.017	75458.1208
27.505	294.017	82655.0985
27.505	297.017	89105.1887
27.505	300.017	97707.9745
27.505	303.017	106645.5729
27.505	306.017	115829.61
27.505	309.017	124985.8718
27.505	312.017	133020.8246
27.505	315.017	141700.9878
27.505	318.017	147579.8286
27.505	321.017	152004.8429
27.505	324.017	155568.7929
27.505	327.017	157090.184
27.505	330.017	159273.6897
27.505	333.017	160676.6754
27.505	336.017	162076.703
27.505	339.017	162019.3869
27.505	342.017	163421.07
27.505	345.017	163892.1138
27.505	348.017	164884.4001
27.505	351.017	165608.3982
27.505	354.017	166175.5245
27.505	357.017	167023.1951
29.994	1.788	97292.0681
29.994	4.788	97827.7404
29.994	7.788	98673.4284
29.994	10.788	98186.7512
29.994	13.788	98893.1399
29.994	16.788	98055.512
29.994	19.788	97863.2197
29.994	22.788	96471.2491
29.994	25.788	95652.3639
29.994	28.788	94775.6819
29.994	31.788	93176.3752
29.994	34.788	93234.9469
29.994	37.788	91806.4775
29.994	40.788	92423.2944
29.994	43.788	91243.3999
29.994	46.788	90454.0437
29.994	49.788	90330.7024
29.994	52.788	88247.0475
29.994	55.788	86235.8165
29.994	58.788	83279.9461
29.994	61.788	80809.148
29.994	64.788	77502.7876
29.994	67.788	74714.224
29.994	70.788	71594.5643
29.994	73.788	68093.0467
29.994	76.788	64691.6313
29.994	79.788	61873.4923
29.994	82.788	59677.7755
29.994	85.788	57438.7569
29.994	88.788	55667.0586
29.994	91.788	55554.5331
29.994	94.788	56180.2364
29.994	97.788	57053.196
29.994	100.788	59202.326
29.994	103.788	63625.554
29.994	106.788	68056.8331
29.994	109.788	74207.8196
29.994	112.788	80799.1243
29.994	115.788	88471.216
29.994	118.788	97286.5622
29.994	121.788	106631.1534
29.994	124.788	116895.4327
29.994	127.788	126225.4997
29.994	130.788	135862.738
29.994	133.788	145603.7763
29.994	136.788	152796.1653
29.994	139.788	158881.6019
29.994	142.788	163493.0497
29.994	145.788	167033.2877
29.994	148.788	168436.2984
29.994	151.788	171646.2143
29.994	154.788	174431.7013
29.994	157.788	178054.0699
29.994	160.788	181206.1502
29.994	163.788	184610.8816
29.994	166.788	186169.2351
29.994	169.788	189021.9303
29.994	172.788	190892.763
29.994	175.788	191541.7408
29.994	178.788	192952.6165
29.994	181.788	195300.8726
29.994	184.788	197322.6642
29.994	187.788	197609.3385
29.994	190.788	198944.9508
29.994	193.788	201022.6812
29.994	196.788	203734.9801
29.994	199.788	204143.2533
29.994	202.788	203602.6861
29.994	205.788	202184.1548
29.994	208.788	198102.7528
29.994	211.788	195846.9334
29.994	214.788	189939.8244
29.994	217.788	186160.9805
29.994	220.788	178823.0269
29.994	223.788	173270.6389
29.994	226.788	166537.3414
29.994	229.788	158209.0562
29.994	232.788	147843.1472
29.994	235.788	137958.0177
29.994	238.788	129013.9728
29.994	241.788	118484.4084
29.994	244.788	108494.1543
29.994	247.788	97759.4588
29.994	250.788	89531.9404
29.994	253.788	81287.5738
29.994	256.788	74473.4014
29.994	259.788	68803.0545
29.994	262.788	64656.1878
29.994	265.788	60116.5922
29.994	268.788	57026.9705
29.994	271.788	55606.1614
29.994	274.788	54565.2088
29.994	277.788	54816.3439
29.994	280.788	55886.619
29.994	283.788	58217.4615
29.994	286.788	61185.5498
29.994	289.788	64387.1204
29.994	292.788	68114.8086
29.994	295.788	71355.2665
29.994	298.788	75823.7107
29.994	301.788	79904.4653
29.994	304.788	84096.5292
29.994	307.788	86992.3434
29.994	310.788	89554.4103
29.994	313.788	92144.3666
29.994	316.788	93142.8386
29.994	319.788	94446.4063
29.994	322.788	94431.7058
29.994	325.788	94307.8582
29.994	328.788	93321.2774
29.994	331.788	92644.808
29.994	334.788	92452.9333
29.994	337.788	92363.0823
29.994	340.788	93328.1082
29.994	343.788	93043.9878
29.994	346.788	93299.8575
29.994	349.788	94366.0701
29.994	352.788	95628.4479
29.994	355.788	96413.8831
29.994	358.788	96588.8437
32.488	0.966	46150.3345
32.488	3.966	46091.4546
32.488	6.966	46385.3055
32.488	9.966	45976.5977
32.488	12.966	45698.3132
32.488	15.966	45220.2978
32.488	18.966	44793.7303
32.488	21.966	43932.6807
32.488	24.966	43038.0945
32.488	27.966	42036.4548
32.488	30.966	41942.7669
32.488	33.966	42166.9065
32.488	36.966	41586.6228
32.488	39.966	42171.9921
32.488	42.966	42202.5301
32.488	45.966	43278.643
32.488	48.966	43886.5642
32.488	51.966	45368.2004
32.488	54.966	46214.1956
32.488	57.966	48015.6988
32.488	60.966	47888.2316
32.488	63.966	48903.3528
32.488	66.966	49610.657
32.488	69.966	49525.2494
32.488	72.966	49547.1394
32.488	75.966	49490.4231
32.488	78.966	49099.8469
32.488	81.966	48645.7391
32.488	84.966	48550.3886
32.488	87.966	47522.0641
32.488	90.966	47905.695
32.488	93.966	48203.9508
32.488	96.966	48420.5558
32.488	99.966	49956.4982
32.488	102.966	52317.291
32.488	105.966	53841.7604
32.488	108.966	57602.3635
32.488	111.966	60639.5191
32.488	114.966	64873.2954
32.488	117.966	69075.2046
32.488	120.966	73535.9972
32.488	123.966	78857.717
32.488	126.966	84047.1427
32.488	129.966	88421.6119
32.488	132.966	93190.6352
32.488	135.966	96697.8983
32.488	138.966	99473.2671
32.488	141.966	101601.5877
32.488	144.966	104548.5051
32.488	147.966	106396.9223
32.488	150.966	107691.7681
32.488	153.966	109675.0884
32.488	156.966	112394.1051
32.488	159.966	113911.3234
32.488	162.966	115774.9171
32.488	165.966	117709.2715
32.488	168.966	119633.6915
32.488	171.966	121360.1458
32.488	174.966	122100.7909
32.488	177.966	122290.0559
32.488	180.966	123670.0191
32.488	183.966	123489.4003
32.488	186.966	124104.6849
32.488	189.966	124995.9796
32.488	192.966	125841.8849
32.488	195.966	126801.1538
32.488	198.966	126547.967
32.488	201.966	126987.4968
32.488	204.966	126104.333
32.488	207.966	123693.9098
32.488	210.966	121838.1623
32.488	213.966	119015.6145
32.488	216.966	114395.2614
32.488	219.966	111950.956
32.488	222.966	106799.7668
32.488	225.966	103382.2609
32.488	228.966	100310.8128
32.488	231.966	95595.5122
32.488	234.966	91577.0361
32.488	237.966	86724.2227
32.488	240.966	81586.3587
32.488	243.966	77494.7432
32.488	246.966	72733.7892
32.488	249.966	68284.8354
32.488	252.966	63834.3023
32.488	255.966	60535.6734
32.488	258.966	56986.4755
32.488	261.966	53601.7194
32.488	264.966	51283.1237
32.488	267.966	49339.1646
32.488	270.966	47704.0089
32.488	273.966	47552.7887
32.488	276.966	47468.9091
32.488	279.966	47679.2351
32.488	282.966	48358.2278
32.488	285.966	49390.4464
32.488	288.966	50162.3218
32.488	291.966	51382.3247
32.488	294.966	51803.3633
32.488	297.966	52174.259
32.488	300.966	52821.2501
32.488	303.966	53009.2734
32.488	306.966	52290.7911
32.488	309.966	51708.7273
32.488	312.966	51033.5835
32.488	315.966	49717.3558
32.488	318.966	48511.5989
32.488	321.966	47619.9415
32.488	324.966	46173.656
32.488	327.966	44965.97
32.488	330.966	44742.6647
32.488	333.966	43961.1188
32.488	336.966	43267.6517
32.488	339.966	43903.7385
32.488	342.966	43802.5058
32.488	345.966	43943.4314
32.488	348.966	44454.8041
32.488	351.966	44839.7146
32.488	354.966	46044.8549
32.488	357.966	45890.3604
37.503	1.9	17253.6581
37.503	4.9	16961.0575
37.503	7.9	17222.4225
37.503	10.9	17064.6875
37.503	13.9	16640.6738
37.503	16.9	17031.0607
37.503	19.9	16880.5555
37.503	22.9	16512.4072
37.503	25.9	16544.4501
37.503	28.9	16623.7985
37.503	31.9	16287.8835
37.503	34.9	16028.4685
37.503	37.9	16587.4012
37.503	40.9	16518.1735
37.503	43.9	16413.4934
37.503	46.9	17034.9085
37.503	49.9	17768.636
37.503	52.9	19135.2063
37.503	55.9	19687.6471
37.503	58.9	21076.2609
37.503	61.9	22363.69
37.503	64.9	24289.562
37.503	67.9	25362.4429
37.503	70.9	27040.9247
37.503	73.9	28391.4062
37.503	76.9	29810.3227
37.503	79.9	30811.707
37.503	82.9	31823.3637
37.503	85.9	32392.1417
37.503	88.9	33006.6324
37.503	91.9	33548.3717
37.503	94.9	34011.2019
37.503	97.9	34768.3924
37.503	100.9	35113.7623
37.503	103.9	34864.1959
37.503	106.9	35487.156
37.503	109.9	35081.0585
37.503	112.9	35546.6171
37.503	115.9	35242.1049
37.503	118.9	34572.0217
37.503	121.9	34666.5882
37.503	124.9	34037.687
37.503	127.9	33748.2201
37.503	130.9	32894.3068
37.503	133.9	32576.8518
37.503	136.9	31754.0189
37.503	139.9	31486.8259
37.503	142.9	31044.5224
37.503	145.9	31177.4365
37.503	148.9	31575.1756
37.503	151.9	31708.6703
37.503	154.9	32400.9289
37.503	157.9	33335.2369
37.503	160.9	33831.6439
37.503	163.9	35327.9056
37.503	166.9	36490.7766
37.503	169.9	37249.875
37.503	172.9	37786.2965
37.503	175.9	38606.0861
37.503	178.9	38973.4867
37.503	181.9	39013.9704
37.503	184.9	39417.4439
37.503	187.9	39366.3283
37.503	190.9	39531.0385
37.503	193.9	39517.7904
37.503	196.9	39385.5267
37.503	199.9	39015.4085
37.503	202.9	38547.792
37.503	205.9	37478.9515
37.503	208.9	36576.2559
37.503	211.9	36030.9162
37.503	214.9	35250.0833
37.503	217.9	34156.8973
37.503	220.9	33282.2621
37.503	223.9	32844.3789
37.503	226.9	32147.8591
37.503	229.9	31990.8018
37.503	232.9	32014.0992
37.503	235.9	32659.1271
37.503	238.9	33162.5183
37.503	241.9	32965.7304
37.503	244.9	33516.0333
37.503	247.9	33962.6144
37.503	250.9	34024.5382
37.503	253.9	33800.5916
37.503	256.9	34462.5538
37.503	259.9	34562.1522
37.503	262.9	34495.1074
37.503	265.9	34565.6934
37.503	268.9	34136.3961
37.503	271.9	34068.3418
37.503	274.9	34076.0263
37.503	277.9	34124.8614
37.503	280.9	33584.2533
37.503	283.9	33116.6449
37.503	286.9	32311.1654
37.503	289.9	31769.5368
37.503	292.9	30569.6435
37.503	295.9	29400.1024
37.503	298.9	28062.7668
37.503	301.9	26552.1985
37.503	304.9	25409.7455
37.503	307.9	23656.2868
37.503	310.9	22186.5174
37.503	313.9	20714.7299
37.503	316.9	19404.326
37.503	319.9	18202.5741
37.503	322.9	17690.924
37.503	325.9	16975.7737
37.503	328.9	16496.8518
37.503	331.9	16200.0235
37.503	334.9	15834.1073
37.503	337.9	15973.1713
37.503	340.9	16103.1586
37.503	343.9	16441.216
37.503	346.9	16583.999
37.503	349.9	17205.9324
37.503	352.9	16898.5238
37.503	355.9	17425.0477
37.503	358.9	17119.9402
39.992	0.629	13596.5417
39.992	3.629	13395.075
39.992	6.629	14088.7825
39.992	9.629	13335.1262
39.992	12.629	13423.2567
39.992	15.629	13323.9229
39.992	18.629	12747.0364
39.992	21.629	13289.7963
39.992	24.629	12885.215
39.992	27.629	12880.986
39.992	30.629	12821.3686
39.992	33.629	13226.1313
39.992	36.629	12883.9829
39.992	39.629	12962.8506
39.992	42.629	13158.2746
39.992	45.629	13510.6843
39.992	48.629	13711.1112
39.992	51.629	14357.9703
39.992	54.629	14673.0424
39.992	57.629	15675.3472
39.992	60.629	16463.4836
39.992	63.629	17501.5402
39.992	66.629	18469.4803
39.992	69.629	19785.1262
39.992	72.629	20735.2221
39.992	75.629	22105.4003
39.992	78.629	23441.5695
39.992	81.629	24449.8633
39.992	84.629	25301.9816
39.992	87.629	26060.5732
39.992	90.629	26650.896
39.992	93.629	26944.9438
39.992	96.629	27438.3681
39.992	99.629	27132.8938
39.992	102.629	27194.6684
39.992	105.629	26551.3029
39.992	108.629	26148.3923
39.992	111.629	25328.1539
39.992	114.629	24377.5024
39.992	117.629	23352.8485
39.992	120.629	22518.437
39.992	123.629	21646.7428
39.992	126.629	20687.7091
39.992	129.629	19470.2178
39.992	132.629	18880.7513
39.992	135.629	18221.458
39.992	138.629	17669.4779
39.992	141.629	17086.7519
39.992	144.629	17219.2111
39.992	147.629	16641.8552
39.992	150.629	16905.8923
39.992	153.629	17261.2956
39.992	156.629	17257.4867
39.992	159.629	17785.1607
39.992	162.629	18015.1
39.992	165.629	18306.0916
39.992	168.629	18474.1283
39.992	171.629	18894.9108
39.992	174.629	19512.645
39.992	177.629	19768.3526
39.992	180.629	19867.178
39.992	183.629	19480.5267
39.992	186.629	20136.3937
39.992	189.629	19899.7053
39.992	192.629	19709.0853
39.992	195.629	19930.4089
39.992	198.629	19543.8866
39.992	201.629	19604.0518
39.992	204.629	19131.5749
39.992	207.629	18436.1119
39.992	210.629	18232.6865
39.992	213.629	18037.5238
39.992	216.629	17413.9105
39.992	219.629	17284.3207
39.992	222.629	17242.1093
39.992	225.629	17387.7453
39.992	228.629	17750.6889
39.992	231.629	17804.8388
39.992	234.629	18664.7037
39.992	237.629	19301.9826
39.992	240.629	19731.631
39.992	243.629	20774.18
39.992	246.629	21663.4443
39.992	249.629	22677.1388
39.992	252.629	23680.5186
39.992	255.629	24803.8697
39.992	258.629	25636.38
39.992	261.629	26286.9978
39.992	264.629	26838.1005
39.992	267.629	27229.5377
39.992	270.629	27508.0648
39.992	273.629	27404.9803
39.992	276.629	27501.7177
39.992	279.629	26955.8414
39.992	282.629	26336.2899
39.992	285.629	26162.4755
39.992	288.629	24796.956
39.992	291.629	23577.2147
39.992	294.629	22294.8688
39.992	297.629	21416.9769
39.992	300.629	20069.5328
39.992	303.629	18673.4414
39.992	306.629	17472.4017
39.992	309.629	16482.9748
39.992	312.629	15555.6772
39.992	315.629	14601.0857
39.992	318.629	14147.939
39.992	321.629	13648.2396
39.992	324.629	13022.0801
39.992	327.629	13100.8583
39.992	330.629	12463.1305
39.992	333.629	13049.8003
39.992	336.629	12649.0488
39.992	339.629	12731.7271
39.992	342.629	12852.0742
39.992	345.629	12814.5876
39.992	348.629	12906.4895
39.992	351.629	13292.4546
39.992	354.629	13269.8978
39.992	357.629	13387.7837
42.486	2.817	12557.4083
42.486	5.817	12425.4715
42.486	8.817	12419.2853
42.486	11.817	12528.6545
42.486	14.817	12673.5419
42.486	17.817	12210.4918
42.486	20.817	12222.9363
42.486	23.817	12376.4596
42.486	26.817	12621.9887
42.486	29.817	12444.9261
42.486	32.817	12547.9771
42.486	35.817	12780.6354
42.486	38.817	12994.4265
42.486	41.817	13231.1997
42.486	44.817	13546.9823
42.486	47.817	13490.6919
42.486	50.817	13904.9275
42.486	53.817	14264.4849
42.486	56.817	14393.3928
42.486	59.817	14878.6767
42.486	62.817	15288.1747
42.486	65.817	16224.8887
42.486	68.817	16541.0688
42.486	71.817	17270.9976
42.486	74.817	18092.1887
42.486	77.817	19035.5043
42.486	80.817	19557.4578
42.486	83.817	20604.2021
42.486	86.817	20985.6571
42.486	89.817	21271.6126
42.486	92.817	21676.1502
42.486	95.817	22155.0905
42.486	98.817	22265.3798
42.486	101.817	22010.4674
42.486	104.817	20985.9665
42.486	107.817	20641.6653
42.486	110.817	20293.1658
42.486	113.817	19352.8784
42.486	116.817	18748.354
42.486	119.817	17440.1765
42.486	122.817	16866.3821
42.486	125.817	16108.866
42.486	128.817	15426.5247
42.486	131.817	14542.9605
42.486	134.817	14415.6929
42.486	137.817	13638.852
42.486	140.817	12964.7468
42.486	143.817	12976.5078
42.486	146.817	12547.6858
42.486	149.817	12582.5219
42.486	152.817	12679.677
42.486	155.817	12504.0833
42.486	158.817	12320.0505
42.486	161.817	12552.6501
42.486	164.817	12940.2958
42.486	167.817	13010.4321
42.486	170.817	13010.8697
42.486	173.817	13210.0551
42.486	176.817	13464.1799
42.486	179.817	13496.2807
42.486	182.817	13435.3806
42.486	185.817	13742.9697
42.486	188.817	13672.5115
42.486	191.817	13943.6599
42.486	194.817	13807.3271
42.486	197.817	13778.6807
42.486	200.817	13315.9614
42.486	203.817	13425.0666
42.486	206.817	13146.0015
42.486	209.817	13190.1601
42.486	212.817	12631.7974
42.486	215.817	12879.0591
42.486	218.817	12778.6333
42.486	221.817	12522.4614
42.486	224.817	12589.2376
42.486	227.817	13378.08
42.486	230.817	13447.6152
42.486	233.817	13991.761
42.486	236.817	14260.4914
42.486	239.817	14631.024
42.486	242.817	15506.6838
42.486	245.817	16028.6887
42.486	248.817	17196.3214
42.486	251.817	17812.7407
42.486	254.817	18642.8828
42.486	257.817	19937.701
42.486	260.817	20621.5878
42.486	263.817	21058.3673
42.486	266.817	22078.9158
42.486	269.817	22147.3839
42.486	272.817	22277.5344
42.486	275.817	22510.4149
42.486	278.817	21533.3316
42.486	281.817	21966.3408
42.486	284.817	21242.8056
42.486	287.817	20197.9149
42.486	290.817	19627.0813
42.486	293.817	18844.0703
42.486	296.817	17435.2354
42.486	299.817	16950.9314
42.486	302.817	15961.3273
42.486	305.817	15619.6175
42.486	308.817	14941.4021
42.486	311.817	14440.9722
42.486	314.817	13510.3002
42.486	317.817	13443.0197
42.486	320.817	13082.6874
42.486	323.817	12823.6274
42.486	326.817	12482.4353
42.486	329.817	12419.5288
42.486	332.817	12220.8356
42.486	335.817	12364.2904
42.486	338.817	12138.3028
42.486	341.817	11677.6323
42.486	344.817	12105.8072
42.486	347.817	12042.1237
42.486	350.817	12290.6976
42.486	353.817	12260.065
42.486	356.817	12395.7181
42.486	359.817	12567.3565
47.501	0.709	12548.5364
47.501	3.709	12193.7263
47.501	6.709	12699.1463
47.501	9.709	12481.6437
47.501	12.709	12888.2135
47.501	15.709	13084.7072
47.501	18.709	13116.5762
47.501	21.709	13597.9287
47.501	24.709	14395.7201
47.501	27.709	14868.0456
47.501	30.709	15464.4451
47.501	33.709	16076.4142
47.501	36.709	16358.6603
47.501	39.709	17331.9961
47.501	42.709	17714.666
47.501	45.709	19427.6598
47.501	48.709	19481.4034
47.501	51.709	20579.1602
47.501	54.709	21688.1471
47.501	57.709	20412.5316
47.501	60.709	21050.2173
47.501	63.709	21937.5901
47.501	66.709	19871.0743
47.501	69.709	20124.202
47.501	72.709	20201.2531
47.501	75.709	19622.225
47.501	78.709	20403.2479
47.501	81.709	19336.0456
47.501	84.709	19582.2311
47.501	87.709	19848.8076
47.501	90.709	20006.4099
47.501	93.709	19924.4995
47.501	96.709	19672.7497
47.501	99.709	19433.6752
47.501	102.709	19713.6495
47.501	105.709	19477.4678
47.501	108.709	19077.8404
47.501	111.709	18711.3671
47.501	114.709	18136.2331
47.501	117.709	18060.4195
47.501	120.709	17288.5683
47.501	123.709	17155.3761
47.501	126.709	16842.268
47.501	129.709	15724.3801
47.501	132.709	15314.7766
47.501	135.709	14920.312
47.501	138.709	14248.2253
47.501	141.709	14007.6819
47.501	144.709	13760.9679
47.501	147.709	13131.0267
47.501	150.709	13033.9194
47.501	153.709	12965.9506
47.501	156.709	13101.4504
47.501	159.709	12479.4601
47.501	162.709	12261.683
47.501	165.709	12231.5124
47.501	168.709	12125.5961
47.501	171.709	12175.498
47.501	174.709	12343.4739
47.501	177.709	12396.386
47.501	180.709	12386.5299
47.501	183.709	12757.3258
47.501	186.709	12650.1854
47.501	189.709	12534.6986
47.501	192.709	12476.8964
47.501	195.709	12589.2998
47.501	198.709	12479.2222
47.501	201.709	12144.3397
47.501	204.709	12889.0383
47.501	207.709	12630.9032
47.501	210.709	13111.0424
47.501	213.709	13062.2667
47.501	216.709	12969.3597
47.501	219.709	13451.9968
47.501	222.709	13519.7774
47.501	225.709	13901.1894
47.501	228.709	14652.0857
47.501	231.709	14644.3263
47.501	234.709	15045.0204
47.501	237.709	15572.3986
47.501	240.709	16286.7937
47.501	243.709	15969.5316
47.501	246.709	17071.3621
47.501	249.709	17297.7174
47.501	252.709	17481.0832
47.501	255.709	18205.6893
47.501	258.709	18333.5094
47.501	261.709	18969.4495
47.501	264.709	19582.6943
47.501	267.709	19612.1312
47.501	270.709	19903.4254
47.501	273.709	19324.9831
47.501	276.709	20064.2424
47.501	279.709	20196.3834
47.501	282.709	19548.4599
47.501	285.709	19331.5682
47.501	288.709	19238.5303
47.501	291.709	19091.2023
47.501	294.709	18898.3756
47.501	297.709	18690.9494
47.501	300.709	18950.4052
47.501	303.709	18941.1876
47.501	306.709	19310.3415
47.501	309.709	19375.4372
47.501	312.709	18867.4753
47.501	315.709	19701.4224
47.501	318.709	19582.6447
47.501	321.709	18268.2608
47.501	324.709	17366.3474
47.501	327.709	16879.4002
47.501	330.709	16175.8475
47.501	333.709	15676.3727
47.501	336.709	15164.0344
47.501	339.709	14676.0648
47.501	342.709	13638.7472
47.501	345.709	13308.3819
47.501	348.709	12938.9537
47.501	351.709	12843.2078
47.501	354.709	12531.512
47.501	357.709	12403.3028
49.989	2.367	12886.1339
49.989	5.367	12688.4693
49.989	8.367	12946.0157
49.989	11.367	13256.1078
49.989	14.367	13513.1125
49.989	17.367	14168.7522
49.989	20.367	14873.2753
49.989	23.367	15899.7865
49.989	26.367	17175.2337
49.989	29.367	17948.8215
49.989	32.367	19698.9043
49.989	35.367	21283.1438
49.989	38.367	23156.4316
49.989	41.367	24539.6797
49.989	44.367	27265.4895
49.989	47.367	28638.2284
49.989	50.367	29819.8513
49.989	53.367	31011.9411
49.989	56.367	32464.7603
49.989	59.367	32613.5755
49.989	62.367	32732.449
49.989	65.367	32193.9101
49.989	68.367	31342.1276
49.989	71.367	30758.7248
49.989	74.367	29575.3618
49.989	77.367	28429.0803
49.989	80.367	26972.2876
49.989	83.367	26373.7822
49.989	86.367	26007.6017
49.989	89.367	25645.1658
49.989	92.367	25197.3236
49.989	95.367	25006.4214
49.989	98.367	24919.7868
49.989	101.367	24970.406
49.989	104.367	24522.7918
49.989	107.367	24484.5289
49.989	110.367	24435.0045
49.989	113.367	24288.8794
49.989	116.367	24275.6089
49.989	119.367	24153.6882
49.989	122.367	23717.0565
49.989	125.367	22954.1535
49.989	128.367	22588.2799
49.989	131.367	21517.6852
49.989	134.367	20456.6143
49.989	137.367	20039.9443
49.989	140.367	18720.6067
49.989	143.367	17872.0671
49.989	146.367	17427.2436
49.989	149.367	16288.3993
49.989	152.367	15972.5004
49.989	155.367	14979.8631
49.989	158.367	14605.7744
49.989	161.367	14113.5051
49.989	164.367	13879.1001
49.989	167.367	13916.5725
49.989	170.367	13452.8169
49.989	173.367	13361.1954
49.989	176.367	13131.6353
49.989	179.367	13304.2998
49.989	182.367	13189.9978
49.989	185.367	13264.2524
49.989	188.367	13292.9993
49.989	191.367	13269.8132
49.989	194.367	13309.9912
49.989	197.367	13235.4766
49.989	200.367	13731.3139
49.989	203.367	14031.6278
49.989	206.367	14103.4524
49.989	209.367	14433.7144
49.989	212.367	15203.3707
49.989	215.367	15931.7387
49.989	218.367	16343.5486
49.989	221.367	17113.7058
49.989	224.367	18170.3954
49.989	227.367	18562.9158
49.989	230.367	19546.5077
49.989	233.367	20092.8937
49.989	236.367	20999.0401
49.989	239.367	21913.8959
49.989	242.367	22597.5113
49.989	245.367	23176.7008
49.989	248.367	23380.7271
49.989	251.367	23115.169
49.989	254.367	23446.6627
49.989	257.367	23588.7289
49.989	260.367	23671.1769
49.989	263.367	23801.9245
49.989	266.367	23593.4259
49.989	269.367	23236.5831
49.989	272.367	23677.1838
49.989	275.367	23489.5375
49.989	278.367	23808.8238
49.989	281.367	24455.7283
49.989	284.367	24728.1255
49.989	287.367	25228.3791
49.989	290.367	25956.6284
49.989	293.367	26639.4056
49.989	296.367	27667.6834
49.989	299.367	28573.0626
49.989	302.367	29275.5554
49.989	305.367	30150.2652
49.989	308.367	29795.4967
49.989	311.367	30014.2247
49.989	314.367	29509.066
49.989	317.367	28608.4849
49.989	320.367	27526.7678
49.989	323.367	26000.9572
49.989	326.367	24596.4494
49.989	329.367	22914.6574
49.989	332.367	21046.2488
49.989	335.367	19262.9661
49.989	338.367	18271.6131
49.989	341.367	16714.2356
49.989	344.367	15811.8073
49.989	347.367	14867.7981
49.989	350.367	14082.4999
49.989	353.367	13537.0506
49.989	356.367	13292.629
49.989	359.367	12734.6936
52.483	1.568	13689.4304
52.483	4.568	13869.3389
52.483	7.568	13966.0972
52.483	10.568	14277.0121
52.483	13.568	14860.7036
52.483	16.568	15296.3684
52.483	19.568	16758.2453
52.483	22.568	17805.2922
52.483	25.568	19766.9574
52.483	28.568	21550.7642
52.483	31.568	24186.8486
52.483	34.568	26596.5434
52.483	37.568	30289.1801
52.483	40.568	33966.4814
52.483	43.568	37686.6601
52.483	46.568	41759.654
52.483	49.568	46122.9216
52.483	52.568	50015.4839
52.483	55.568	53452.2071
52.483	58.568	56930.9872
52.483	61.568	58931.8
52.483	64.568	59962.3245
52.483	67.568	60930.9215
52.483	70.568	59840.5867
52.483	73.568	59364.4593
52.483	76.568	57382.4162
52.483	79.568	55496.8257
52.483	82.568	52882.5152
52.483	85.568	50531.2452
52.483	88.568	48369.5057
52.483	91.568	46127.2411
52.483	94.568	45436.9346
52.483	97.568	44177.5909
52.483	100.568	43280.9679
52.483	103.568	43210.3287
52.483	106.568	42951.9909
52.483	109.568	41965.4764
52.483	112.568	41732.0964
52.483	115.568	41107.3937
52.483	118.568	39869.1176
52.483	121.568	39035.8022
52.483	124.568	37758.9044
52.483	127.568	35896.1107
52.483	130.568	33707.8845
52.483	133.568	31656.8393
52.483	136.568	30005.1664
52.483	139.568	27467.3091
52.483	142.568	25628.8195
52.483	145.568	23766.7752
52.483	148.568	22072.4789
52.483	151.568	20404.5006
52.483	154.568	18835.4539
52.483	157.568	17832.8301
52.483	160.568	17039.5655
52.483	163.568	16097.8566
52.483	166.568	15509.3203
52.483	169.568	14655.0665
52.483	172.568	14507.7435
52.483	175.568	13892.266
52.483	178.568	13817.8117
52.483	181.568	13477.1283
52.483	184.568	13562.3471
52.483	187.568	13842.649
52.483	190.568	13463.5337
52.483	193.568	13664.2832
52.483	196.568	14263.615
52.483	199.568	14526.7644
52.483	202.568	14890.8703
52.483	205.568	15764.3003
52.483	208.568	16739.3999
52.483	211.568	17547.9947
52.483	214.568	19068.0392
52.483	217.568	20023.5497
52.483	220.568	21793.4492
52.483	223.568	23630.3259
52.483	226.568	25635.676
52.483	229.568	27389.4172
52.483	232.568	29619.4606
52.483	235.568	31409.5494
52.483	238.568	33612.5784
52.483	241.568	35211.6202
52.483	244.568	36699.0115
52.483	247.568	37957.1757
52.483	250.568	38716.5993
52.483	253.568	39637.2319
52.483	256.568	39685.6969
52.483	259.568	39938.9206
52.483	262.568	39732.4738
52.483	265.568	39925.5366
52.483	268.568	40213.6183
52.483	271.568	39837.7599
52.483	274.568	40669.2408
52.483	277.568	41039.7429
52.483	280.568	41882.8127
52.483	283.568	43628.472
52.483	286.568	45735.4781
52.483	289.568	48457.5977
52.483	292.568	50024.0057
52.483	295.568	51796.3246
52.483	298.568	54039.9449
52.483	301.568	54554.6331
52.483	304.568	55074.0347
52.483	307.568	54817.7876
52.483	310.568	53405.8962
52.483	313.568	51467.0262
52.483	316.568	49024.0292
52.483	319.568	46180.4397
52.483	322.568	42090.5115
52.483	325.568	38507.2603
52.483	328.568	34790.9864
52.483	331.568	30916.7123
52.483	334.568	27683.3922
52.483	337.568	24967.4431
52.483	340.568	22375.8759
52.483	343.568	19871.9799
52.483	346.568	17996.6525
52.483	349.568	17045.7216
52.483	352.568	15500.2211
52.483	355.568	14849.657
52.483	358.568	14308.6212
57.498	2.376	19465.1111
57.498	5.376	19580.6546
57.498	8.376	20608.2312
57.498	11.376	20333.2862
57.498	14.376	20593.4534
57.498	17.376	22521.1265
57.498	20.376	25166.1326
57.498	23.376	27726.3796
57.498	26.376	30191.8022
57.498	29.376	34731.1758
57.498	32.376	38236.7854
57.498	35.376	44373.6142
57.498	38.376	52147.7201
57.498	41.376	58622.0675
57.498	44.376	69052.6035
57.498	47.376	80465.7286
57.498	50.376	90459.6002
57.498	53.376	103000.3209
57.498	56.376	116691.3097
57.498	59.376	131727.3446
57.498	62.376	143948.8398
57.498	65.376	161061.4201
57.498	68.376	174963.4165
57.498	71.376	185145.9269
57.498	74.376	195874.3959
57.498	77.376	200011.4928
57.498	80.376	204566.718
57.498	83.376	202232.9184
57.498	86.376	201289.1871
57.498	89.376	194364.6919
57.498	92.376	190629.8381
57.498	95.376	184355.1602
57.498	98.376	175514.182
57.498	101.376	169322.4048
57.498	104.376	159759.007
57.498	107.376	150107.7541
57.498	110.376	141108.7486
57.498	113.376	130722.3707
57.498	116.376	120536.0768
57.498	119.376	108816.1999
57.498	122.376	101195.4968
57.498	125.376	93128.6304
57.498	128.376	81659.4451
57.498	131.376	73934.3904
57.498	134.376	65893.8213
57.498	137.376	59140.778
57.498	140.376	52113.2618
57.498	143.376	46761.8531
57.498	146.376	41228.612
57.498	149.376	33861.8547
57.498	152.376	30996.8494
57.498	155.376	27470.6899
57.498	158.376	25535.7231
57.498	161.376	22840.0877
57.498	164.376	21657.6057
57.498	167.376	19013.9534
57.498	170.376	19009.5947
57.498	173.376	16949.2089
57.498	176.376	16806.2819
57.498	179.376	16949.6216
57.498	182.376	15527.4573
57.498	185.376	15737.0248
57.498	188.376	15302.0182
57.498	191.376	15237.3728
57.498	194.376	16327.1775
57.498	197.376	17481.9096
57.498	200.376	17931.4884
57.498	203.376	20159.2719
57.498	206.376	20697.7295
57.498	209.376	22823.4435
57.498	212.376	25320.0821
57.498	215.376	28789.8943
57.498	218.376	31708.8475
57.498	221.376	35764.6527
57.498	224.376	41004.3772
57.498	227.376	46238.6171
57.498	230.376	53467.6017
57.498	233.376	60340.6515
57.498	236.376	69983.6801
57.498	239.376	74573.8751
57.498	242.376	83842.0399
57.498	245.376	92585.6438
57.498	248.376	102846.1957
57.498	251.376	110062.8448
57.498	254.376	118149.9787
57.498	257.376	132672.8003
57.498	260.376	139742.8324
57.498	263.376	145149.7309
57.498	266.376	153001.7707
57.498	269.376	156981.6177
57.498	272.376	160548.5018
57.498	275.376	168539.7649
57.498	278.376	171296.2177
57.498	281.376	175629.2952
57.498	284.376	177334.6617
57.498	287.376	181867.7818
57.498	290.376	179321.6272
57.498	293.376	177606.1782
57.498	296.376	171709.257
57.498	299.376	162628.1686
57.498	302.376	155678.6442
57.498	305.376	143582.6974
57.498	308.376	132833.753
57.498	311.376	120432.1748
57.498	314.376	109100.1138
57.498	317.376	97635.6296
57.498	320.376	86636.4818
57.498	323.376	76025.7606
57.498	326.376	66392.8991
57.498	329.376	58821.7809
57.498	332.376	49502.9668
57.498	335.376	43872.223
57.498	338.376	39383.9921
57.498	341.376	33978.4203
57.498	344.376	29578.5542
57.498	347.376	26259.9668
57.498	350.376	23540.4136
57.498	353.376	22115.6372
57.498	356.376	20990.4052
57.498	359.376	20017.4516
59.983	0.901	25254.1356
59.983	3.901	24827.8554
59.983	6.901	24790.0391
59.983	9.901	25782.4525
59.983	12.901	26376.4534
59.983	15.901	28160.0812
59.983	18.901	30023.8758
59.983	21.901	33133.8633
59.983	24.901	37177.6287
59.983	27.901	41560.1319
59.983	30.901	46685.7655
59.983	33.901	53116.9471
59.983	36.901	61263.9193
59.983	39.901	70565.0463
59.983	42.901	82336.3984
59.983	45.901	94689.1086
59.983	48.901	109455.1969
59.983	51.901	125457.7835
59.983	54.901	143333.7767
59.983	57.901	162263.2455
59.983	60.901	181760.0353
59.983	63.901	203565.0719
59.983	66.901	224251.2457
59.983	69.901	244188.2341
59.983	72.901	261054.0412
59.983	75.901	275189.3053
59.983	78.901	286192.7067
59.983	81.901	291366.4357
59.983	84.901	294290.5553
59.983	87.901	293277.3584
59.983	90.901	289688.0657
59.983	93.901	282868.0172
59.983	96.901	273554.4416
59.983	99.901	262235.2192
59.983	102.901	250412.6511
59.983	105.901	235241.013
59.983	108.901	217520.8232
59.983	111.901	201306.7561
59.983	114.901	184034.5597
59.983	117.901	166292.9211
59.983	120.901	151372.8576
59.983	123.901	135174.2967
59.983	126.901	120308.4071
59.983	129.901	106546.8807
59.983	132.901	93378.7364
59.983	135.901	83572.5315
59.983	138.901	72417.464
59.983	141.901	63507.0194
59.983	144.901	55345.1943
59.983	147.901	48585.8405
59.983	150.901	43144.4183
59.983	153.901	37396.5336
59.983	156.901	33535.0749
59.983	159.901	29824.3779
59.983	162.901	27134.8174
59.983	165.901	24758.1913
59.983	168.901	22728.2141
59.983	171.901	21173.2678
59.983	174.901	20144.783
59.983	177.901	19614.8007
59.983	180.901	18815.6835
59.983	183.901	18856.2067
59.983	186.901	18710.4775
59.983	189.901	18728.4495
59.983	192.901	19484.3397
59.983	195.901	20418.5959
59.983	198.901	21622.8165
59.983	201.901	23755.4215
59.983	204.901	25795.9869
59.983	207.901	28782.0453
59.983	210.901	32468.9474
59.983	213.901	36233.3246
59.983	216.901	41751.5624
59.983	219.901	47219.0263
59.983	222.901	54247.1423
59.983	225.901	62060.8702
59.983	228.901	71529.2488
59.983	231.901	81512.8407
59.983	234.901	92662.8022
59.983	237.901	106304.9876
59.983	240.901	119777.1678
59.983	243.901	134795.4403
59.983	246.901	150469.055
59.983	249.901	167311.4652
59.983	252.901	184239.9688
59.983	255.901	202139.2602
59.983	258.901	218651.9946
59.983	261.901	234832.0074
59.983	264.901	247112.4161
59.983	267.901	260174.6162
59.983	270.901	270309.7576
59.983	273.901	277329.1059
59.983	276.901	281679.7068
59.983	279.901	284461.3538
59.983	282.901	283436.8965
59.983	285.901	279948.1058
59.983	288.901	273912.6781
59.983	291.901	263666.0119
59.983	294.901	250026.5999
59.983	297.901	237005.4796
59.983	300.901	220057.9901
59.983	303.901	200496.453
59.983	306.901	182760.2292
59.983	309.901	163662.653
59.983	312.901	146903.415
59.983	315.901	129772.41
59.983	318.901	114801.1533
59.983	321.901	100473.092
59.983	324.901	87240.3991
59.983	327.901	75913.4987
59.983	330.901	66060.5927
59.983	333.901	57703.4435
59.983	336.901	50159.1257
59.983	339.901	44557.9475
59.983	342.901	39270.8622
59.983	345.901	35053.0945
59.983	348.901	31836.0156
59.983	351.901	29313.4778
59.983	354.901	26959.5209
59.983	357.901	26273.6037
62.479	0.112	32007.2995
62.479	3.112	31305.571
62.479	6.112	31054.2231
62.479	9.112	31785.3429
62.479	12.112	31827.4268
62.479	15.112	33653.1892
62.479	18.112	35511.0109
62.479	21.112	38284.7261
62.479	24.112	41647.0148
62.479	27.112	45196.0885
62.479	30.112	50186.8713
62.479	33.112	55769.9669
62.479	36.112	62213.6522
62.479	39.112	69421.0168
62.479	42.112	78560.0597
62.479	45.112	89015.0659
62.479	48.112	99849.6642
62.479	51.112	113059.34
62.479	54.112	127003.2228
62.479	57.112	142230.7814
62.479	60.112	159422.6534
62.479	63.112	176321.9524
62.479	66.112	194349.7425
62.479	69.112	211900.0694
62.479	72.112	229146.8515
62.479	75.112	243356.1072
62.479	78.112	256797.141
62.479	81.112	268349.3782
62.479	84.112	276251.9106
62.479	87.112	281655.6192
62.479	90.112	283948.6382
62.479	93.112	282778.3281
62.479	96.112	282947.4067
62.479	99.112	276883.8092
62.479	102.112	270427.5719
62.479	105.112	258838.4071
62.479	108.112	244871.3541
62.479	111.112	230420.633
62.479	114.112	214037.514
62.479	117.112	197276.3424
62.479	120.112	179955.8461
62.479	123.112	162588.5764
62.479	126.112	146562.1802
62.479	129.112	132058.9784
62.479	132.112	117921.3315
62.479	135.112	105187.4812
62.479	138.112	93589.1115
62.479	141.112	82293.9251
62.479	144.112	72466.9644
62.479	147.112	64137.9037
62.479	150.112	56940.6412
62.479	153.112	50638.8552
62.479	156.112	45203.114
62.479	159.112	40446.6562
62.479	162.112	36265.2279
62.479	165.112	32614.0643
62.479	168.112	30782.5324
62.479	171.112	28466.2152
62.479	174.112	26394.5511
62.479	177.112	24803.9513
62.479	180.112	24172.4947
62.479	183.112	23831.8044
62.479	186.112	23745.9297
62.479	189.112	23742.1027
62.479	192.112	24034.4917
62.479	195.112	24841.6159
62.479	198.112	26937.1316
62.479	201.112	28960.4168
62.479	204.112	31386.4913
62.479	207.112	34847.0508
62.479	210.112	38688.2439
62.479	213.112	43247.3995
62.479	216.112	48768.8107
62.479	219.112	54617.072
62.479	222.112	62580.9028
62.479	225.112	70426.4208
62.479	228.112	80458.5339
62.479	231.112	91730.9281
62.479	234.112	104149.9562
62.479	237.112	117499.1917
62.479	240.112	133790.3661
62.479	243.112	149678.1311
62.479	246.112	167888.9626
62.479	249.112	186093.4983
62.479	252.112	205053.2577
62.479	255.112	224058.1094
62.479	258.112	242670.5357
62.479	261.112	260606.3712
62.479	264.112	276282.9389
62.479	267.112	288258.9239
62.479	270.112	297730.0808
62.479	273.112	303702.3028
62.479	276.112	305036.2042
62.479	279.112	303818.0136
62.479	282.112	298410.4047
62.479	285.112	289135.9184
62.479	288.112	279022.0432
62.479	291.112	266257.0571
62.479	294.112	251085.8694
62.479	297.112	233741.137
62.479	300.112	216494.2795
62.479	303.112	198861.1424
62.479	306.112	181300.3124
62.479	309.112	163361.068
62.479	312.112	148148.7063
62.479	315.112	132718.2996
62.479	318.112	118588.0884
62.479	321.112	106450.1104
62.479	324.112	93885.1232
62.479	327.112	84217.3194
62.479	330.112	75290.7574
62.479	333.112	66954.5082
62.479	336.112	59714.218
62.479	339.112	53379.2499
62.479	342.112	47850.3128
62.479	345.112	43918.8703
62.479	348.112	40370.1123
62.479	351.112	37140.1076
62.479	354.112	34891.672
62.479	357.112	33317.2447
67.492	0.721	38416.8869
67.492	3.721	37795.7329
67.492	6.721	38827.833
67.492	9.721	38964.4838
67.492	12.721	40412.9545
67.492	15.721	39817.9599
67.492	18.721	41212.8733
67.492	21.721	42411.3878
67.492	24.721	43892.0778
67.492	27.721	45218.8077
67.492	30.721	47680.7297
67.492	33.721	49541.7156
67.492	36.721	52728.7774
67.492	39.721	55611.455
67.492	42.721	59193.9952
67.492	45.721	62223.157
67.492	48.721	65723.3963
67.492	51.721	68352.9215
67.492	54.721	73612.1887
67.492	57.721	76927.5884
67.492	60.721	79753.9301
67.492	63.721	82865.5731
67.492	66.721	86991.1126
67.492	69.721	90220.8491
67.492	72.721	93470.6337
67.492	75.721	96118.9255
67.492	78.721	99210.003
67.492	81.721	102701.91
67.492	84.721	104957.0916
67.492	87.721	108604.5689
67.492	90.721	112624.088
67.492	93.721	116156.4538
67.492	96.721	118976.0903
67.492	99.721	121630.069
67.492	102.721	124055.9865
67.492	105.721	125099.0527
67.492	108.721	123956.3427
67.492	111.721	122819.508
67.492	114.721	119258.9206
67.492	117.721	116423.1327
67.492	120.721	111962.8994
67.492	123.721	106316.2128
67.492	126.721	101554.5602
67.492	129.721	95373.0315
67.492	132.721	89243.1075
67.492	135.721	84236.6699
67.492	138.721	78318.0731
67.492	141.721	73118.1462
67.492	144.721	67303.7095
67.492	147.721	62454.9075
67.492	150.721	57818.4741
67.492	153.721	53645.9713
67.492	156.721	50363.001
67.492	159.721	46279.4233
67.492	162.721	44943.5466
67.492	165.721	41107.5805
67.492	168.721	39999.2982
67.492	171.721	37888.6061
67.492	174.721	36069.7697
67.492	177.721	35863.3513
67.492	180.721	34473.6365
67.492	183.721	34780.0222
67.492	186.721	35165.6153
67.492	189.721	35047.4481
67.492	192.721	36433.3396
67.492	195.721	39062.6583
67.492	198.721	39470.3485
67.492	201.721	41082.6695
67.492	204.721	43791.4611
67.492	207.721	45809.262
67.492	210.721	48624.8035
67.492	213.721	52995.6533
67.492	216.721	56612.6931
67.492	219.721	62038.6099
67.492	222.721	67291.5095
67.492	225.721	71931.0402
67.492	228.721	78460.3856
67.492	231.721	85581.0689
67.492	234.721	91431.3615
67.492	237.721	99217.8708
67.492	240.721	106012.6406
67.492	243.721	112784.2586
67.492	246.721	119865.7871
67.492	249.721	126340.9847
67.492	252.721	133113.3945
67.492	255.721	138012.4173
67.492	258.721	141541.2929
67.492	261.721	146227.2613
67.492	264.721	147704.0789
67.492	267.721	146947.5497
67.492	270.721	146084.1398
67.492	273.721	142104.4333
67.492	276.721	138292.5779
67.492	279.721	132989.8302
67.492	282.721	127608.2093
67.492	285.721	121834.7742
67.492	288.721	116008.5538
67.492	291.721	111042.5926
67.492	294.721	104402.4423
67.492	297.721	99896.906
67.492	300.721	94789.1745
67.492	303.721	89995.4548
67.492	306.721	85595.0105
67.492	309.721	81407.3843
67.492	312.721	77575.7921
67.492	315.721	73430.6618
67.492	318.721	69083.8535
67.492	321.721	65561.911
67.492	324.721	62075.6772
67.492	327.721	58530.2559
67.492	330.721	55565.5981
67.492	333.721	52705.4177
67.492	336.721	48909.2966
67.492	339.721	46885.04
67.492	342.721	44663.0473
67.492	345.721	44196.568
67.492	348.721	41646.7905
67.492	351.721	39892.9916
67.492	354.721	39977.3138
67.492	357.721	39085.5162
69.974	1.933	35982.7284
69.974	4.933	36528.1794
69.974	7.933	36520.3798
69.974	10.933	36818.4137
69.974	13.933	37227.6365
69.974	16.933	37222.5789
69.974	19.933	37664.2937
69.974	22.933	38196.5297
69.974	25.933	37920.3677
69.974	28.933	38349.2105
69.974	31.933	38599.2771
69.974	34.933	39047.8141
69.974	37.933	39330.7922
69.974	40.933	39924.9491
69.974	43.933	39699.8393
69.974	46.933	40010.0821
69.974	49.933	40624.7783
69.974	52.933	40670.7501
69.974	55.933	41136.9987
69.974	58.933	41405.4869
69.974	61.933	41264.6111
69.974	64.933	41012.7512
69.974	67.933	41009.5382
69.974	70.933	41462.3702
69.974	73.933	41154.9754
69.974	76.933	41486.0244
69.974	79.933	42098.6502
69.974	82.933	42942.7678
69.974	85.933	43332.1606
69.974	88.933	44423.4686
69.974	91.933	45179.2756
69.974	94.933	47454.6625
69.974	97.933	49433.8825
69.974	100.933	51822.3957
69.974	103.933	53707.4386
69.974	106.933	54979.7317
69.974	109.933	56787.1493
69.974	112.933	58381.8575
69.974	115.933	59679.6915
69.974	118.933	60166.6932
69.974	121.933	59874.7803
69.974	124.933	59834.5201
69.974	127.933	59254.6567
69.974	130.933	59153.1765
69.974	133.933	58103.0135
69.974	136.933	56780.284
69.974	139.933	54634.8839
69.974	142.933	52928.9315
69.974	145.933	51452.1819
69.974	148.933	49696.011
69.974	151.933	47812.5269
69.974	154.933	46783.4467
69.974	157.933	44510.5399
69.974	160.933	43183.5463
69.974	163.933	41688.0378
69.974	166.933	40478.2979
69.974	169.933	39155.4356
69.974	172.933	38240.3281
69.974	175.933	37764.1985
69.974	178.933	37404.2976
69.974	181.933	37831.3442
69.974	184.933	37092.6313
69.974	187.933	37848.1523
69.974	190.933	38154.6843
69.974	193.933	38968.9212
69.974	196.933	40585.293
69.974	199.933	41422.1684
69.974	202.933	43615.0659
69.974	205.933	44798.1912
69.974	208.933	45888.7492
69.974	211.933	48395.0763
69.974	214.933	50106.1675
69.974	217.933	51572.3256
69.974	220.933	54630.0875
69.974	223.933	56924.976
69.974	226.933	58540.2554
69.974	229.933	60369.7777
69.974	232.933	62062.6987
69.974	235.933	63625.6573
69.974	238.933	65995.3821
69.974	241.933	65984.9537
69.974	244.933	67067.9818
69.974	247.933	67160.0312
69.974	250.933	66664.0875
69.974	253.933	66653.7871
69.974	256.933	65733.785
69.974	259.933	64300.101
69.974	262.933	62242.8247
69.974	265.933	60616.2145
69.974	268.933	58972.1304
69.974	271.933	56509.315
69.974	274.933	53999.391
69.974	277.933	52329.4269
69.974	280.933	50249.7584
69.974	283.933	48375.7816
69.974	286.933	47518.7514
69.974	289.933	46005.3788
69.974	292.933	44585.1208
69.974	295.933	44716.6418
69.974	298.933	43205.1911
69.974	301.933	43167.0792
69.974	304.933	42913.5215
69.974	307.933	42489.3561
69.974	310.933	41862.9663
69.974	313.933	41770.9908
69.974	316.933	41389.9109
69.974	319.933	40897.9654
69.974	322.933	40634.7624
69.974	325.933	40227.908
69.974	328.933	39552.8656
69.974	331.933	39168.2986
69.974	334.933	39240.9832
69.974	337.933	38333.7876
69.974	340.933	37684.559
69.974	343.933	37309.8724
69.974	346.933	37049.418
69.974	349.933	36502.8529
69.974	352.933	36863.9176
69.974	355.933	36833.2463
69.974	358.933	36177.9562
72.471	1.103	30601.3467
72.471	4.103	30789.3334
72.471	7.103	30496.3047
72.471	10.103	31146.5498
72.471	13.103	31283.5094
72.471	16.103	30788.9407
72.471	19.103	30495.5977
72.471	22.103	29998.8559
72.471	25.103	29875.7749
72.471	28.103	29393.4084
72.471	31.103	29218.3649
72.471	34.103	28430.7273
72.471	37.103	27906.8006
72.471	40.103	28013.4343
72.471	43.103	26878.1029
72.471	46.103	26049.2224
72.471	49.103	25691.2269
72.471	52.103	24897.301
72.471	55.103	24277.0239
72.471	58.103	24344.6865
72.471	61.103	23415.2027
72.471	64.103	22695.066
72.471	67.103	22645.721
72.471	70.103	22575.5359
72.471	73.103	22015.7187
72.471	76.103	21903.9895
72.471	79.103	22302.5965
72.471	82.103	21962.954
72.471	85.103	22223.1082
72.471	88.103	21943.8921
72.471	91.103	22564.6485
72.471	94.103	23275.1897
72.471	97.103	24361.9346
72.471	100.103	24420.8348
72.471	103.103	25372.11
72.471	106.103	26066.9949
72.471	109.103	27325.9456
72.471	112.103	28438.9431
72.471	115.103	29645.8982
72.471	118.103	30958.863
72.471	121.103	31608.9773
72.471	124.103	32898.5006
72.471	127.103	33924.0091
72.471	130.103	34237.8846
72.471	133.103	35432.8282
72.471	136.103	35633.9626
72.471	139.103	36380.3236
72.471	142.103	37228.6998
72.471	145.103	37256.1218
72.471	148.103	37564.2926
72.471	151.103	37350.013
72.471	154.103	37503.0738
72.471	157.103	37073.4287
72.471	160.103	37320.229
72.471	163.103	37069.1261
72.471	166.103	36634.4412
72.471	169.103	36778.0753
72.471	172.103	36260.5669
72.471	175.103	36754.7108
72.471	178.103	36169.5898
72.471	181.103	35986.4834
72.471	184.103	36606.181
72.471	187.103	36251.0054
72.471	190.103	37046.2761
72.471	193.103	36944.6789
72.471	196.103	37734.4667
72.471	199.103	38052.4662
72.471	202.103	39011.2903
72.471	205.103	39073.7041
72.471	208.103	39389.0631
72.471	211.103	39987.3971
72.471	214.103	40505.4838
72.471	217.103	40499.9476
72.471	220.103	40613.6078
72.471	223.103	40579.3723
72.471	226.103	40238.2309
72.471	229.103	40135.9687
72.471	232.103	39683.174
72.471	235.103	39193.3194
72.471	238.103	38386.9502
72.471	241.103	37705.5667
72.471	244.103	36914.1422
72.471	247.103	35899.8779
72.471	250.103	34845.3063
72.471	253.103	33312.6822
72.471	256.103	32590.2365
72.471	259.103	30801.3563
72.471	262.103	29841.9394
72.471	265.103	28733.8616
72.471	268.103	27882.0329
72.471	271.103	26825.8903
72.471	274.103	25725.2584
72.471	277.103	24903.8386
72.471	280.103	24571.7222
72.471	283.103	24230.6419
72.471	286.103	24063.5333
72.471	289.103	24408.6752
72.471	292.103	22941.0016
72.471	295.103	22818.3368
72.471	298.103	23265.895
72.471	301.103	23475.0564
72.471	304.103	23881.7304
72.471	307.103	23894.1062
72.471	310.103	23932.932
72.471	313.103	24547.2597
72.471	316.103	25058.6378
72.471	319.103	25248.995
72.471	322.103	25707.6587
72.471	325.103	26141.9044
72.471	328.103	26781.526
72.471	331.103	27583.4271
72.471	334.103	27882.8959
72.471	337.103	28253.2717
72.471	340.103	28662.711
72.471	343.103	29248.9895
72.471	346.103	29361.9796
72.471	349.103	30017.043
72.471	352.103	30122.8917
72.471	355.103	30150.496
72.471	358.103	30452.5484
77.478	0.974	22476.1167
77.478	3.974	22417.0587
77.478	6.974	23420.0945
77.478	9.974	22639.2634
77.478	12.974	22001.2634
77.478	15.974	23174.9054
77.478	18.974	22078.5092
77.478	21.974	22342.4243
77.478	24.974	22942.5939
77.478	27.974	21985.7627
77.478	30.974	20767.9684
77.478	33.974	20114.2044
77.478	36.974	19821.757
77.478	39.974	19320.5979
77.478	42.974	19762.6009
77.478	45.974	19626.1968
77.478	48.974	18570.99
77.478	51.974	18288.7837
77.478	54.974	18257.7059
77.478	57.974	18023.0222
77.478	60.974	17674.8793
77.478	63.974	17748.973
77.478	66.974	17389.2693
77.478	69.974	15978.79
77.478	72.974	16678.8528
77.478	75.974	16862.1262
77.478	78.974	16904.5951
77.478	81.974	17463.2512
77.478	84.974	16167.304
77.478	87.974	17112.8885
77.478	90.974	17201.3117
77.478	93.974	17209.4709
77.478	96.974	17129.4332
77.478	99.974	16735.4502
77.478	102.974	17510.031
77.478	105.974	17722.9507
77.478	108.974	17600.4421
77.478	111.974	18372.453
77.478	114.974	18177.4884
77.478	117.974	18891.2414
77.478	120.974	18804.5224
77.478	123.974	19413.5925
77.478	126.974	20672.9334
77.478	129.974	20319.7636
77.478	132.974	21280.4368
77.478	135.974	20988.0425
77.478	138.974	21501.5395
77.478	141.974	23613.1401
77.478	144.974	23598.1752
77.478	147.974	25033.5043
77.478	150.974	25442.7336
77.478	153.974	26158.5195
77.478	156.974	25663.669
77.478	159.974	27383.3841
77.478	162.974	28073.047
77.478	165.974	28966.3135
77.478	168.974	28421.4892
77.478	171.974	29439.2789
77.478	174.974	29280.0344
77.478	177.974	29966.6793
77.478	180.974	30138.8459
77.478	183.974	30632.6844
77.478	186.974	30781.9263
77.478	189.974	31041.7837
77.478	192.974	30416.0964
77.478	195.974	30085.0853
77.478	198.974	31348.6039
77.478	201.974	31819.8579
77.478	204.974	31275.9076
77.478	207.974	29466.5864
77.478	210.974	29911.2879
77.478	213.974	29708.6202
77.478	216.974	28341.4711
77.478	219.974	27207.95
77.478	222.974	26513.818
77.478	225.974	25268.7488
77.478	228.974	25184.9382
77.478	231.974	23768.5078
77.478	234.974	23191.8119
77.478	237.974	21885.2239
77.478	240.974	21731.6603
77.478	243.974	20613.1525
77.478	246.974	20794.9483
77.478	249.974	19621.2077
77.478	252.974	19636.4181
77.478	255.974	19138.6981
77.478	258.974	18623.8655
77.478	261.974	17956.3399
77.478	264.974	18124.8816
77.478	267.974	18314.784
77.478	270.974	18415.8773
77.478	273.974	17534.9439
77.478	276.974	18059.429
77.478	279.974	18018.4421
77.478	282.974	17447.373
77.478	285.974	17801.314
77.478	288.974	17734.6404
77.478	291.974	17634.911
77.478	294.974	17505.3783
77.478	297.974	18120.3385
77.478	300.974	17183.9811
77.478	303.974	18315.5062
77.478	306.974	17852.6336
77.478	309.974	18528.6264
77.478	312.974	18234.7406
77.478	315.974	18277.3697
77.478	318.974	18180.4418
77.478	321.974	18184.6599
77.478	324.974	18320.7751
77.478	327.974	19862.5529
77.478	330.974	19932.2026
77.478	333.974	19592.5086
77.478	336.974	19239.3716
77.478	339.974	20056.6248
77.478	342.974	20583.3286
77.478	345.974	21122.9651
77.478	348.974	20186.0412
77.478	351.974	20395.4445
77.478	354.974	21941.4557
77.478	357.974	21979.6283
79.946	0.975	17390.5205
79.946	3.975	17326.0546
79.946	6.975	17831.6199
79.946	9.975	17745.7809
79.946	12.975	17252.2527
79.946	15.975	17215.1704
79.946	18.975	17999.141
79.946	21.975	17148.0303
79.946	24.975	17766.6326
79.946	27.975	17579.1839
79.946	30.975	17190.4588
79.946	33.975	16498.958
79.946	36.975	17152.6712
79.946	39.975	16561.667
79.946	42.975	16556.1062
79.946	45.975	17064.9481
79.946	48.975	15866.0101
79.946	51.975	16664.4397
79.946	54.975	16526.9392
79.946	57.975	16821.9534
79.946	60.975	16821.2256
79.946	63.975	17044.8054
79.946	66.975	16904.1574
79.946	69.975	17507.5419
79.946	72.975	16139.9588
79.946	75.975	17586.7221
79.946	78.975	16756.9573
79.946	81.975	16368.0273
79.946	84.975	16264.0321
79.946	87.975	16574.8951
79.946	90.975	15410.4818
79.946	93.975	16945.6132
79.946	96.975	16819.0154
79.946	99.975	17202.9445
79.946	102.975	16219.3089
79.946	105.975	16130.1979
79.946	108.975	15847.8001
79.946	111.975	16203.8437
79.946	114.975	17073.1864
79.946	117.975	17223.1043
79.946	120.975	16690.6483
79.946	123.975	16392.1138
79.946	126.975	16951.9936
79.946	129.975	16902.3137
79.946	132.975	16903.9899
79.946	135.975	17534.9771
79.946	138.975	17673.3585
79.946	141.975	18063.3286
79.946	144.975	18497.8416
79.946	147.975	18818.7774
79.946	150.975	19507.2523
79.946	153.975	19941.047
79.946	156.975	20077.3434
79.946	159.975	20663.0669
79.946	162.975	20981.7578
79.946	165.975	21244.6873
79.946	168.975	21714.1433
79.946	171.975	21776.5114
79.946	174.975	21764.4939
79.946	177.975	22263.7208
79.946	180.975	22400.3723
79.946	183.975	22724.3406
79.946	186.975	22947.0725
79.946	189.975	23124.0287
79.946	192.975	23244.9782
79.946	195.975	23217.6096
79.946	198.975	22907.673
79.946	201.975	22758.8713
79.946	204.975	22815.0661
79.946	207.975	22074.6667
79.946	210.975	21756.8351
79.946	213.975	21354.4809
79.946	216.975	21075.4558
79.946	219.975	20624.8704
79.946	222.975	19846.472
79.946	225.975	19155.0282
79.946	228.975	18611.8372
79.946	231.975	18112.009
79.946	234.975	17761.0209
79.946	237.975	16731.191
79.946	240.975	16587.7159
79.946	243.975	16149.9427
79.946	246.975	15677.1187
79.946	249.975	15978.2464
79.946	252.975	15782.2387
79.946	255.975	15925.2763
79.946	258.975	15916.2575
79.946	261.975	14435.912
79.946	264.975	15380.2005
79.946	267.975	15792.7862
79.946	270.975	15458.2687
79.946	273.975	16129.633
79.946	276.975	16263.44
79.946	279.975	16246.6802
79.946	282.975	16201.2968
79.946	285.975	17044.0668
79.946	288.975	16681.0288
79.946	291.975	16481.9663
79.946	294.975	17412.7909
79.946	297.975	17276.7621
79.946	300.975	17319.4447
79.946	303.975	17120.5645
79.946	306.975	17649.8195
79.946	309.975	17699.2218
79.946	312.975	17400.7679
79.946	315.975	17156.1717
79.946	318.975	16914.4843
79.946	321.975	17133.6992
79.946	324.975	17155.7045
79.946	327.975	16124.5956
79.946	330.975	16206.1308
79.946	333.975	17186.1238
79.946	336.975	16920.5571
79.946	339.975	16581.8934
79.946	342.975	17466.3868
79.946	345.975	17149.1174
79.946	348.975	17076.4689
79.946	351.975	17145.3818
79.946	354.975	17319.899
79.946	357.975	17418.3707
82.442	3	18395.045
82.442	6	18658.1034
82.442	9	18228.25145
82.442	12	18594.62415
82.442	15	18932.82875
82.442	18	18997.64305
82.442	21	19576.62115
82.442	24	19477.5347
82.442	27	18763.04055
82.442	30	19874.4698
82.442	33	19316.46025
82.442	36	19365.5057
82.442	39	19737.92365
82.442	42	19811.14145
82.442	45	20165.2637
82.442	48	19766.9414
82.442	51	19535.5354
82.442	54	20115.81015
82.442	57	20395.0721
82.442	60	19603.79245
82.442	63	20355.9338
82.442	66	20057.46095
82.442	69	20677.9765
82.442	72	20433.05225
82.442	75	19447.0695
82.442	78	20336.22415
82.442	81	20180.67395
82.442	84	18937.8679
82.442	87	19751.3708
82.442	90	20338.61475
82.442	93	19491.63015
82.442	96	19684.11215
82.442	99	18847.52635
82.442	102	19105.02725
82.442	105	18641.45085
82.442	108	18200.81585
82.442	111	18653.11035
82.442	114	17906.67585
82.442	117	18347.5681
82.442	120	17666.74095
82.442	123	17180.75505
82.442	126	17831.0327
82.442	129	18025.229
82.442	132	17179.32055
82.442	135	17848.572
82.442	138	17716.4665
82.442	141	17545.08245
82.442	144	18400.34815
82.442	147	18148.90975
82.442	150	18414.151
82.442	153	18494.2392
82.442	156	17864.4656
82.442	159	18293.6965
82.442	162	17887.64745
82.442	165	17916.96655
82.442	168	18271.28705
82.442	171	18081.3482
82.442	174	18023.82325
82.442	177	17923.7124
82.442	180	18286.84045
82.442	183	18162.4981
82.442	186	17741.68175
82.442	189	17732.02435
82.442	192	18386.1391
82.442	195	18503.3795
82.442	198	18630.10325
82.442	201	18586.5631
82.442	204	18277.70415
82.442	207	18093.92785
82.442	210	18269.3271
82.442	213	17550.93655
82.442	216	17872.50555
82.442	219	17657.7336
82.442	222	18093.64005
82.442	225	18347.2534
82.442	228	16825.82355
82.442	231	17362.91065
82.442	234	17286.5189
82.442	237	16946.22495
82.442	240	16640.4346
82.442	243	16882.1259
82.442	246	16994.9098
82.442	249	17303.9316
82.442	252	17734.9853
82.442	255	17159.2768
82.442	258	17208.55505
82.442	261	17481.87795
82.442	264	17240.5175
82.442	267	17850.0561
82.442	270	17719.5176
82.442	273	18191.87395
82.442	276	18886.53945
82.442	279	19029.52255
82.442	282	18871.3695
82.442	285	19181.9475
82.442	288	19018.57065
82.442	291	18991.21275
82.442	294	19313.0938
82.442	297	19561.5849
82.442	300	19663.88865
82.442	303	20298.5846
82.442	306	20163.08305
82.442	309	19943.14635
82.442	312	19429.5705
82.442	315	20077.4937
82.442	318	20040.1121
82.442	321	20099.52095
82.442	324	19315.08025
82.442	327	20352.6511
82.442	330	19617.33875
82.442	333	19591.7625
82.442	336	19621.5642
82.442	339	20014.4787
82.442	342	19340.0979
82.442	345	18250.0974
82.442	348	18882.3033
82.442	351	18404.20335
82.442	354	18571.3171
82.442	357	18222.7243
82.442	360	18437.6135
87.36	2.7	23550.7523
87.36	5.7	24275.8415
87.36	8.7	24204.3973
87.36	11.7	23821.3461
87.36	14.7	24644.7094
87.36	17.7	25173.5959
87.36	20.7	25028.2651
87.36	23.7	24238.2539
87.36	26.7	25684.8608
87.36	29.7	24841.1368
87.36	32.7	24924.64
87.36	35.7	25698.1727
87.36	38.7	26206.053
87.36	41.7	24397.5816
87.36	44.7	25597.2557
87.36	47.7	25614.2191
87.36	50.7	26234.2759
87.36	53.7	27418.6488
87.36	56.7	26688.8433
87.36	59.7	25987.8825
87.36	62.7	26392.5915
87.36	65.7	26487.3575
87.36	68.7	26555.0172
87.36	71.7	26257.7561
87.36	74.7	26003.4611
87.36	77.7	24623.1136
87.36	80.7	25033.6592
87.36	83.7	25108.8739
87.36	86.7	25210.635
87.36	89.7	24701.8337
87.36	92.7	24717.9619
87.36	95.7	24397.5619
87.36	98.7	24190.9915
87.36	101.7	24210.1187
87.36	104.7	23307.2911
87.36	107.7	23805.855
87.36	110.7	23326.348
87.36	113.7	23808.7255
87.36	116.7	23520.6156
87.36	119.7	23223.1023
87.36	122.7	21712.6988
87.36	125.7	21921.8884
87.36	128.7	21381.1531
87.36	131.7	21640.2143
87.36	134.7	20668.4389
87.36	137.7	21460.0006
87.36	140.7	20253.7538
87.36	143.7	20682.5321
87.36	146.7	20833.033
87.36	149.7	19226.0764
87.36	152.7	19116.8628
87.36	155.7	18759.8474
87.36	158.7	19033.4285
87.36	161.7	18877.8904
87.36	164.7	18971.2062
87.36	167.7	18813.1859
87.36	170.7	18684.2991
87.36	173.7	19600.9062
87.36	176.7	19568.3668
87.36	179.7	18985.2444
87.36	182.7	19082.5437
87.36	185.7	19967.4686
87.36	188.7	20318.3441
87.36	191.7	19323.9589
87.36	194.7	19043.1179
87.36	197.7	19648.132
87.36	200.7	20095.9625
87.36	203.7	20434.4317
87.36	206.7	19450.1491
87.36	209.7	20304.7113
87.36	212.7	19127.066
87.36	215.7	19705.6131
87.36	218.7	19352.3025
87.36	221.7	20319.3704
87.36	224.7	20705.086
87.36	227.7	20284.8552
87.36	230.7	19747.3414
87.36	233.7	20191.1434
87.36	236.7	20709.2533
87.36	239.7	20365.4863
87.36	242.7	21295.9172
87.36	245.7	21120.7389
87.36	248.7	20594.2476
87.36	251.7	20893.8455
87.36	254.7	20923.6103
87.36	257.7	21213.0757
87.36	260.7	20486.3977
87.36	263.7	19810.14
87.36	266.7	22779.6208
87.36	269.7	21892.6357
87.36	272.7	22416.226
87.36	275.7	22075.4631
87.36	278.7	21675.5326
87.36	281.7	21760.5768
87.36	284.7	21644.6666
87.36	287.7	20800.2023
87.36	290.7	22163.028
87.36	293.7	22447.5397
87.36	296.7	21932.58
87.36	299.7	21921.4967
87.36	302.7	22151.6629
87.36	305.7	22488.8524
87.36	308.7	22429.3865
87.36	311.7	22087.426
87.36	314.7	22693.5888
87.36	317.7	22787.8879
87.36	320.7	22082.2646
87.36	323.7	20884.0333
87.36	326.7	22992.2716
87.36	329.7	22116.1031
87.36	332.7	21109.233
87.36	335.7	21253.0275
87.36	338.7	21323.5292
87.36	341.7	21927.1663
87.36	344.7	21111.9027
87.36	347.7	22228.7987
87.36	350.7	21771.9481
87.36	353.7	23552.1348
87.36	356.7	23501.1426
87.36	359.7	23811.0931
88.95	3	27276.6738
88.95	6	25976.1924
88.95	9	26032.8129
88.95	12	25900.2568
88.95	15	26157.4808
88.95	18	26345.0674
88.95	21	26657.8262
88.95	24	25971.9923
88.95	27	25376.9236
88.95	30	26084.1971
88.95	33	26205.1528
88.95	36	24809.6058
88.95	39	26424.6601
88.95	42	25073.6144
88.95	45	25437.0124
88.95	48	24691.842
88.95	51	24417.5875
88.95	54	24769.9781
88.95	57	23852.5033
88.95	60	24172.7629
88.95	63	23731.677
88.95	66	23198.3492
88.95	69	23906.6889
88.95	72	23395.6901
88.95	75	22338.154
88.95	78	22135.1128
88.95	81	21230.779
88.95	84	21168.6173
88.95	87	21695.4912
88.95	90	19987.3386
88.95	93	21040.6979
88.95	96	20936.3102
88.95	99	20634.7039
88.95	102	21687.9419
88.95	105	21830.2413
88.95	108	21314.9956
88.95	111	21203.4842
88.95	114	21394.441
88.95	117	21778.6838
88.95	120	21738.7573
88.95	123	21368.0815
88.95	126	22198.9229
88.95	129	22257.8466
88.95	132	22164.7467
88.95	135	22540.8814
88.95	138	22587.0319
88.95	141	21829.5125
88.95	144	23547.9413
88.95	147	22691.9611
88.95	150	22038.9738
88.95	153	21774.9365
88.95	156	21914.8792
88.95	159	22652.5005
88.95	162	22009.9252
88.95	165	21988.6954
88.95	168	22474.4191
88.95	171	22450.2698
88.95	174	21314.9502
88.95	177	20966.2351
88.95	180	22090.642
88.95	183	21908.2118
88.95	186	20986.5073
88.95	189	22006.2953
88.95	192	21316.241
88.95	195	21889.6571
88.95	198	22058.8413
88.95	201	21613.6853
88.95	204	21370.1299
88.95	207	21334.492
88.95	210	21941.685
88.95	213	21266.8621
88.95	216	21872.8988
88.95	219	21600.0346
88.95	222	21216.4609
88.95	225	21709.2162
88.95	228	21535.0338
88.95	231	21458.6302
88.95	234	22578.7665
88.95	237	21338.9443
88.95	240	21461.1023
88.95	243	20966.5456
88.95	246	20788.9844
88.95	249	21082.5237
88.95	252	20977.3824
88.95	255	20945.9035
88.95	258	20062.2637
88.95	261	19493.0924
88.95	264	19735.3614
88.95	267	20446.8838
88.95	270	20703.659
88.95	273	19784.5924
88.95	276	20317.5821
88.95	279	20339.0652
88.95	282	20467.8814
88.95	285	20979.8265
88.95	288	21484.1109
88.95	291	22072.8006
88.95	294	23359.9517
88.95	297	21842.7621
88.95	300	23846.759
88.95	303	22828.1622
88.95	306	24850.7346
88.95	309	23574.518
88.95	312	24503.6409
88.95	315	24535.914
88.95	318	24757.8963
88.95	321	24089.3635
88.95	324	25596.6668
88.95	327	25171.9886
88.95	330	25014.409
88.95	333	25207.287
88.95	336	25985.8303
88.95	339	24935.749
88.95	342	25512.995
88.95	345	26144.2103
88.95	348	25402.5942
88.95	351	26475.05
88.95	354	26388.6212
88.95	357	25829.491
88.95	360	26158.3033
